particle,elasticity,weight,frame,x,y,z
1,0.99976,38.22127,1,-0.35404,-0.3362,0.09551
1,0.99976,38.22127,2,-0.28816,-0.36288,0.19331
1,0.99976,38.22127,3,-0.22269,-0.3894,0.27675
1,0.99976,38.22127,4,-0.15759,-0.41576,0.34596
1,0.99976,38.22127,5,-0.0976,-0.4217,0.39931
1,0.99976,38.22127,6,-0.04179,-0.41097,0.43728
1,0.99976,38.22127,7,0.01292,-0.39688,0.46133
1,0.99976,38.22127,8,0.06744,-0.38284,0.47151
1,0.99976,38.22127,9,0.12174,-0.36885,0.46789
1,0.99976,38.22127,10,0.17585,-0.35491,0.4505
1,0.99976,38.22127,11,0.22974,-0.34103,0.41941
1,0.99976,38.22127,12,0.2834,-0.32721,0.37469
1,0.99976,38.22127,13,0.33683,-0.31344,0.31639
1,0.99976,38.22127,14,0.38999,-0.29975,0.24462
1,0.99976,38.22127,15,0.4406,-0.28595,0.16001
1,0.99976,38.22127,16,0.41699,-0.2757,0.07945
1,0.99976,38.22127,17,0.37853,-0.25602,0.07777
1,0.99976,38.22127,18,0.34752,-0.23691,0.11119
1,0.99976,38.22127,19,0.31661,-0.21788,0.13072
1,0.99976,38.22127,20,0.2858,-0.19889,0.13641
1,0.99976,38.22127,21,0.25508,-0.17997,0.12831
1,0.99976,38.22127,22,0.22445,-0.1611,0.10646
1,0.99976,38.22127,23,0.19393,-0.1423,0.07091
1,0.99976,38.22127,24,0.16827,-0.12481,0.05773
1,0.99976,38.22127,25,0.14229,-0.11355,0.06614
1,0.99976,38.22127,26,0.11796,-0.10319,0.06837
1,0.99976,38.22127,27,0.09643,-0.0945,0.06987
1,0.99976,38.22127,28,0.07727,-0.08774,0.06979
1,0.99976,38.22127,29,0.05823,-0.08266,0.06432
1,0.99976,38.22127,30,0.03841,-0.07779,0.0505
1,0.99976,38.22127,31,0.02618,-0.06977,0.05792
1,0.99976,38.22127,32,0.01588,-0.06178,0.06015
1,0.99976,38.22127,33,0.00683,-0.05515,0.05665
1,0.99976,38.22127,34,-0.00172,-0.04985,0.048
1,0.99976,38.22127,35,-0.00759,-0.04336,0.05375
1,0.99976,38.22127,36,-0.01276,-0.03784,0.05111
1,0.99976,38.22127,37,-0.01628,-0.0327,0.05125
1,0.99976,38.22127,38,-0.01827,-0.02882,0.04988
1,0.99976,38.22127,39,-0.01899,-0.02723,0.04976
1,0.99976,38.22127,40,-0.019,-0.02711,0.04987
1,0.99976,38.22127,41,-0.01888,-0.02706,0.04993
1,0.99976,38.22127,42,-0.01886,-0.02704,0.04996
1,0.99976,38.22127,43,-0.01885,-0.02703,0.04997
1,0.99976,38.22127,44,-0.01885,-0.02703,0.04998
1,0.99976,38.22127,45,-0.01884,-0.02702,0.04998
1,0.99976,38.22127,46,-0.01884,-0.02702,0.04998
1,0.99976,38.22127,47,-0.01884,-0.02702,0.04998
1,0.99976,38.22127,48,-0.01884,-0.02702,0.04998
1,0.99976,38.22127,49,-0.01884,-0.02702,0.04998
1,0.99976,38.22127,50,-0.01884,-0.02702,0.04998
1,0.99976,38.22127,51,-0.01884,-0.02702,0.04998
1,0.99976,38.22127,52,-0.01884,-0.02702,0.04998
1,0.99976,38.22127,53,-0.01884,-0.02702,0.04998
1,0.99976,38.22127,54,-0.01884,-0.02702,0.04998
1,0.99976,38.22127,55,-0.01884,-0.02702,0.04998
1,0.99976,38.22127,56,-0.01884,-0.02702,0.04998
1,0.99976,38.22127,57,-0.01884,-0.02702,0.04998
1,0.99976,38.22127,58,-0.01884,-0.02702,0.04998
1,0.99976,38.22127,59,-0.01884,-0.02702,0.04998
1,0.99976,38.22127,60,-0.01884,-0.02702,0.04998
1,0.99976,38.22127,61,-0.01884,-0.02702,0.04998
2,0.97317,25.55403,1,-0.35629,-0.33641,0.09325
2,0.97317,25.55403,2,-0.29267,-0.36326,0.18754
2,0.97317,25.55403,3,-0.22943,-0.38995,0.2675
2,0.97317,25.55403,4,-0.16653,-0.41649,0.33326
2,0.97317,25.55403,5,-0.10873,-0.42283,0.38335
2,0.97317,25.55403,6,-0.05569,-0.41016,0.41803
2,0.97317,25.55403,7,-0.00431,-0.39163,0.43845
2,0.97317,25.55403,8,0.04688,-0.37317,0.44502
2,0.97317,25.55403,9,0.09789,-0.35478,0.43779
2,0.97317,25.55403,10,0.1487,-0.33645,0.41682
2,0.97317,25.55403,11,0.19932,-0.3182,0.38216
2,0.97317,25.55403,12,0.24973,-0.30003,0.33387
2,0.97317,25.55403,13,0.2999,-0.28193,0.27204
2,0.97317,25.55403,14,0.34983,-0.26393,0.19675
2,0.97317,25.55403,15,0.39949,-0.24602,0.1081
2,0.97317,25.55403,16,0.38042,-0.23939,0.08716
2,0.97317,25.55403,17,0.33803,-0.23637,0.09112
2,0.97317,25.55403,18,0.29576,-0.23337,0.0813
2,0.97317,25.55403,19,0.25531,-0.23574,0.0802
2,0.97317,25.55403,20,0.21583,-0.24077,0.07654
2,0.97317,25.55403,21,0.17491,-0.2429,0.07226
2,0.97317,25.55403,22,0.13817,-0.24213,0.08604
2,0.97317,25.55403,23,0.10154,-0.24136,0.086
2,0.97317,25.55403,24,0.06815,-0.24122,0.08494
2,0.97317,25.55403,25,0.038,-0.24225,0.08366
2,0.97317,25.55403,26,0.00917,-0.24439,0.07534
2,0.97317,25.55403,27,-0.01876,-0.24383,0.06904
2,0.97317,25.55403,28,-0.04603,-0.24055,0.06081
2,0.97317,25.55403,29,-0.06925,-0.24016,0.05909
2,0.97317,25.55403,30,-0.09023,-0.24009,0.05726
2,0.97317,25.55403,31,-0.10849,-0.23961,0.05488
2,0.97317,25.55403,32,-0.12389,-0.23903,0.05076
2,0.97317,25.55403,33,-0.13518,-0.23858,0.05027
2,0.97317,25.55403,34,-0.14342,-0.23846,0.04882
2,0.97317,25.55403,35,-0.14797,-0.23834,0.0493
2,0.97317,25.55403,36,-0.14923,-0.23832,0.04942
2,0.97317,25.55403,37,-0.14926,-0.23832,0.04972
2,0.97317,25.55403,38,-0.14927,-0.23831,0.04986
2,0.97317,25.55403,39,-0.14927,-0.23831,0.04993
2,0.97317,25.55403,40,-0.14928,-0.23831,0.04996
2,0.97317,25.55403,41,-0.14928,-0.23831,0.04997
2,0.97317,25.55403,42,-0.14928,-0.23831,0.04998
2,0.97317,25.55403,43,-0.14928,-0.23831,0.04998
2,0.97317,25.55403,44,-0.14928,-0.23831,0.04998
2,0.97317,25.55403,45,-0.14928,-0.23831,0.04998
2,0.97317,25.55403,46,-0.14928,-0.23831,0.04998
2,0.97317,25.55403,47,-0.14928,-0.2383,0.04998
2,0.97317,25.55403,48,-0.14928,-0.2383,0.04998
2,0.97317,25.55403,49,-0.14928,-0.2383,0.04998
2,0.97317,25.55403,50,-0.14928,-0.2383,0.04998
2,0.97317,25.55403,51,-0.14928,-0.2383,0.04998
2,0.97317,25.55403,52,-0.14928,-0.2383,0.04998
2,0.97317,25.55403,53,-0.14928,-0.2383,0.04998
2,0.97317,25.55403,54,-0.14928,-0.2383,0.04998
2,0.97317,25.55403,55,-0.14928,-0.2383,0.04998
2,0.97317,25.55403,56,-0.14928,-0.2383,0.04998
2,0.97317,25.55403,57,-0.14928,-0.2383,0.04998
2,0.97317,25.55403,58,-0.14928,-0.2383,0.04998
2,0.97317,25.55403,59,-0.14928,-0.2383,0.04998
2,0.97317,25.55403,60,-0.14928,-0.2383,0.04998
2,0.97317,25.55403,61,-0.14928,-0.2383,0.04998
3,0.9999,27.94193,1,-0.35403,-0.3362,0.09552
3,0.9999,27.94193,2,-0.28814,-0.36288,0.19334
3,0.9999,27.94193,3,-0.22266,-0.38939,0.2768
3,0.9999,27.94193,4,-0.15754,-0.41576,0.34603
3,0.9999,27.94193,5,-0.09754,-0.42169,0.3994
3,0.9999,27.94193,6,-0.04172,-0.41097,0.43739
3,0.9999,27.94193,7,0.01301,-0.39687,0.46145
3,0.9999,27.94193,8,0.06754,-0.38284,0.47165
3,0.9999,27.94193,9,0.12186,-0.36885,0.46804
3,0.9999,27.94193,10,0.17597,-0.35492,0.45067
3,0.9999,27.94193,11,0.22988,-0.34104,0.4196
3,0.9999,27.94193,12,0.28356,-0.32722,0.37489
3,0.9999,27.94193,13,0.33699,-0.31347,0.31662
3,0.9999,27.94193,14,0.39017,-0.29978,0.24486
3,0.9999,27.94193,15,0.44079,-0.28598,0.16026
3,0.9999,27.94193,16,0.41697,-0.27575,0.07977
3,0.9999,27.94193,17,0.37834,-0.25618,0.07789
3,0.9999,27.94193,18,0.34719,-0.23727,0.1112
3,0.9999,27.94193,19,0.31615,-0.21843,0.13061
3,0.9999,27.94193,20,0.2852,-0.19964,0.1362
3,0.9999,27.94193,21,0.25434,-0.18091,0.12799
3,0.9999,27.94193,22,0.22357,-0.16224,0.10602
3,0.9999,27.94193,23,0.19291,-0.14363,0.07036
3,0.9999,27.94193,24,0.16722,-0.12643,0.05672
3,0.9999,27.94193,25,0.14268,-0.11438,0.06633
3,0.9999,27.94193,26,0.11986,-0.1031,0.06991
3,0.9999,27.94193,27,0.09905,-0.09286,0.07013
3,0.9999,27.94193,28,0.08144,-0.08351,0.07084
3,0.9999,27.94193,29,0.06568,-0.07519,0.06902
3,0.9999,27.94193,30,0.0492,-0.06693,0.0623
3,0.9999,27.94193,31,0.03267,-0.05814,0.05067
3,0.9999,27.94193,32,0.02376,-0.04849,0.05816
3,0.9999,27.94193,33,0.01594,-0.03973,0.05788
3,0.9999,27.94193,34,0.00877,-0.03269,0.05158
3,0.9999,27.94193,35,0.00325,-0.02552,0.05276
3,0.9999,27.94193,36,-0.001,-0.01899,0.05095
3,0.9999,27.94193,37,-0.00396,-0.01303,0.05076
3,0.9999,27.94193,38,-0.00572,-0.00812,0.0492
3,0.9999,27.94193,39,-0.0058,-0.0057,0.04942
3,0.9999,27.94193,40,-0.00564,-0.00549,0.04972
3,0.9999,27.94193,41,-0.00552,-0.00555,0.04986
3,0.9999,27.94193,42,-0.00555,-0.00558,0.04993
3,0.9999,27.94193,43,-0.00557,-0.00559,0.04996
3,0.9999,27.94193,44,-0.00558,-0.0056,0.04997
3,0.9999,27.94193,45,-0.00558,-0.0056,0.04998
3,0.9999,27.94193,46,-0.00558,-0.0056,0.04998
3,0.9999,27.94193,47,-0.00559,-0.0056,0.04998
3,0.9999,27.94193,48,-0.00559,-0.00561,0.04998
3,0.9999,27.94193,49,-0.00559,-0.00561,0.04998
3,0.9999,27.94193,50,-0.00559,-0.00561,0.04998
3,0.9999,27.94193,51,-0.00559,-0.00561,0.04998
3,0.9999,27.94193,52,-0.00559,-0.00561,0.04998
3,0.9999,27.94193,53,-0.00559,-0.00561,0.04998
3,0.9999,27.94193,54,-0.00559,-0.00561,0.04998
3,0.9999,27.94193,55,-0.00559,-0.00561,0.04998
3,0.9999,27.94193,56,-0.00559,-0.00561,0.04998
3,0.9999,27.94193,57,-0.00559,-0.00561,0.04998
3,0.9999,27.94193,58,-0.00559,-0.00561,0.04998
3,0.9999,27.94193,59,-0.00559,-0.00561,0.04998
3,0.9999,27.94193,60,-0.00559,-0.00561,0.04998
3,0.9999,27.94193,61,-0.00559,-0.00561,0.04998
4,0.99922,-53.91882,1,-0.35408,-0.33621,0.09546
4,0.99922,-53.91882,2,-0.28826,-0.36289,0.19319
4,0.99922,-53.91882,3,-0.22283,-0.38941,0.27656
4,0.99922,-53.91882,4,-0.15777,-0.41578,0.3457
4,0.99922,-53.91882,5,-0.09782,-0.42172,0.39899
4,0.99922,-53.91882,6,-0.04206,-0.41101,0.4369
4,0.99922,-53.91882,7,0.0126,-0.39689,0.46089
4,0.99922,-53.91882,8,0.06707,-0.38284,0.47101
4,0.99922,-53.91882,9,0.12133,-0.36883,0.46732
4,0.99922,-53.91882,10,0.17538,-0.35488,0.44987
4,0.99922,-53.91882,11,0.22922,-0.34098,0.41873
4,0.99922,-53.91882,12,0.28284,-0.32715,0.37394
4,0.99922,-53.91882,13,0.33622,-0.31337,0.31558
4,0.99922,-53.91882,14,0.38933,-0.29966,0.24375
4,0.99922,-53.91882,15,0.43991,-0.28585,0.15907
4,0.99922,-53.91882,16,0.41707,-0.27555,0.07828
4,0.99922,-53.91882,17,0.37921,-0.25543,0.07733
4,0.99922,-53.91882,18,0.34871,-0.23561,0.11114
4,0.99922,-53.91882,19,0.31832,-0.21586,0.13106
4,0.99922,-53.91882,20,0.28801,-0.19616,0.13715
4,0.99922,-53.91882,21,0.2578,-0.17653,0.12943
4,0.99922,-53.91882,22,0.22767,-0.15696,0.10797
4,0.99922,-53.91882,23,0.19765,-0.13745,0.0728
4,0.99922,-53.91882,24,0.17572,-0.11815,0.05915
4,0.99922,-53.91882,25,0.15925,-0.10327,0.06121
4,0.99922,-53.91882,26,0.14401,-0.08961,0.05647
4,0.99922,-53.91882,27,0.13119,-0.07699,0.05204
4,0.99922,-53.91882,28,0.11848,-0.06711,0.05257
4,0.99922,-53.91882,29,0.10782,-0.05888,0.05043
4,0.99922,-53.91882,30,0.09938,-0.05357,0.04999
4,0.99922,-53.91882,31,0.09294,-0.05016,0.04846
4,0.99922,-53.91882,32,0.08897,-0.04817,0.0489
4,0.99922,-53.91882,33,0.08617,-0.04795,0.04921
4,0.99922,-53.91882,34,0.08504,-0.04785,0.04942
4,0.99922,-53.91882,35,0.08504,-0.04788,0.04972
4,0.99922,-53.91882,36,0.08506,-0.04792,0.04986
4,0.99922,-53.91882,37,0.08506,-0.04791,0.04993
4,0.99922,-53.91882,38,0.08506,-0.0479,0.04996
4,0.99922,-53.91882,39,0.08506,-0.0479,0.04997
4,0.99922,-53.91882,40,0.08506,-0.0479,0.04998
4,0.99922,-53.91882,41,0.08507,-0.0479,0.04998
4,0.99922,-53.91882,42,0.08507,-0.0479,0.04998
4,0.99922,-53.91882,43,0.08507,-0.0479,0.04998
4,0.99922,-53.91882,44,0.08507,-0.0479,0.04998
4,0.99922,-53.91882,45,0.08507,-0.0479,0.04998
4,0.99922,-53.91882,46,0.08507,-0.0479,0.04998
4,0.99922,-53.91882,47,0.08507,-0.0479,0.04998
4,0.99922,-53.91882,48,0.08507,-0.0479,0.04998
4,0.99922,-53.91882,49,0.08507,-0.0479,0.04998
4,0.99922,-53.91882,50,0.08507,-0.0479,0.04998
4,0.99922,-53.91882,51,0.08507,-0.0479,0.04998
4,0.99922,-53.91882,52,0.08507,-0.0479,0.04998
4,0.99922,-53.91882,53,0.08507,-0.0479,0.04998
4,0.99922,-53.91882,54,0.08507,-0.0479,0.04998
4,0.99922,-53.91882,55,0.08507,-0.0479,0.04998
4,0.99922,-53.91882,56,0.08507,-0.0479,0.04998
4,0.99922,-53.91882,57,0.08507,-0.0479,0.04998
4,0.99922,-53.91882,58,0.08507,-0.0479,0.04998
4,0.99922,-53.91882,59,0.08507,-0.0479,0.04998
4,0.99922,-53.91882,60,0.08507,-0.0479,0.04998
4,0.99922,-53.91882,61,0.08507,-0.0479,0.04998
5,0.99989,36.06586,1,-0.35403,-0.3362,0.09552
5,0.99989,36.06586,2,-0.28814,-0.36288,0.19334
5,0.99989,36.06586,3,-0.22266,-0.38939,0.27679
5,0.99989,36.06586,4,-0.15755,-0.41576,0.34602
5,0.99989,36.06586,5,-0.09755,-0.42169,0.39939
5,0.99989,36.06586,6,-0.04173,-0.41097,0.43737
5,0.99989,36.06586,7,0.013,-0.39687,0.46144
5,0.99989,36.06586,8,0.06752,-0.38284,0.47164
5,0.99989,36.06586,9,0.12184,-0.36885,0.46802
5,0.99989,36.06586,10,0.17596,-0.35492,0.45065
5,0.99989,36.06586,11,0.22986,-0.34104,0.41958
5,0.99989,36.06586,12,0.28354,-0.32722,0.37487
5,0.99989,36.06586,13,0.33697,-0.31346,0.31659
5,0.99989,36.06586,14,0.39015,-0.29977,0.24483
5,0.99989,36.06586,15,0.44077,-0.28598,0.16023
5,0.99989,36.06586,16,0.41697,-0.27574,0.07973
5,0.99989,36.06586,17,0.37836,-0.25616,0.07788
5,0.99989,36.06586,18,0.34723,-0.23723,0.1112
5,0.99989,36.06586,19,0.3162,-0.21836,0.13063
5,0.99989,36.06586,20,0.28527,-0.19955,0.13622
5,0.99989,36.06586,21,0.25443,-0.1808,0.12803
5,0.99989,36.06586,22,0.22368,-0.1621,0.10608
5,0.99989,36.06586,23,0.19304,-0.14346,0.07043
5,0.99989,36.06586,24,0.16735,-0.12621,0.05677
5,0.99989,36.06586,25,0.14232,-0.11452,0.0661
5,0.99989,36.06586,26,0.11892,-0.10364,0.06912
5,0.99989,36.06586,27,0.09799,-0.09379,0.07015
5,0.99989,36.06586,28,0.08,-0.08515,0.07067
5,0.99989,36.06586,29,0.06372,-0.07812,0.06896
5,0.99989,36.06586,30,0.04662,-0.07121,0.06213
5,0.99989,36.06586,31,0.02944,-0.06377,0.05038
5,0.99989,36.06586,32,0.01994,-0.05478,0.05829
5,0.99989,36.06586,33,0.01155,-0.04655,0.05809
5,0.99989,36.06586,34,0.00396,-0.04,0.05216
5,0.99989,36.06586,35,-0.00229,-0.03327,0.05236
5,0.99989,36.06586,36,-0.00722,-0.02691,0.05232
5,0.99989,36.06586,37,-0.01158,-0.0227,0.05094
5,0.99989,36.06586,38,-0.01455,-0.02025,0.04956
5,0.99989,36.06586,39,-0.01576,-0.01781,0.04962
5,0.99989,36.06586,40,-0.01604,-0.01744,0.04963
5,0.99989,36.06586,41,-0.01602,-0.01742,0.04982
5,0.99989,36.06586,42,-0.01601,-0.0174,0.04991
5,0.99989,36.06586,43,-0.01601,-0.0174,0.04995
5,0.99989,36.06586,44,-0.016,-0.0174,0.04997
5,0.99989,36.06586,45,-0.016,-0.01739,0.04998
5,0.99989,36.06586,46,-0.016,-0.01739,0.04998
5,0.99989,36.06586,47,-0.016,-0.01739,0.04998
5,0.99989,36.06586,48,-0.016,-0.01739,0.04998
5,0.99989,36.06586,49,-0.016,-0.01739,0.04998
5,0.99989,36.06586,50,-0.016,-0.01739,0.04998
5,0.99989,36.06586,51,-0.016,-0.01739,0.04998
5,0.99989,36.06586,52,-0.016,-0.01739,0.04998
5,0.99989,36.06586,53,-0.016,-0.01739,0.04998
5,0.99989,36.06586,54,-0.016,-0.01739,0.04998
5,0.99989,36.06586,55,-0.016,-0.01739,0.04998
5,0.99989,36.06586,56,-0.016,-0.01739,0.04998
5,0.99989,36.06586,57,-0.016,-0.01739,0.04998
5,0.99989,36.06586,58,-0.016,-0.01739,0.04998
5,0.99989,36.06586,59,-0.016,-0.01739,0.04998
5,0.99989,36.06586,60,-0.016,-0.01739,0.04998
5,0.99989,36.06586,61,-0.016,-0.01739,0.04998
6,0.99989,36.06586,1,-0.35403,-0.3362,0.09552
6,0.99989,36.06586,2,-0.28814,-0.36288,0.19334
6,0.99989,36.06586,3,-0.22266,-0.38939,0.27679
6,0.99989,36.06586,4,-0.15755,-0.41576,0.34602
6,0.99989,36.06586,5,-0.09755,-0.42169,0.39939
6,0.99989,36.06586,6,-0.04173,-0.41097,0.43737
6,0.99989,36.06586,7,0.013,-0.39687,0.46144
6,0.99989,36.06586,8,0.06752,-0.38284,0.47164
6,0.99989,36.06586,9,0.12184,-0.36885,0.46802
6,0.99989,36.06586,10,0.17596,-0.35492,0.45065
6,0.99989,36.06586,11,0.22986,-0.34104,0.41958
6,0.99989,36.06586,12,0.28354,-0.32722,0.37487
6,0.99989,36.06586,13,0.33697,-0.31346,0.31659
6,0.99989,36.06586,14,0.39015,-0.29977,0.24483
6,0.99989,36.06586,15,0.44077,-0.28598,0.16023
6,0.99989,36.06586,16,0.41697,-0.27574,0.07973
6,0.99989,36.06586,17,0.37836,-0.25616,0.07788
6,0.99989,36.06586,18,0.34723,-0.23723,0.1112
6,0.99989,36.06586,19,0.3162,-0.21836,0.13063
6,0.99989,36.06586,20,0.28527,-0.19955,0.13622
6,0.99989,36.06586,21,0.25443,-0.1808,0.12803
6,0.99989,36.06586,22,0.22368,-0.1621,0.10608
6,0.99989,36.06586,23,0.19304,-0.14346,0.07043
6,0.99989,36.06586,24,0.16735,-0.12621,0.05677
6,0.99989,36.06586,25,0.14232,-0.11452,0.0661
6,0.99989,36.06586,26,0.11892,-0.10364,0.06912
6,0.99989,36.06586,27,0.09799,-0.09379,0.07015
6,0.99989,36.06586,28,0.08,-0.08515,0.07067
6,0.99989,36.06586,29,0.06372,-0.07812,0.06896
6,0.99989,36.06586,30,0.04662,-0.07121,0.06213
6,0.99989,36.06586,31,0.02944,-0.06377,0.05038
6,0.99989,36.06586,32,0.01994,-0.05478,0.05829
6,0.99989,36.06586,33,0.01155,-0.04655,0.05809
6,0.99989,36.06586,34,0.00396,-0.04,0.05216
6,0.99989,36.06586,35,-0.00229,-0.03327,0.05236
6,0.99989,36.06586,36,-0.00722,-0.02691,0.05232
6,0.99989,36.06586,37,-0.01158,-0.0227,0.05094
6,0.99989,36.06586,38,-0.01455,-0.02025,0.04956
6,0.99989,36.06586,39,-0.01576,-0.01781,0.04962
6,0.99989,36.06586,40,-0.01604,-0.01744,0.04963
6,0.99989,36.06586,41,-0.01602,-0.01742,0.04982
6,0.99989,36.06586,42,-0.01601,-0.0174,0.04991
6,0.99989,36.06586,43,-0.01601,-0.0174,0.04995
6,0.99989,36.06586,44,-0.016,-0.0174,0.04997
6,0.99989,36.06586,45,-0.016,-0.01739,0.04998
6,0.99989,36.06586,46,-0.016,-0.01739,0.04998
6,0.99989,36.06586,47,-0.016,-0.01739,0.04998
6,0.99989,36.06586,48,-0.016,-0.01739,0.04998
6,0.99989,36.06586,49,-0.016,-0.01739,0.04998
6,0.99989,36.06586,50,-0.016,-0.01739,0.04998
6,0.99989,36.06586,51,-0.016,-0.01739,0.04998
6,0.99989,36.06586,52,-0.016,-0.01739,0.04998
6,0.99989,36.06586,53,-0.016,-0.01739,0.04998
6,0.99989,36.06586,54,-0.016,-0.01739,0.04998
6,0.99989,36.06586,55,-0.016,-0.01739,0.04998
6,0.99989,36.06586,56,-0.016,-0.01739,0.04998
6,0.99989,36.06586,57,-0.016,-0.01739,0.04998
6,0.99989,36.06586,58,-0.016,-0.01739,0.04998
6,0.99989,36.06586,59,-0.016,-0.01739,0.04998
6,0.99989,36.06586,60,-0.016,-0.01739,0.04998
6,0.99989,36.06586,61,-0.016,-0.01739,0.04998
7,0.99939,-56.19523,1,-0.35407,-0.3362,0.09548
7,0.99939,-56.19523,2,-0.28823,-0.36289,0.19323
7,0.99939,-56.19523,3,-0.22279,-0.3894,0.27662
7,0.99939,-56.19523,4,-0.15772,-0.41577,0.34578
7,0.99939,-56.19523,5,-0.09776,-0.42171,0.39909
7,0.99939,-56.19523,6,-0.04198,-0.411,0.43702
7,0.99939,-56.19523,7,0.0127,-0.39689,0.46102
7,0.99939,-56.19523,8,0.06718,-0.38284,0.47116
7,0.99939,-56.19523,9,0.12146,-0.36884,0.46749
7,0.99939,-56.19523,10,0.17552,-0.35489,0.45007
7,0.99939,-56.19523,11,0.22938,-0.341,0.41894
7,0.99939,-56.19523,12,0.28301,-0.32716,0.37417
7,0.99939,-56.19523,13,0.33641,-0.31339,0.31583
7,0.99939,-56.19523,14,0.38954,-0.29969,0.24402
7,0.99939,-56.19523,15,0.44013,-0.28588,0.15936
7,0.99939,-56.19523,16,0.41704,-0.2756,0.07864
7,0.99939,-56.19523,17,0.379,-0.25561,0.07747
7,0.99939,-56.19523,18,0.34834,-0.23601,0.11116
7,0.99939,-56.19523,19,0.31779,-0.21648,0.13096
7,0.99939,-56.19523,20,0.28733,-0.19701,0.13693
7,0.99939,-56.19523,21,0.25696,-0.17759,0.1291
7,0.99939,-56.19523,22,0.22668,-0.15823,0.10752
7,0.99939,-56.19523,23,0.1965,-0.13894,0.07223
7,0.99939,-56.19523,24,0.17445,-0.11995,0.05879
7,0.99939,-56.19523,25,0.15705,-0.10484,0.05768
7,0.99939,-56.19523,26,0.14189,-0.09139,0.05392
7,0.99939,-56.19523,27,0.12782,-0.07993,0.05125
7,0.99939,-56.19523,28,0.11498,-0.07073,0.04991
7,0.99939,-56.19523,29,0.10449,-0.06382,0.04973
7,0.99939,-56.19523,30,0.09619,-0.05885,0.04865
7,0.99939,-56.19523,31,0.09033,-0.05606,0.04821
7,0.99939,-56.19523,32,0.08747,-0.05503,0.0489
7,0.99939,-56.19523,33,0.08719,-0.055,0.04947
7,0.99939,-56.19523,34,0.08722,-0.05503,0.04974
7,0.99939,-56.19523,35,0.08723,-0.05505,0.04987
7,0.99939,-56.19523,36,0.08722,-0.05506,0.04993
7,0.99939,-56.19523,37,0.08722,-0.05506,0.04996
7,0.99939,-56.19523,38,0.08722,-0.05507,0.04997
7,0.99939,-56.19523,39,0.08722,-0.05507,0.04998
7,0.99939,-56.19523,40,0.08722,-0.05507,0.04998
7,0.99939,-56.19523,41,0.08722,-0.05507,0.04998
7,0.99939,-56.19523,42,0.08722,-0.05507,0.04998
7,0.99939,-56.19523,43,0.08722,-0.05507,0.04998
7,0.99939,-56.19523,44,0.08722,-0.05507,0.04998
7,0.99939,-56.19523,45,0.08722,-0.05507,0.04998
7,0.99939,-56.19523,46,0.08722,-0.05507,0.04998
7,0.99939,-56.19523,47,0.08722,-0.05507,0.04998
7,0.99939,-56.19523,48,0.08722,-0.05507,0.04998
7,0.99939,-56.19523,49,0.08722,-0.05507,0.04998
7,0.99939,-56.19523,50,0.08722,-0.05507,0.04998
7,0.99939,-56.19523,51,0.08722,-0.05507,0.04998
7,0.99939,-56.19523,52,0.08722,-0.05507,0.04998
7,0.99939,-56.19523,53,0.08722,-0.05507,0.04998
7,0.99939,-56.19523,54,0.08722,-0.05507,0.04998
7,0.99939,-56.19523,55,0.08722,-0.05507,0.04998
7,0.99939,-56.19523,56,0.08722,-0.05507,0.04998
7,0.99939,-56.19523,57,0.08722,-0.05507,0.04998
7,0.99939,-56.19523,58,0.08722,-0.05507,0.04998
7,0.99939,-56.19523,59,0.08722,-0.05507,0.04998
7,0.99939,-56.19523,60,0.08722,-0.05507,0.04998
7,0.99939,-56.19523,61,0.08722,-0.05507,0.04998
8,0.99989,36.06586,1,-0.35403,-0.3362,0.09552
8,0.99989,36.06586,2,-0.28814,-0.36288,0.19334
8,0.99989,36.06586,3,-0.22266,-0.38939,0.27679
8,0.99989,36.06586,4,-0.15755,-0.41576,0.34602
8,0.99989,36.06586,5,-0.09755,-0.42169,0.39939
8,0.99989,36.06586,6,-0.04173,-0.41097,0.43737
8,0.99989,36.06586,7,0.013,-0.39687,0.46144
8,0.99989,36.06586,8,0.06752,-0.38284,0.47164
8,0.99989,36.06586,9,0.12184,-0.36885,0.46802
8,0.99989,36.06586,10,0.17596,-0.35492,0.45065
8,0.99989,36.06586,11,0.22986,-0.34104,0.41958
8,0.99989,36.06586,12,0.28354,-0.32722,0.37487
8,0.99989,36.06586,13,0.33697,-0.31346,0.31659
8,0.99989,36.06586,14,0.39015,-0.29977,0.24483
8,0.99989,36.06586,15,0.44077,-0.28598,0.16023
8,0.99989,36.06586,16,0.41697,-0.27574,0.07973
8,0.99989,36.06586,17,0.37836,-0.25616,0.07788
8,0.99989,36.06586,18,0.34723,-0.23723,0.1112
8,0.99989,36.06586,19,0.3162,-0.21836,0.13063
8,0.99989,36.06586,20,0.28527,-0.19955,0.13622
8,0.99989,36.06586,21,0.25443,-0.1808,0.12803
8,0.99989,36.06586,22,0.22368,-0.1621,0.10608
8,0.99989,36.06586,23,0.19304,-0.14346,0.07043
8,0.99989,36.06586,24,0.16735,-0.12621,0.05677
8,0.99989,36.06586,25,0.14232,-0.11452,0.0661
8,0.99989,36.06586,26,0.11892,-0.10364,0.06912
8,0.99989,36.06586,27,0.09799,-0.09379,0.07015
8,0.99989,36.06586,28,0.08,-0.08515,0.07067
8,0.99989,36.06586,29,0.06372,-0.07812,0.06896
8,0.99989,36.06586,30,0.04662,-0.07121,0.06213
8,0.99989,36.06586,31,0.02944,-0.06377,0.05038
8,0.99989,36.06586,32,0.01994,-0.05478,0.05829
8,0.99989,36.06586,33,0.01155,-0.04655,0.05809
8,0.99989,36.06586,34,0.00396,-0.04,0.05216
8,0.99989,36.06586,35,-0.00229,-0.03327,0.05236
8,0.99989,36.06586,36,-0.00722,-0.02691,0.05232
8,0.99989,36.06586,37,-0.01158,-0.0227,0.05094
8,0.99989,36.06586,38,-0.01455,-0.02025,0.04956
8,0.99989,36.06586,39,-0.01576,-0.01781,0.04962
8,0.99989,36.06586,40,-0.01604,-0.01744,0.04963
8,0.99989,36.06586,41,-0.01602,-0.01742,0.04982
8,0.99989,36.06586,42,-0.01601,-0.0174,0.04991
8,0.99989,36.06586,43,-0.01601,-0.0174,0.04995
8,0.99989,36.06586,44,-0.016,-0.0174,0.04997
8,0.99989,36.06586,45,-0.016,-0.01739,0.04998
8,0.99989,36.06586,46,-0.016,-0.01739,0.04998
8,0.99989,36.06586,47,-0.016,-0.01739,0.04998
8,0.99989,36.06586,48,-0.016,-0.01739,0.04998
8,0.99989,36.06586,49,-0.016,-0.01739,0.04998
8,0.99989,36.06586,50,-0.016,-0.01739,0.04998
8,0.99989,36.06586,51,-0.016,-0.01739,0.04998
8,0.99989,36.06586,52,-0.016,-0.01739,0.04998
8,0.99989,36.06586,53,-0.016,-0.01739,0.04998
8,0.99989,36.06586,54,-0.016,-0.01739,0.04998
8,0.99989,36.06586,55,-0.016,-0.01739,0.04998
8,0.99989,36.06586,56,-0.016,-0.01739,0.04998
8,0.99989,36.06586,57,-0.016,-0.01739,0.04998
8,0.99989,36.06586,58,-0.016,-0.01739,0.04998
8,0.99989,36.06586,59,-0.016,-0.01739,0.04998
8,0.99989,36.06586,60,-0.016,-0.01739,0.04998
8,0.99989,36.06586,61,-0.016,-0.01739,0.04998
9,0.99989,36.06586,1,-0.35403,-0.3362,0.09552
9,0.99989,36.06586,2,-0.28814,-0.36288,0.19334
9,0.99989,36.06586,3,-0.22266,-0.38939,0.27679
9,0.99989,36.06586,4,-0.15755,-0.41576,0.34602
9,0.99989,36.06586,5,-0.09755,-0.42169,0.39939
9,0.99989,36.06586,6,-0.04173,-0.41097,0.43737
9,0.99989,36.06586,7,0.013,-0.39687,0.46144
9,0.99989,36.06586,8,0.06752,-0.38284,0.47164
9,0.99989,36.06586,9,0.12184,-0.36885,0.46802
9,0.99989,36.06586,10,0.17596,-0.35492,0.45065
9,0.99989,36.06586,11,0.22986,-0.34104,0.41958
9,0.99989,36.06586,12,0.28354,-0.32722,0.37487
9,0.99989,36.06586,13,0.33697,-0.31346,0.31659
9,0.99989,36.06586,14,0.39015,-0.29977,0.24483
9,0.99989,36.06586,15,0.44077,-0.28598,0.16023
9,0.99989,36.06586,16,0.41697,-0.27574,0.07973
9,0.99989,36.06586,17,0.37836,-0.25616,0.07788
9,0.99989,36.06586,18,0.34723,-0.23723,0.1112
9,0.99989,36.06586,19,0.3162,-0.21836,0.13063
9,0.99989,36.06586,20,0.28527,-0.19955,0.13622
9,0.99989,36.06586,21,0.25443,-0.1808,0.12803
9,0.99989,36.06586,22,0.22368,-0.1621,0.10608
9,0.99989,36.06586,23,0.19304,-0.14346,0.07043
9,0.99989,36.06586,24,0.16735,-0.12621,0.05677
9,0.99989,36.06586,25,0.14232,-0.11452,0.0661
9,0.99989,36.06586,26,0.11892,-0.10364,0.06912
9,0.99989,36.06586,27,0.09799,-0.09379,0.07015
9,0.99989,36.06586,28,0.08,-0.08515,0.07067
9,0.99989,36.06586,29,0.06372,-0.07812,0.06896
9,0.99989,36.06586,30,0.04662,-0.07121,0.06213
9,0.99989,36.06586,31,0.02944,-0.06377,0.05038
9,0.99989,36.06586,32,0.01994,-0.05478,0.05829
9,0.99989,36.06586,33,0.01155,-0.04655,0.05809
9,0.99989,36.06586,34,0.00396,-0.04,0.05216
9,0.99989,36.06586,35,-0.00229,-0.03327,0.05236
9,0.99989,36.06586,36,-0.00722,-0.02691,0.05232
9,0.99989,36.06586,37,-0.01158,-0.0227,0.05094
9,0.99989,36.06586,38,-0.01455,-0.02025,0.04956
9,0.99989,36.06586,39,-0.01576,-0.01781,0.04962
9,0.99989,36.06586,40,-0.01604,-0.01744,0.04963
9,0.99989,36.06586,41,-0.01602,-0.01742,0.04982
9,0.99989,36.06586,42,-0.01601,-0.0174,0.04991
9,0.99989,36.06586,43,-0.01601,-0.0174,0.04995
9,0.99989,36.06586,44,-0.016,-0.0174,0.04997
9,0.99989,36.06586,45,-0.016,-0.01739,0.04998
9,0.99989,36.06586,46,-0.016,-0.01739,0.04998
9,0.99989,36.06586,47,-0.016,-0.01739,0.04998
9,0.99989,36.06586,48,-0.016,-0.01739,0.04998
9,0.99989,36.06586,49,-0.016,-0.01739,0.04998
9,0.99989,36.06586,50,-0.016,-0.01739,0.04998
9,0.99989,36.06586,51,-0.016,-0.01739,0.04998
9,0.99989,36.06586,52,-0.016,-0.01739,0.04998
9,0.99989,36.06586,53,-0.016,-0.01739,0.04998
9,0.99989,36.06586,54,-0.016,-0.01739,0.04998
9,0.99989,36.06586,55,-0.016,-0.01739,0.04998
9,0.99989,36.06586,56,-0.016,-0.01739,0.04998
9,0.99989,36.06586,57,-0.016,-0.01739,0.04998
9,0.99989,36.06586,58,-0.016,-0.01739,0.04998
9,0.99989,36.06586,59,-0.016,-0.01739,0.04998
9,0.99989,36.06586,60,-0.016,-0.01739,0.04998
9,0.99989,36.06586,61,-0.016,-0.01739,0.04998
10,0.99989,36.06586,1,-0.35403,-0.3362,0.09552
10,0.99989,36.06586,2,-0.28814,-0.36288,0.19334
10,0.99989,36.06586,3,-0.22266,-0.38939,0.27679
10,0.99989,36.06586,4,-0.15755,-0.41576,0.34602
10,0.99989,36.06586,5,-0.09755,-0.42169,0.39939
10,0.99989,36.06586,6,-0.04173,-0.41097,0.43737
10,0.99989,36.06586,7,0.013,-0.39687,0.46144
10,0.99989,36.06586,8,0.06752,-0.38284,0.47164
10,0.99989,36.06586,9,0.12184,-0.36885,0.46802
10,0.99989,36.06586,10,0.17596,-0.35492,0.45065
10,0.99989,36.06586,11,0.22986,-0.34104,0.41958
10,0.99989,36.06586,12,0.28354,-0.32722,0.37487
10,0.99989,36.06586,13,0.33697,-0.31346,0.31659
10,0.99989,36.06586,14,0.39015,-0.29977,0.24483
10,0.99989,36.06586,15,0.44077,-0.28598,0.16023
10,0.99989,36.06586,16,0.41697,-0.27574,0.07973
10,0.99989,36.06586,17,0.37836,-0.25616,0.07788
10,0.99989,36.06586,18,0.34723,-0.23723,0.1112
10,0.99989,36.06586,19,0.3162,-0.21836,0.13063
10,0.99989,36.06586,20,0.28527,-0.19955,0.13622
10,0.99989,36.06586,21,0.25443,-0.1808,0.12803
10,0.99989,36.06586,22,0.22368,-0.1621,0.10608
10,0.99989,36.06586,23,0.19304,-0.14346,0.07043
10,0.99989,36.06586,24,0.16735,-0.12621,0.05677
10,0.99989,36.06586,25,0.14232,-0.11452,0.0661
10,0.99989,36.06586,26,0.11892,-0.10364,0.06912
10,0.99989,36.06586,27,0.09799,-0.09379,0.07015
10,0.99989,36.06586,28,0.08,-0.08515,0.07067
10,0.99989,36.06586,29,0.06372,-0.07812,0.06896
10,0.99989,36.06586,30,0.04662,-0.07121,0.06213
10,0.99989,36.06586,31,0.02944,-0.06377,0.05038
10,0.99989,36.06586,32,0.01994,-0.05478,0.05829
10,0.99989,36.06586,33,0.01155,-0.04655,0.05809
10,0.99989,36.06586,34,0.00396,-0.04,0.05216
10,0.99989,36.06586,35,-0.00229,-0.03327,0.05236
10,0.99989,36.06586,36,-0.00722,-0.02691,0.05232
10,0.99989,36.06586,37,-0.01158,-0.0227,0.05094
10,0.99989,36.06586,38,-0.01455,-0.02025,0.04956
10,0.99989,36.06586,39,-0.01576,-0.01781,0.04962
10,0.99989,36.06586,40,-0.01604,-0.01744,0.04963
10,0.99989,36.06586,41,-0.01602,-0.01742,0.04982
10,0.99989,36.06586,42,-0.01601,-0.0174,0.04991
10,0.99989,36.06586,43,-0.01601,-0.0174,0.04995
10,0.99989,36.06586,44,-0.016,-0.0174,0.04997
10,0.99989,36.06586,45,-0.016,-0.01739,0.04998
10,0.99989,36.06586,46,-0.016,-0.01739,0.04998
10,0.99989,36.06586,47,-0.016,-0.01739,0.04998
10,0.99989,36.06586,48,-0.016,-0.01739,0.04998
10,0.99989,36.06586,49,-0.016,-0.01739,0.04998
10,0.99989,36.06586,50,-0.016,-0.01739,0.04998
10,0.99989,36.06586,51,-0.016,-0.01739,0.04998
10,0.99989,36.06586,52,-0.016,-0.01739,0.04998
10,0.99989,36.06586,53,-0.016,-0.01739,0.04998
10,0.99989,36.06586,54,-0.016,-0.01739,0.04998
10,0.99989,36.06586,55,-0.016,-0.01739,0.04998
10,0.99989,36.06586,56,-0.016,-0.01739,0.04998
10,0.99989,36.06586,57,-0.016,-0.01739,0.04998
10,0.99989,36.06586,58,-0.016,-0.01739,0.04998
10,0.99989,36.06586,59,-0.016,-0.01739,0.04998
10,0.99989,36.06586,60,-0.016,-0.01739,0.04998
10,0.99989,36.06586,61,-0.016,-0.01739,0.04998
11,0.99989,36.06586,1,-0.35403,-0.3362,0.09552
11,0.99989,36.06586,2,-0.28814,-0.36288,0.19334
11,0.99989,36.06586,3,-0.22266,-0.38939,0.27679
11,0.99989,36.06586,4,-0.15755,-0.41576,0.34602
11,0.99989,36.06586,5,-0.09755,-0.42169,0.39939
11,0.99989,36.06586,6,-0.04173,-0.41097,0.43737
11,0.99989,36.06586,7,0.013,-0.39687,0.46144
11,0.99989,36.06586,8,0.06752,-0.38284,0.47164
11,0.99989,36.06586,9,0.12184,-0.36885,0.46802
11,0.99989,36.06586,10,0.17596,-0.35492,0.45065
11,0.99989,36.06586,11,0.22986,-0.34104,0.41958
11,0.99989,36.06586,12,0.28354,-0.32722,0.37487
11,0.99989,36.06586,13,0.33697,-0.31346,0.31659
11,0.99989,36.06586,14,0.39015,-0.29977,0.24483
11,0.99989,36.06586,15,0.44077,-0.28598,0.16023
11,0.99989,36.06586,16,0.41697,-0.27574,0.07973
11,0.99989,36.06586,17,0.37836,-0.25616,0.07788
11,0.99989,36.06586,18,0.34723,-0.23723,0.1112
11,0.99989,36.06586,19,0.3162,-0.21836,0.13063
11,0.99989,36.06586,20,0.28527,-0.19955,0.13622
11,0.99989,36.06586,21,0.25443,-0.1808,0.12803
11,0.99989,36.06586,22,0.22368,-0.1621,0.10608
11,0.99989,36.06586,23,0.19304,-0.14346,0.07043
11,0.99989,36.06586,24,0.16735,-0.12621,0.05677
11,0.99989,36.06586,25,0.14232,-0.11452,0.0661
11,0.99989,36.06586,26,0.11892,-0.10364,0.06912
11,0.99989,36.06586,27,0.09799,-0.09379,0.07015
11,0.99989,36.06586,28,0.08,-0.08515,0.07067
11,0.99989,36.06586,29,0.06372,-0.07812,0.06896
11,0.99989,36.06586,30,0.04662,-0.07121,0.06213
11,0.99989,36.06586,31,0.02944,-0.06377,0.05038
11,0.99989,36.06586,32,0.01994,-0.05478,0.05829
11,0.99989,36.06586,33,0.01155,-0.04655,0.05809
11,0.99989,36.06586,34,0.00396,-0.04,0.05216
11,0.99989,36.06586,35,-0.00229,-0.03327,0.05236
11,0.99989,36.06586,36,-0.00722,-0.02691,0.05232
11,0.99989,36.06586,37,-0.01158,-0.0227,0.05094
11,0.99989,36.06586,38,-0.01455,-0.02025,0.04956
11,0.99989,36.06586,39,-0.01576,-0.01781,0.04962
11,0.99989,36.06586,40,-0.01604,-0.01744,0.04963
11,0.99989,36.06586,41,-0.01602,-0.01742,0.04982
11,0.99989,36.06586,42,-0.01601,-0.0174,0.04991
11,0.99989,36.06586,43,-0.01601,-0.0174,0.04995
11,0.99989,36.06586,44,-0.016,-0.0174,0.04997
11,0.99989,36.06586,45,-0.016,-0.01739,0.04998
11,0.99989,36.06586,46,-0.016,-0.01739,0.04998
11,0.99989,36.06586,47,-0.016,-0.01739,0.04998
11,0.99989,36.06586,48,-0.016,-0.01739,0.04998
11,0.99989,36.06586,49,-0.016,-0.01739,0.04998
11,0.99989,36.06586,50,-0.016,-0.01739,0.04998
11,0.99989,36.06586,51,-0.016,-0.01739,0.04998
11,0.99989,36.06586,52,-0.016,-0.01739,0.04998
11,0.99989,36.06586,53,-0.016,-0.01739,0.04998
11,0.99989,36.06586,54,-0.016,-0.01739,0.04998
11,0.99989,36.06586,55,-0.016,-0.01739,0.04998
11,0.99989,36.06586,56,-0.016,-0.01739,0.04998
11,0.99989,36.06586,57,-0.016,-0.01739,0.04998
11,0.99989,36.06586,58,-0.016,-0.01739,0.04998
11,0.99989,36.06586,59,-0.016,-0.01739,0.04998
11,0.99989,36.06586,60,-0.016,-0.01739,0.04998
11,0.99989,36.06586,61,-0.016,-0.01739,0.04998
12,0.99989,36.06586,1,-0.35403,-0.3362,0.09552
12,0.99989,36.06586,2,-0.28814,-0.36288,0.19334
12,0.99989,36.06586,3,-0.22266,-0.38939,0.27679
12,0.99989,36.06586,4,-0.15755,-0.41576,0.34602
12,0.99989,36.06586,5,-0.09755,-0.42169,0.39939
12,0.99989,36.06586,6,-0.04173,-0.41097,0.43737
12,0.99989,36.06586,7,0.013,-0.39687,0.46144
12,0.99989,36.06586,8,0.06752,-0.38284,0.47164
12,0.99989,36.06586,9,0.12184,-0.36885,0.46802
12,0.99989,36.06586,10,0.17596,-0.35492,0.45065
12,0.99989,36.06586,11,0.22986,-0.34104,0.41958
12,0.99989,36.06586,12,0.28354,-0.32722,0.37487
12,0.99989,36.06586,13,0.33697,-0.31346,0.31659
12,0.99989,36.06586,14,0.39015,-0.29977,0.24483
12,0.99989,36.06586,15,0.44077,-0.28598,0.16023
12,0.99989,36.06586,16,0.41697,-0.27574,0.07973
12,0.99989,36.06586,17,0.37836,-0.25616,0.07788
12,0.99989,36.06586,18,0.34723,-0.23723,0.1112
12,0.99989,36.06586,19,0.3162,-0.21836,0.13063
12,0.99989,36.06586,20,0.28527,-0.19955,0.13622
12,0.99989,36.06586,21,0.25443,-0.1808,0.12803
12,0.99989,36.06586,22,0.22368,-0.1621,0.10608
12,0.99989,36.06586,23,0.19304,-0.14346,0.07043
12,0.99989,36.06586,24,0.16735,-0.12621,0.05677
12,0.99989,36.06586,25,0.14232,-0.11452,0.0661
12,0.99989,36.06586,26,0.11892,-0.10364,0.06912
12,0.99989,36.06586,27,0.09799,-0.09379,0.07015
12,0.99989,36.06586,28,0.08,-0.08515,0.07067
12,0.99989,36.06586,29,0.06372,-0.07812,0.06896
12,0.99989,36.06586,30,0.04662,-0.07121,0.06213
12,0.99989,36.06586,31,0.02944,-0.06377,0.05038
12,0.99989,36.06586,32,0.01994,-0.05478,0.05829
12,0.99989,36.06586,33,0.01155,-0.04655,0.05809
12,0.99989,36.06586,34,0.00396,-0.04,0.05216
12,0.99989,36.06586,35,-0.00229,-0.03327,0.05236
12,0.99989,36.06586,36,-0.00722,-0.02691,0.05232
12,0.99989,36.06586,37,-0.01158,-0.0227,0.05094
12,0.99989,36.06586,38,-0.01455,-0.02025,0.04956
12,0.99989,36.06586,39,-0.01576,-0.01781,0.04962
12,0.99989,36.06586,40,-0.01604,-0.01744,0.04963
12,0.99989,36.06586,41,-0.01602,-0.01742,0.04982
12,0.99989,36.06586,42,-0.01601,-0.0174,0.04991
12,0.99989,36.06586,43,-0.01601,-0.0174,0.04995
12,0.99989,36.06586,44,-0.016,-0.0174,0.04997
12,0.99989,36.06586,45,-0.016,-0.01739,0.04998
12,0.99989,36.06586,46,-0.016,-0.01739,0.04998
12,0.99989,36.06586,47,-0.016,-0.01739,0.04998
12,0.99989,36.06586,48,-0.016,-0.01739,0.04998
12,0.99989,36.06586,49,-0.016,-0.01739,0.04998
12,0.99989,36.06586,50,-0.016,-0.01739,0.04998
12,0.99989,36.06586,51,-0.016,-0.01739,0.04998
12,0.99989,36.06586,52,-0.016,-0.01739,0.04998
12,0.99989,36.06586,53,-0.016,-0.01739,0.04998
12,0.99989,36.06586,54,-0.016,-0.01739,0.04998
12,0.99989,36.06586,55,-0.016,-0.01739,0.04998
12,0.99989,36.06586,56,-0.016,-0.01739,0.04998
12,0.99989,36.06586,57,-0.016,-0.01739,0.04998
12,0.99989,36.06586,58,-0.016,-0.01739,0.04998
12,0.99989,36.06586,59,-0.016,-0.01739,0.04998
12,0.99989,36.06586,60,-0.016,-0.01739,0.04998
12,0.99989,36.06586,61,-0.016,-0.01739,0.04998
13,0.99918,-69.47322,1,-0.35409,-0.33621,0.09546
13,0.99918,-69.47322,2,-0.28826,-0.36289,0.19318
13,0.99918,-69.47322,3,-0.22284,-0.38941,0.27655
13,0.99918,-69.47322,4,-0.15779,-0.41578,0.34568
13,0.99918,-69.47322,5,-0.09784,-0.42172,0.39897
13,0.99918,-69.47322,6,-0.04208,-0.41101,0.43687
13,0.99918,-69.47322,7,0.01258,-0.3969,0.46085
13,0.99918,-69.47322,8,0.06704,-0.38284,0.47096
13,0.99918,-69.47322,9,0.12129,-0.36883,0.46727
13,0.99918,-69.47322,10,0.17534,-0.35488,0.44982
13,0.99918,-69.47322,11,0.22918,-0.34098,0.41866
13,0.99918,-69.47322,12,0.28279,-0.32714,0.37387
13,0.99918,-69.47322,13,0.33616,-0.31336,0.31551
13,0.99918,-69.47322,14,0.38927,-0.29965,0.24367
13,0.99918,-69.47322,15,0.43985,-0.28584,0.15899
13,0.99918,-69.47322,16,0.41707,-0.27554,0.07818
13,0.99918,-69.47322,17,0.37927,-0.25538,0.07729
13,0.99918,-69.47322,18,0.34882,-0.2355,0.11113
13,0.99918,-69.47322,19,0.31846,-0.21568,0.13109
13,0.99918,-69.47322,20,0.2882,-0.19593,0.13721
13,0.99918,-69.47322,21,0.25803,-0.17623,0.12953
13,0.99918,-69.47322,22,0.22795,-0.15659,0.1081
13,0.99918,-69.47322,23,0.19798,-0.13702,0.07296
13,0.99918,-69.47322,24,0.17576,-0.1172,0.05717
13,0.99918,-69.47322,25,0.15725,-0.10265,0.05673
13,0.99918,-69.47322,26,0.14094,-0.08938,0.05252
13,0.99918,-69.47322,27,0.12738,-0.07861,0.05039
13,0.99918,-69.47322,28,0.1165,-0.0702,0.04994
13,0.99918,-69.47322,29,0.10855,-0.06332,0.0498
13,0.99918,-69.47322,30,0.10325,-0.05804,0.04928
13,0.99918,-69.47322,31,0.10047,-0.05476,0.04886
13,0.99918,-69.47322,32,0.10002,-0.05345,0.0492
13,0.99918,-69.47322,33,0.09997,-0.05356,0.04961
13,0.99918,-69.47322,34,0.09995,-0.05361,0.04981
13,0.99918,-69.47322,35,0.09995,-0.05364,0.0499
13,0.99918,-69.47322,36,0.09994,-0.05365,0.04995
13,0.99918,-69.47322,37,0.09994,-0.05365,0.04997
13,0.99918,-69.47322,38,0.09994,-0.05366,0.04998
13,0.99918,-69.47322,39,0.09994,-0.05366,0.04998
13,0.99918,-69.47322,40,0.09994,-0.05366,0.04998
13,0.99918,-69.47322,41,0.09994,-0.05366,0.04998
13,0.99918,-69.47322,42,0.09994,-0.05366,0.04998
13,0.99918,-69.47322,43,0.09994,-0.05366,0.04998
13,0.99918,-69.47322,44,0.09994,-0.05366,0.04998
13,0.99918,-69.47322,45,0.09994,-0.05366,0.04998
13,0.99918,-69.47322,46,0.09994,-0.05366,0.04998
13,0.99918,-69.47322,47,0.09994,-0.05366,0.04998
13,0.99918,-69.47322,48,0.09994,-0.05366,0.04998
13,0.99918,-69.47322,49,0.09994,-0.05366,0.04998
13,0.99918,-69.47322,50,0.09994,-0.05366,0.04998
13,0.99918,-69.47322,51,0.09994,-0.05366,0.04998
13,0.99918,-69.47322,52,0.09994,-0.05366,0.04998
13,0.99918,-69.47322,53,0.09994,-0.05366,0.04998
13,0.99918,-69.47322,54,0.09994,-0.05366,0.04998
13,0.99918,-69.47322,55,0.09994,-0.05366,0.04998
13,0.99918,-69.47322,56,0.09994,-0.05366,0.04998
13,0.99918,-69.47322,57,0.09994,-0.05366,0.04998
13,0.99918,-69.47322,58,0.09994,-0.05366,0.04998
13,0.99918,-69.47322,59,0.09994,-0.05366,0.04998
13,0.99918,-69.47322,60,0.09994,-0.05366,0.04998
13,0.99918,-69.47322,61,0.09994,-0.05366,0.04998
14,0.99939,-56.19523,1,-0.35407,-0.3362,0.09548
14,0.99939,-56.19523,2,-0.28823,-0.36289,0.19323
14,0.99939,-56.19523,3,-0.22279,-0.3894,0.27662
14,0.99939,-56.19523,4,-0.15772,-0.41577,0.34578
14,0.99939,-56.19523,5,-0.09776,-0.42171,0.39909
14,0.99939,-56.19523,6,-0.04198,-0.411,0.43702
14,0.99939,-56.19523,7,0.0127,-0.39689,0.46102
14,0.99939,-56.19523,8,0.06718,-0.38284,0.47116
14,0.99939,-56.19523,9,0.12146,-0.36884,0.46749
14,0.99939,-56.19523,10,0.17552,-0.35489,0.45007
14,0.99939,-56.19523,11,0.22938,-0.341,0.41894
14,0.99939,-56.19523,12,0.28301,-0.32716,0.37417
14,0.99939,-56.19523,13,0.33641,-0.31339,0.31583
14,0.99939,-56.19523,14,0.38954,-0.29969,0.24402
14,0.99939,-56.19523,15,0.44013,-0.28588,0.15936
14,0.99939,-56.19523,16,0.41704,-0.2756,0.07864
14,0.99939,-56.19523,17,0.379,-0.25561,0.07747
14,0.99939,-56.19523,18,0.34834,-0.23601,0.11116
14,0.99939,-56.19523,19,0.31779,-0.21648,0.13096
14,0.99939,-56.19523,20,0.28733,-0.19701,0.13693
14,0.99939,-56.19523,21,0.25696,-0.17759,0.1291
14,0.99939,-56.19523,22,0.22668,-0.15823,0.10752
14,0.99939,-56.19523,23,0.1965,-0.13894,0.07223
14,0.99939,-56.19523,24,0.17445,-0.11995,0.05879
14,0.99939,-56.19523,25,0.15705,-0.10484,0.05768
14,0.99939,-56.19523,26,0.14189,-0.09139,0.05392
14,0.99939,-56.19523,27,0.12782,-0.07993,0.05125
14,0.99939,-56.19523,28,0.11498,-0.07073,0.04991
14,0.99939,-56.19523,29,0.10449,-0.06382,0.04973
14,0.99939,-56.19523,30,0.09619,-0.05885,0.04865
14,0.99939,-56.19523,31,0.09033,-0.05606,0.04821
14,0.99939,-56.19523,32,0.08747,-0.05503,0.0489
14,0.99939,-56.19523,33,0.08719,-0.055,0.04947
14,0.99939,-56.19523,34,0.08722,-0.05503,0.04974
14,0.99939,-56.19523,35,0.08723,-0.05505,0.04987
14,0.99939,-56.19523,36,0.08722,-0.05506,0.04993
14,0.99939,-56.19523,37,0.08722,-0.05506,0.04996
14,0.99939,-56.19523,38,0.08722,-0.05507,0.04997
14,0.99939,-56.19523,39,0.08722,-0.05507,0.04998
14,0.99939,-56.19523,40,0.08722,-0.05507,0.04998
14,0.99939,-56.19523,41,0.08722,-0.05507,0.04998
14,0.99939,-56.19523,42,0.08722,-0.05507,0.04998
14,0.99939,-56.19523,43,0.08722,-0.05507,0.04998
14,0.99939,-56.19523,44,0.08722,-0.05507,0.04998
14,0.99939,-56.19523,45,0.08722,-0.05507,0.04998
14,0.99939,-56.19523,46,0.08722,-0.05507,0.04998
14,0.99939,-56.19523,47,0.08722,-0.05507,0.04998
14,0.99939,-56.19523,48,0.08722,-0.05507,0.04998
14,0.99939,-56.19523,49,0.08722,-0.05507,0.04998
14,0.99939,-56.19523,50,0.08722,-0.05507,0.04998
14,0.99939,-56.19523,51,0.08722,-0.05507,0.04998
14,0.99939,-56.19523,52,0.08722,-0.05507,0.04998
14,0.99939,-56.19523,53,0.08722,-0.05507,0.04998
14,0.99939,-56.19523,54,0.08722,-0.05507,0.04998
14,0.99939,-56.19523,55,0.08722,-0.05507,0.04998
14,0.99939,-56.19523,56,0.08722,-0.05507,0.04998
14,0.99939,-56.19523,57,0.08722,-0.05507,0.04998
14,0.99939,-56.19523,58,0.08722,-0.05507,0.04998
14,0.99939,-56.19523,59,0.08722,-0.05507,0.04998
14,0.99939,-56.19523,60,0.08722,-0.05507,0.04998
14,0.99939,-56.19523,61,0.08722,-0.05507,0.04998
15,0.99937,-73.11103,1,-0.35407,-0.3362,0.09548
15,0.99937,-73.11103,2,-0.28823,-0.36289,0.19322
15,0.99937,-73.11103,3,-0.22279,-0.3894,0.27662
15,0.99937,-73.11103,4,-0.15772,-0.41577,0.34578
15,0.99937,-73.11103,5,-0.09776,-0.42171,0.39908
15,0.99937,-73.11103,6,-0.04199,-0.411,0.43701
15,0.99937,-73.11103,7,0.01269,-0.39689,0.46101
15,0.99937,-73.11103,8,0.06717,-0.38284,0.47115
15,0.99937,-73.11103,9,0.12144,-0.36884,0.46748
15,0.99937,-73.11103,10,0.17551,-0.35489,0.45005
15,0.99937,-73.11103,11,0.22937,-0.341,0.41892
15,0.99937,-73.11103,12,0.283,-0.32716,0.37415
15,0.99937,-73.11103,13,0.33639,-0.31339,0.31581
15,0.99937,-73.11103,14,0.38952,-0.29969,0.244
15,0.99937,-73.11103,15,0.44011,-0.28588,0.15934
15,0.99937,-73.11103,16,0.41705,-0.27559,0.07861
15,0.99937,-73.11103,17,0.37902,-0.25559,0.07746
15,0.99937,-73.11103,18,0.34838,-0.23598,0.11116
15,0.99937,-73.11103,19,0.31784,-0.21642,0.13097
15,0.99937,-73.11103,20,0.28739,-0.19693,0.13695
15,0.99937,-73.11103,21,0.25703,-0.1775,0.12913
15,0.99937,-73.11103,22,0.22677,-0.15812,0.10756
15,0.99937,-73.11103,23,0.19661,-0.13881,0.07229
15,0.99937,-73.11103,24,0.17467,-0.11972,0.05883
15,0.99937,-73.11103,25,0.15778,-0.10425,0.05773
15,0.99937,-73.11103,26,0.14302,-0.09005,0.05302
15,0.99937,-73.11103,27,0.13083,-0.07856,0.05168
15,0.99937,-73.11103,28,0.12077,-0.06946,0.05019
15,0.99937,-73.11103,29,0.11294,-0.06278,0.04897
15,0.99937,-73.11103,30,0.10731,-0.05875,0.04926
15,0.99937,-73.11103,31,0.10392,-0.05707,0.04939
15,0.99937,-73.11103,32,0.10313,-0.05628,0.04948
15,0.99937,-73.11103,33,0.10323,-0.0564,0.04975
15,0.99937,-73.11103,34,0.10328,-0.05646,0.04987
15,0.99937,-73.11103,35,0.10331,-0.05648,0.04993
15,0.99937,-73.11103,36,0.10332,-0.0565,0.04996
15,0.99937,-73.11103,37,0.10332,-0.0565,0.04997
15,0.99937,-73.11103,38,0.10333,-0.05651,0.04998
15,0.99937,-73.11103,39,0.10333,-0.05651,0.04998
15,0.99937,-73.11103,40,0.10333,-0.05651,0.04998
15,0.99937,-73.11103,41,0.10333,-0.05651,0.04998
15,0.99937,-73.11103,42,0.10333,-0.05651,0.04998
15,0.99937,-73.11103,43,0.10333,-0.05651,0.04998
15,0.99937,-73.11103,44,0.10333,-0.05651,0.04998
15,0.99937,-73.11103,45,0.10333,-0.05651,0.04998
15,0.99937,-73.11103,46,0.10333,-0.05651,0.04998
15,0.99937,-73.11103,47,0.10333,-0.05651,0.04998
15,0.99937,-73.11103,48,0.10333,-0.05651,0.04998
15,0.99937,-73.11103,49,0.10333,-0.05651,0.04998
15,0.99937,-73.11103,50,0.10333,-0.05651,0.04998
15,0.99937,-73.11103,51,0.10333,-0.05651,0.04998
15,0.99937,-73.11103,52,0.10333,-0.05651,0.04998
15,0.99937,-73.11103,53,0.10333,-0.05651,0.04998
15,0.99937,-73.11103,54,0.10333,-0.05651,0.04998
15,0.99937,-73.11103,55,0.10333,-0.05651,0.04998
15,0.99937,-73.11103,56,0.10333,-0.05651,0.04998
15,0.99937,-73.11103,57,0.10333,-0.05651,0.04998
15,0.99937,-73.11103,58,0.10333,-0.05651,0.04998
15,0.99937,-73.11103,59,0.10333,-0.05651,0.04998
15,0.99937,-73.11103,60,0.10333,-0.05651,0.04998
15,0.99937,-73.11103,61,0.10333,-0.05651,0.04998
16,0.9727,-49.12078,1,-0.35633,-0.33642,0.09321
16,0.9727,-49.12078,2,-0.29275,-0.36327,0.18743
16,0.9727,-49.12078,3,-0.22954,-0.38996,0.26733
16,0.9727,-49.12078,4,-0.16669,-0.41651,0.33303
16,0.9727,-49.12078,5,-0.10892,-0.42285,0.38307
16,0.9727,-49.12078,6,-0.05593,-0.41018,0.4177
16,0.9727,-49.12078,7,-0.00458,-0.39164,0.43806
16,0.9727,-49.12078,8,0.04656,-0.37317,0.44458
16,0.9727,-49.12078,9,0.09753,-0.35477,0.43729
16,0.9727,-49.12078,10,0.1483,-0.33644,0.41627
16,0.9727,-49.12078,11,0.19888,-0.31818,0.38155
16,0.9727,-49.12078,12,0.24924,-0.29999,0.33321
16,0.9727,-49.12078,13,0.29938,-0.28189,0.27133
16,0.9727,-49.12078,14,0.34926,-0.26388,0.19598
16,0.9727,-49.12078,15,0.39888,-0.24597,0.10728
16,0.9727,-49.12078,16,0.37953,-0.23898,0.08772
16,0.9727,-49.12078,17,0.33671,-0.23549,0.09375
16,0.9727,-49.12078,18,0.29402,-0.232,0.08599
16,0.9727,-49.12078,19,0.25251,-0.23178,0.07813
16,0.9727,-49.12078,20,0.21196,-0.23415,0.06741
16,0.9727,-49.12078,21,0.17744,-0.23601,0.0693
16,0.9727,-49.12078,22,0.14657,-0.23715,0.0736
16,0.9727,-49.12078,23,0.11583,-0.23833,0.06433
16,0.9727,-49.12078,24,0.08805,-0.23854,0.05586
16,0.9727,-49.12078,25,0.06522,-0.23971,0.05636
16,0.9727,-49.12078,26,0.04559,-0.2408,0.05719
16,0.9727,-49.12078,27,0.02701,-0.24103,0.05021
16,0.9727,-49.12078,28,0.01354,-0.24304,0.05363
16,0.9727,-49.12078,29,0.00116,-0.24459,0.04919
16,0.9727,-49.12078,30,-0.00709,-0.24733,0.05118
16,0.9727,-49.12078,31,-0.01355,-0.24906,0.05035
16,0.9727,-49.12078,32,-0.01712,-0.24984,0.04968
16,0.9727,-49.12078,33,-0.01782,-0.24977,0.04979
16,0.9727,-49.12078,34,-0.01784,-0.2499,0.04989
16,0.9727,-49.12078,35,-0.01786,-0.24994,0.04994
16,0.9727,-49.12078,36,-0.01786,-0.24997,0.04996
16,0.9727,-49.12078,37,-0.01787,-0.24998,0.04998
16,0.9727,-49.12078,38,-0.01787,-0.24998,0.04998
16,0.9727,-49.12078,39,-0.01787,-0.24998,0.04998
16,0.9727,-49.12078,40,-0.01787,-0.24999,0.04998
16,0.9727,-49.12078,41,-0.01787,-0.24999,0.04998
16,0.9727,-49.12078,42,-0.01787,-0.24999,0.04998
16,0.9727,-49.12078,43,-0.01787,-0.24999,0.04998
16,0.9727,-49.12078,44,-0.01787,-0.24999,0.04998
16,0.9727,-49.12078,45,-0.01787,-0.24999,0.04998
16,0.9727,-49.12078,46,-0.01787,-0.24999,0.04998
16,0.9727,-49.12078,47,-0.01787,-0.24999,0.04998
16,0.9727,-49.12078,48,-0.01787,-0.24999,0.04998
16,0.9727,-49.12078,49,-0.01787,-0.24999,0.04998
16,0.9727,-49.12078,50,-0.01787,-0.24999,0.04998
16,0.9727,-49.12078,51,-0.01787,-0.24999,0.04998
16,0.9727,-49.12078,52,-0.01787,-0.24999,0.04998
16,0.9727,-49.12078,53,-0.01787,-0.24999,0.04998
16,0.9727,-49.12078,54,-0.01787,-0.24999,0.04998
16,0.9727,-49.12078,55,-0.01787,-0.25,0.04998
16,0.9727,-49.12078,56,-0.01787,-0.25,0.04998
16,0.9727,-49.12078,57,-0.01788,-0.25,0.04998
16,0.9727,-49.12078,58,-0.01788,-0.25,0.04998
16,0.9727,-49.12078,59,-0.01788,-0.25,0.04998
16,0.9727,-49.12078,60,-0.01788,-0.25,0.04998
16,0.9727,-49.12078,61,-0.01788,-0.25,0.04998
17,0.99989,36.06586,1,-0.35403,-0.3362,0.09552
17,0.99989,36.06586,2,-0.28814,-0.36288,0.19334
17,0.99989,36.06586,3,-0.22266,-0.38939,0.27679
17,0.99989,36.06586,4,-0.15755,-0.41576,0.34602
17,0.99989,36.06586,5,-0.09755,-0.42169,0.39939
17,0.99989,36.06586,6,-0.04173,-0.41097,0.43737
17,0.99989,36.06586,7,0.013,-0.39687,0.46144
17,0.99989,36.06586,8,0.06752,-0.38284,0.47164
17,0.99989,36.06586,9,0.12184,-0.36885,0.46802
17,0.99989,36.06586,10,0.17596,-0.35492,0.45065
17,0.99989,36.06586,11,0.22986,-0.34104,0.41958
17,0.99989,36.06586,12,0.28354,-0.32722,0.37487
17,0.99989,36.06586,13,0.33697,-0.31346,0.31659
17,0.99989,36.06586,14,0.39015,-0.29977,0.24483
17,0.99989,36.06586,15,0.44077,-0.28598,0.16023
17,0.99989,36.06586,16,0.41697,-0.27574,0.07973
17,0.99989,36.06586,17,0.37836,-0.25616,0.07788
17,0.99989,36.06586,18,0.34723,-0.23723,0.1112
17,0.99989,36.06586,19,0.3162,-0.21836,0.13063
17,0.99989,36.06586,20,0.28527,-0.19955,0.13622
17,0.99989,36.06586,21,0.25443,-0.1808,0.12803
17,0.99989,36.06586,22,0.22368,-0.1621,0.10608
17,0.99989,36.06586,23,0.19304,-0.14346,0.07043
17,0.99989,36.06586,24,0.16735,-0.12621,0.05677
17,0.99989,36.06586,25,0.14232,-0.11452,0.0661
17,0.99989,36.06586,26,0.11892,-0.10364,0.06912
17,0.99989,36.06586,27,0.09799,-0.09379,0.07015
17,0.99989,36.06586,28,0.08,-0.08515,0.07067
17,0.99989,36.06586,29,0.06372,-0.07812,0.06896
17,0.99989,36.06586,30,0.04662,-0.07121,0.06213
17,0.99989,36.06586,31,0.02944,-0.06377,0.05038
17,0.99989,36.06586,32,0.01994,-0.05478,0.05829
17,0.99989,36.06586,33,0.01155,-0.04655,0.05809
17,0.99989,36.06586,34,0.00396,-0.04,0.05216
17,0.99989,36.06586,35,-0.00229,-0.03327,0.05236
17,0.99989,36.06586,36,-0.00722,-0.02691,0.05232
17,0.99989,36.06586,37,-0.01158,-0.0227,0.05094
17,0.99989,36.06586,38,-0.01455,-0.02025,0.04956
17,0.99989,36.06586,39,-0.01576,-0.01781,0.04962
17,0.99989,36.06586,40,-0.01604,-0.01744,0.04963
17,0.99989,36.06586,41,-0.01602,-0.01742,0.04982
17,0.99989,36.06586,42,-0.01601,-0.0174,0.04991
17,0.99989,36.06586,43,-0.01601,-0.0174,0.04995
17,0.99989,36.06586,44,-0.016,-0.0174,0.04997
17,0.99989,36.06586,45,-0.016,-0.01739,0.04998
17,0.99989,36.06586,46,-0.016,-0.01739,0.04998
17,0.99989,36.06586,47,-0.016,-0.01739,0.04998
17,0.99989,36.06586,48,-0.016,-0.01739,0.04998
17,0.99989,36.06586,49,-0.016,-0.01739,0.04998
17,0.99989,36.06586,50,-0.016,-0.01739,0.04998
17,0.99989,36.06586,51,-0.016,-0.01739,0.04998
17,0.99989,36.06586,52,-0.016,-0.01739,0.04998
17,0.99989,36.06586,53,-0.016,-0.01739,0.04998
17,0.99989,36.06586,54,-0.016,-0.01739,0.04998
17,0.99989,36.06586,55,-0.016,-0.01739,0.04998
17,0.99989,36.06586,56,-0.016,-0.01739,0.04998
17,0.99989,36.06586,57,-0.016,-0.01739,0.04998
17,0.99989,36.06586,58,-0.016,-0.01739,0.04998
17,0.99989,36.06586,59,-0.016,-0.01739,0.04998
17,0.99989,36.06586,60,-0.016,-0.01739,0.04998
17,0.99989,36.06586,61,-0.016,-0.01739,0.04998
18,0.99989,36.06586,1,-0.35403,-0.3362,0.09552
18,0.99989,36.06586,2,-0.28814,-0.36288,0.19334
18,0.99989,36.06586,3,-0.22266,-0.38939,0.27679
18,0.99989,36.06586,4,-0.15755,-0.41576,0.34602
18,0.99989,36.06586,5,-0.09755,-0.42169,0.39939
18,0.99989,36.06586,6,-0.04173,-0.41097,0.43737
18,0.99989,36.06586,7,0.013,-0.39687,0.46144
18,0.99989,36.06586,8,0.06752,-0.38284,0.47164
18,0.99989,36.06586,9,0.12184,-0.36885,0.46802
18,0.99989,36.06586,10,0.17596,-0.35492,0.45065
18,0.99989,36.06586,11,0.22986,-0.34104,0.41958
18,0.99989,36.06586,12,0.28354,-0.32722,0.37487
18,0.99989,36.06586,13,0.33697,-0.31346,0.31659
18,0.99989,36.06586,14,0.39015,-0.29977,0.24483
18,0.99989,36.06586,15,0.44077,-0.28598,0.16023
18,0.99989,36.06586,16,0.41697,-0.27574,0.07973
18,0.99989,36.06586,17,0.37836,-0.25616,0.07788
18,0.99989,36.06586,18,0.34723,-0.23723,0.1112
18,0.99989,36.06586,19,0.3162,-0.21836,0.13063
18,0.99989,36.06586,20,0.28527,-0.19955,0.13622
18,0.99989,36.06586,21,0.25443,-0.1808,0.12803
18,0.99989,36.06586,22,0.22368,-0.1621,0.10608
18,0.99989,36.06586,23,0.19304,-0.14346,0.07043
18,0.99989,36.06586,24,0.16735,-0.12621,0.05677
18,0.99989,36.06586,25,0.14232,-0.11452,0.0661
18,0.99989,36.06586,26,0.11892,-0.10364,0.06912
18,0.99989,36.06586,27,0.09799,-0.09379,0.07015
18,0.99989,36.06586,28,0.08,-0.08515,0.07067
18,0.99989,36.06586,29,0.06372,-0.07812,0.06896
18,0.99989,36.06586,30,0.04662,-0.07121,0.06213
18,0.99989,36.06586,31,0.02944,-0.06377,0.05038
18,0.99989,36.06586,32,0.01994,-0.05478,0.05829
18,0.99989,36.06586,33,0.01155,-0.04655,0.05809
18,0.99989,36.06586,34,0.00396,-0.04,0.05216
18,0.99989,36.06586,35,-0.00229,-0.03327,0.05236
18,0.99989,36.06586,36,-0.00722,-0.02691,0.05232
18,0.99989,36.06586,37,-0.01158,-0.0227,0.05094
18,0.99989,36.06586,38,-0.01455,-0.02025,0.04956
18,0.99989,36.06586,39,-0.01576,-0.01781,0.04962
18,0.99989,36.06586,40,-0.01604,-0.01744,0.04963
18,0.99989,36.06586,41,-0.01602,-0.01742,0.04982
18,0.99989,36.06586,42,-0.01601,-0.0174,0.04991
18,0.99989,36.06586,43,-0.01601,-0.0174,0.04995
18,0.99989,36.06586,44,-0.016,-0.0174,0.04997
18,0.99989,36.06586,45,-0.016,-0.01739,0.04998
18,0.99989,36.06586,46,-0.016,-0.01739,0.04998
18,0.99989,36.06586,47,-0.016,-0.01739,0.04998
18,0.99989,36.06586,48,-0.016,-0.01739,0.04998
18,0.99989,36.06586,49,-0.016,-0.01739,0.04998
18,0.99989,36.06586,50,-0.016,-0.01739,0.04998
18,0.99989,36.06586,51,-0.016,-0.01739,0.04998
18,0.99989,36.06586,52,-0.016,-0.01739,0.04998
18,0.99989,36.06586,53,-0.016,-0.01739,0.04998
18,0.99989,36.06586,54,-0.016,-0.01739,0.04998
18,0.99989,36.06586,55,-0.016,-0.01739,0.04998
18,0.99989,36.06586,56,-0.016,-0.01739,0.04998
18,0.99989,36.06586,57,-0.016,-0.01739,0.04998
18,0.99989,36.06586,58,-0.016,-0.01739,0.04998
18,0.99989,36.06586,59,-0.016,-0.01739,0.04998
18,0.99989,36.06586,60,-0.016,-0.01739,0.04998
18,0.99989,36.06586,61,-0.016,-0.01739,0.04998
19,0.99989,36.06586,1,-0.35403,-0.3362,0.09552
19,0.99989,36.06586,2,-0.28814,-0.36288,0.19334
19,0.99989,36.06586,3,-0.22266,-0.38939,0.27679
19,0.99989,36.06586,4,-0.15755,-0.41576,0.34602
19,0.99989,36.06586,5,-0.09755,-0.42169,0.39939
19,0.99989,36.06586,6,-0.04173,-0.41097,0.43737
19,0.99989,36.06586,7,0.013,-0.39687,0.46144
19,0.99989,36.06586,8,0.06752,-0.38284,0.47164
19,0.99989,36.06586,9,0.12184,-0.36885,0.46802
19,0.99989,36.06586,10,0.17596,-0.35492,0.45065
19,0.99989,36.06586,11,0.22986,-0.34104,0.41958
19,0.99989,36.06586,12,0.28354,-0.32722,0.37487
19,0.99989,36.06586,13,0.33697,-0.31346,0.31659
19,0.99989,36.06586,14,0.39015,-0.29977,0.24483
19,0.99989,36.06586,15,0.44077,-0.28598,0.16023
19,0.99989,36.06586,16,0.41697,-0.27574,0.07973
19,0.99989,36.06586,17,0.37836,-0.25616,0.07788
19,0.99989,36.06586,18,0.34723,-0.23723,0.1112
19,0.99989,36.06586,19,0.3162,-0.21836,0.13063
19,0.99989,36.06586,20,0.28527,-0.19955,0.13622
19,0.99989,36.06586,21,0.25443,-0.1808,0.12803
19,0.99989,36.06586,22,0.22368,-0.1621,0.10608
19,0.99989,36.06586,23,0.19304,-0.14346,0.07043
19,0.99989,36.06586,24,0.16735,-0.12621,0.05677
19,0.99989,36.06586,25,0.14232,-0.11452,0.0661
19,0.99989,36.06586,26,0.11892,-0.10364,0.06912
19,0.99989,36.06586,27,0.09799,-0.09379,0.07015
19,0.99989,36.06586,28,0.08,-0.08515,0.07067
19,0.99989,36.06586,29,0.06372,-0.07812,0.06896
19,0.99989,36.06586,30,0.04662,-0.07121,0.06213
19,0.99989,36.06586,31,0.02944,-0.06377,0.05038
19,0.99989,36.06586,32,0.01994,-0.05478,0.05829
19,0.99989,36.06586,33,0.01155,-0.04655,0.05809
19,0.99989,36.06586,34,0.00396,-0.04,0.05216
19,0.99989,36.06586,35,-0.00229,-0.03327,0.05236
19,0.99989,36.06586,36,-0.00722,-0.02691,0.05232
19,0.99989,36.06586,37,-0.01158,-0.0227,0.05094
19,0.99989,36.06586,38,-0.01455,-0.02025,0.04956
19,0.99989,36.06586,39,-0.01576,-0.01781,0.04962
19,0.99989,36.06586,40,-0.01604,-0.01744,0.04963
19,0.99989,36.06586,41,-0.01602,-0.01742,0.04982
19,0.99989,36.06586,42,-0.01601,-0.0174,0.04991
19,0.99989,36.06586,43,-0.01601,-0.0174,0.04995
19,0.99989,36.06586,44,-0.016,-0.0174,0.04997
19,0.99989,36.06586,45,-0.016,-0.01739,0.04998
19,0.99989,36.06586,46,-0.016,-0.01739,0.04998
19,0.99989,36.06586,47,-0.016,-0.01739,0.04998
19,0.99989,36.06586,48,-0.016,-0.01739,0.04998
19,0.99989,36.06586,49,-0.016,-0.01739,0.04998
19,0.99989,36.06586,50,-0.016,-0.01739,0.04998
19,0.99989,36.06586,51,-0.016,-0.01739,0.04998
19,0.99989,36.06586,52,-0.016,-0.01739,0.04998
19,0.99989,36.06586,53,-0.016,-0.01739,0.04998
19,0.99989,36.06586,54,-0.016,-0.01739,0.04998
19,0.99989,36.06586,55,-0.016,-0.01739,0.04998
19,0.99989,36.06586,56,-0.016,-0.01739,0.04998
19,0.99989,36.06586,57,-0.016,-0.01739,0.04998
19,0.99989,36.06586,58,-0.016,-0.01739,0.04998
19,0.99989,36.06586,59,-0.016,-0.01739,0.04998
19,0.99989,36.06586,60,-0.016,-0.01739,0.04998
19,0.99989,36.06586,61,-0.016,-0.01739,0.04998
20,0.99989,36.06586,1,-0.35403,-0.3362,0.09552
20,0.99989,36.06586,2,-0.28814,-0.36288,0.19334
20,0.99989,36.06586,3,-0.22266,-0.38939,0.27679
20,0.99989,36.06586,4,-0.15755,-0.41576,0.34602
20,0.99989,36.06586,5,-0.09755,-0.42169,0.39939
20,0.99989,36.06586,6,-0.04173,-0.41097,0.43737
20,0.99989,36.06586,7,0.013,-0.39687,0.46144
20,0.99989,36.06586,8,0.06752,-0.38284,0.47164
20,0.99989,36.06586,9,0.12184,-0.36885,0.46802
20,0.99989,36.06586,10,0.17596,-0.35492,0.45065
20,0.99989,36.06586,11,0.22986,-0.34104,0.41958
20,0.99989,36.06586,12,0.28354,-0.32722,0.37487
20,0.99989,36.06586,13,0.33697,-0.31346,0.31659
20,0.99989,36.06586,14,0.39015,-0.29977,0.24483
20,0.99989,36.06586,15,0.44077,-0.28598,0.16023
20,0.99989,36.06586,16,0.41697,-0.27574,0.07973
20,0.99989,36.06586,17,0.37836,-0.25616,0.07788
20,0.99989,36.06586,18,0.34723,-0.23723,0.1112
20,0.99989,36.06586,19,0.3162,-0.21836,0.13063
20,0.99989,36.06586,20,0.28527,-0.19955,0.13622
20,0.99989,36.06586,21,0.25443,-0.1808,0.12803
20,0.99989,36.06586,22,0.22368,-0.1621,0.10608
20,0.99989,36.06586,23,0.19304,-0.14346,0.07043
20,0.99989,36.06586,24,0.16735,-0.12621,0.05677
20,0.99989,36.06586,25,0.14232,-0.11452,0.0661
20,0.99989,36.06586,26,0.11892,-0.10364,0.06912
20,0.99989,36.06586,27,0.09799,-0.09379,0.07015
20,0.99989,36.06586,28,0.08,-0.08515,0.07067
20,0.99989,36.06586,29,0.06372,-0.07812,0.06896
20,0.99989,36.06586,30,0.04662,-0.07121,0.06213
20,0.99989,36.06586,31,0.02944,-0.06377,0.05038
20,0.99989,36.06586,32,0.01994,-0.05478,0.05829
20,0.99989,36.06586,33,0.01155,-0.04655,0.05809
20,0.99989,36.06586,34,0.00396,-0.04,0.05216
20,0.99989,36.06586,35,-0.00229,-0.03327,0.05236
20,0.99989,36.06586,36,-0.00722,-0.02691,0.05232
20,0.99989,36.06586,37,-0.01158,-0.0227,0.05094
20,0.99989,36.06586,38,-0.01455,-0.02025,0.04956
20,0.99989,36.06586,39,-0.01576,-0.01781,0.04962
20,0.99989,36.06586,40,-0.01604,-0.01744,0.04963
20,0.99989,36.06586,41,-0.01602,-0.01742,0.04982
20,0.99989,36.06586,42,-0.01601,-0.0174,0.04991
20,0.99989,36.06586,43,-0.01601,-0.0174,0.04995
20,0.99989,36.06586,44,-0.016,-0.0174,0.04997
20,0.99989,36.06586,45,-0.016,-0.01739,0.04998
20,0.99989,36.06586,46,-0.016,-0.01739,0.04998
20,0.99989,36.06586,47,-0.016,-0.01739,0.04998
20,0.99989,36.06586,48,-0.016,-0.01739,0.04998
20,0.99989,36.06586,49,-0.016,-0.01739,0.04998
20,0.99989,36.06586,50,-0.016,-0.01739,0.04998
20,0.99989,36.06586,51,-0.016,-0.01739,0.04998
20,0.99989,36.06586,52,-0.016,-0.01739,0.04998
20,0.99989,36.06586,53,-0.016,-0.01739,0.04998
20,0.99989,36.06586,54,-0.016,-0.01739,0.04998
20,0.99989,36.06586,55,-0.016,-0.01739,0.04998
20,0.99989,36.06586,56,-0.016,-0.01739,0.04998
20,0.99989,36.06586,57,-0.016,-0.01739,0.04998
20,0.99989,36.06586,58,-0.016,-0.01739,0.04998
20,0.99989,36.06586,59,-0.016,-0.01739,0.04998
20,0.99989,36.06586,60,-0.016,-0.01739,0.04998
20,0.99989,36.06586,61,-0.016,-0.01739,0.04998
