particle,elasticity,weight,frame,x,y,z
1,0.95615,82.42323,1,-0.07316,0.23149,0.04095
1,0.95615,82.42323,2,-0.03184,0.34904,0.15645
1,0.95615,82.42323,3,0.01662,0.41076,0.26751
1,0.95615,82.42323,4,0.07051,0.38708,0.37706
1,0.95615,82.42323,5,0.12125,0.35032,0.47236
1,0.95615,82.42323,6,0.17169,0.31378,0.55334
1,0.95615,82.42323,7,0.22185,0.27744,0.62012
1,0.95615,82.42323,8,0.27177,0.24127,0.67281
1,0.95615,82.42323,9,0.32146,0.20527,0.71148
1,0.95615,82.42323,10,0.37094,0.16942,0.73623
1,0.95615,82.42323,11,0.42022,0.13372,0.7471
1,0.95615,82.42323,12,0.41823,0.10699,0.7498
1,0.95615,82.42323,13,0.39698,0.08477,0.73682
1,0.95615,82.42323,14,0.37578,0.06261,0.7101
1,0.95615,82.42323,15,0.35466,0.04053,0.66969
1,0.95615,82.42323,16,0.33361,0.01853,0.61567
1,0.95615,82.42323,17,0.31266,-0.00337,0.5481
1,0.95615,82.42323,18,0.2918,-0.02518,0.46708
1,0.95615,82.42323,19,0.27104,-0.04688,0.37272
1,0.95615,82.42323,20,0.25041,-0.06845,0.26513
1,0.95615,82.42323,21,0.2299,-0.08989,0.14445
1,0.95615,82.42323,22,0.20927,-0.11312,0.04221
1,0.95615,82.42323,23,0.19581,-0.13187,0.09125
1,0.95615,82.42323,24,0.18242,-0.15051,0.12652
1,0.95615,82.42323,25,0.16906,-0.16909,0.1479
1,0.95615,82.42323,26,0.15574,-0.18763,0.15545
1,0.95615,82.42323,27,0.14245,-0.20612,0.14919
1,0.95615,82.42323,28,0.12919,-0.22457,0.12918
1,0.95615,82.42323,29,0.11597,-0.24296,0.09544
1,0.95615,82.42323,30,0.10134,-0.25526,0.09539
1,0.95615,82.42323,31,0.08601,-0.26452,0.10521
1,0.95615,82.42323,32,0.07071,-0.27375,0.10123
1,0.95615,82.42323,33,0.05545,-0.28297,0.08347
1,0.95615,82.42323,34,0.0403,-0.28887,0.06513
1,0.95615,82.42323,35,0.02912,-0.29253,0.05542
1,0.95615,82.42323,36,0.01758,-0.29334,0.05462
1,0.95615,82.42323,37,0.00829,-0.29393,0.04972
1,0.95615,82.42323,38,0.00295,-0.29578,0.04983
1,0.95615,82.42323,39,0.00071,-0.2964,0.04989
1,0.95615,82.42323,40,0.00067,-0.29639,0.04994
1,0.95615,82.42323,41,0.00069,-0.29636,0.04996
1,0.95615,82.42323,42,0.00069,-0.29635,0.04997
1,0.95615,82.42323,43,0.0007,-0.29634,0.04998
1,0.95615,82.42323,44,0.0007,-0.29634,0.04998
1,0.95615,82.42323,45,0.0007,-0.29634,0.04998
1,0.95615,82.42323,46,0.0007,-0.29634,0.04998
1,0.95615,82.42323,47,0.0007,-0.29634,0.04998
1,0.95615,82.42323,48,0.0007,-0.29634,0.04998
1,0.95615,82.42323,49,0.0007,-0.29634,0.04998
1,0.95615,82.42323,50,0.0007,-0.29634,0.04998
1,0.95615,82.42323,51,0.0007,-0.29634,0.04998
1,0.95615,82.42323,52,0.0007,-0.29634,0.04998
1,0.95615,82.42323,53,0.0007,-0.29634,0.04998
1,0.95615,82.42323,54,0.0007,-0.29634,0.04998
1,0.95615,82.42323,55,0.0007,-0.29634,0.04998
1,0.95615,82.42323,56,0.0007,-0.29634,0.04998
1,0.95615,82.42323,57,0.0007,-0.29634,0.04998
1,0.95615,82.42323,58,0.0007,-0.29634,0.04998
1,0.95615,82.42323,59,0.0007,-0.29634,0.04998
1,0.95615,82.42323,60,0.0007,-0.29634,0.04998
1,0.95615,82.42323,61,0.0007,-0.29634,0.04998
1,0.95615,82.42323,62,0.0007,-0.29634,0.04998
1,0.95615,82.42323,63,0.0007,-0.29634,0.04998
1,0.95615,82.42323,64,0.0007,-0.29634,0.04998
1,0.95615,82.42323,65,0.0007,-0.29634,0.04998
1,0.95615,82.42323,66,0.0007,-0.29634,0.04998
1,0.95615,82.42323,67,0.0007,-0.29634,0.04998
2,0.95615,82.42323,1,-0.07316,0.23149,0.04095
2,0.95615,82.42323,2,-0.03184,0.34904,0.15645
2,0.95615,82.42323,3,0.01662,0.41076,0.26751
2,0.95615,82.42323,4,0.07051,0.38708,0.37706
2,0.95615,82.42323,5,0.12125,0.35032,0.47236
2,0.95615,82.42323,6,0.17169,0.31378,0.55334
2,0.95615,82.42323,7,0.22185,0.27744,0.62012
2,0.95615,82.42323,8,0.27177,0.24127,0.67281
2,0.95615,82.42323,9,0.32146,0.20527,0.71148
2,0.95615,82.42323,10,0.37094,0.16942,0.73623
2,0.95615,82.42323,11,0.42022,0.13372,0.7471
2,0.95615,82.42323,12,0.41823,0.10699,0.7498
2,0.95615,82.42323,13,0.39698,0.08477,0.73682
2,0.95615,82.42323,14,0.37578,0.06261,0.7101
2,0.95615,82.42323,15,0.35466,0.04053,0.66969
2,0.95615,82.42323,16,0.33361,0.01853,0.61567
2,0.95615,82.42323,17,0.31266,-0.00337,0.5481
2,0.95615,82.42323,18,0.2918,-0.02518,0.46708
2,0.95615,82.42323,19,0.27104,-0.04688,0.37272
2,0.95615,82.42323,20,0.25041,-0.06845,0.26513
2,0.95615,82.42323,21,0.2299,-0.08989,0.14445
2,0.95615,82.42323,22,0.20927,-0.11312,0.04221
2,0.95615,82.42323,23,0.19581,-0.13187,0.09125
2,0.95615,82.42323,24,0.18242,-0.15051,0.12652
2,0.95615,82.42323,25,0.16906,-0.16909,0.1479
2,0.95615,82.42323,26,0.15574,-0.18763,0.15545
2,0.95615,82.42323,27,0.14245,-0.20612,0.14919
2,0.95615,82.42323,28,0.12919,-0.22457,0.12918
2,0.95615,82.42323,29,0.11597,-0.24296,0.09544
2,0.95615,82.42323,30,0.10134,-0.25526,0.09539
2,0.95615,82.42323,31,0.08601,-0.26452,0.10521
2,0.95615,82.42323,32,0.07071,-0.27375,0.10123
2,0.95615,82.42323,33,0.05545,-0.28297,0.08347
2,0.95615,82.42323,34,0.0403,-0.28887,0.06513
2,0.95615,82.42323,35,0.02912,-0.29253,0.05542
2,0.95615,82.42323,36,0.01758,-0.29334,0.05462
2,0.95615,82.42323,37,0.00829,-0.29393,0.04972
2,0.95615,82.42323,38,0.00295,-0.29578,0.04983
2,0.95615,82.42323,39,0.00071,-0.2964,0.04989
2,0.95615,82.42323,40,0.00067,-0.29639,0.04994
2,0.95615,82.42323,41,0.00069,-0.29636,0.04996
2,0.95615,82.42323,42,0.00069,-0.29635,0.04997
2,0.95615,82.42323,43,0.0007,-0.29634,0.04998
2,0.95615,82.42323,44,0.0007,-0.29634,0.04998
2,0.95615,82.42323,45,0.0007,-0.29634,0.04998
2,0.95615,82.42323,46,0.0007,-0.29634,0.04998
2,0.95615,82.42323,47,0.0007,-0.29634,0.04998
2,0.95615,82.42323,48,0.0007,-0.29634,0.04998
2,0.95615,82.42323,49,0.0007,-0.29634,0.04998
2,0.95615,82.42323,50,0.0007,-0.29634,0.04998
2,0.95615,82.42323,51,0.0007,-0.29634,0.04998
2,0.95615,82.42323,52,0.0007,-0.29634,0.04998
2,0.95615,82.42323,53,0.0007,-0.29634,0.04998
2,0.95615,82.42323,54,0.0007,-0.29634,0.04998
2,0.95615,82.42323,55,0.0007,-0.29634,0.04998
2,0.95615,82.42323,56,0.0007,-0.29634,0.04998
2,0.95615,82.42323,57,0.0007,-0.29634,0.04998
2,0.95615,82.42323,58,0.0007,-0.29634,0.04998
2,0.95615,82.42323,59,0.0007,-0.29634,0.04998
2,0.95615,82.42323,60,0.0007,-0.29634,0.04998
2,0.95615,82.42323,61,0.0007,-0.29634,0.04998
2,0.95615,82.42323,62,0.0007,-0.29634,0.04998
2,0.95615,82.42323,63,0.0007,-0.29634,0.04998
2,0.95615,82.42323,64,0.0007,-0.29634,0.04998
2,0.95615,82.42323,65,0.0007,-0.29634,0.04998
2,0.95615,82.42323,66,0.0007,-0.29634,0.04998
2,0.95615,82.42323,67,0.0007,-0.29634,0.04998
3,0.95615,82.42323,1,-0.07316,0.23149,0.04095
3,0.95615,82.42323,2,-0.03184,0.34904,0.15645
3,0.95615,82.42323,3,0.01662,0.41076,0.26751
3,0.95615,82.42323,4,0.07051,0.38708,0.37706
3,0.95615,82.42323,5,0.12125,0.35032,0.47236
3,0.95615,82.42323,6,0.17169,0.31378,0.55334
3,0.95615,82.42323,7,0.22185,0.27744,0.62012
3,0.95615,82.42323,8,0.27177,0.24127,0.67281
3,0.95615,82.42323,9,0.32146,0.20527,0.71148
3,0.95615,82.42323,10,0.37094,0.16942,0.73623
3,0.95615,82.42323,11,0.42022,0.13372,0.7471
3,0.95615,82.42323,12,0.41823,0.10699,0.7498
3,0.95615,82.42323,13,0.39698,0.08477,0.73682
3,0.95615,82.42323,14,0.37578,0.06261,0.7101
3,0.95615,82.42323,15,0.35466,0.04053,0.66969
3,0.95615,82.42323,16,0.33361,0.01853,0.61567
3,0.95615,82.42323,17,0.31266,-0.00337,0.5481
3,0.95615,82.42323,18,0.2918,-0.02518,0.46708
3,0.95615,82.42323,19,0.27104,-0.04688,0.37272
3,0.95615,82.42323,20,0.25041,-0.06845,0.26513
3,0.95615,82.42323,21,0.2299,-0.08989,0.14445
3,0.95615,82.42323,22,0.20927,-0.11312,0.04221
3,0.95615,82.42323,23,0.19581,-0.13187,0.09125
3,0.95615,82.42323,24,0.18242,-0.15051,0.12652
3,0.95615,82.42323,25,0.16906,-0.16909,0.1479
3,0.95615,82.42323,26,0.15574,-0.18763,0.15545
3,0.95615,82.42323,27,0.14245,-0.20612,0.14919
3,0.95615,82.42323,28,0.12919,-0.22457,0.12918
3,0.95615,82.42323,29,0.11597,-0.24296,0.09544
3,0.95615,82.42323,30,0.10134,-0.25526,0.09539
3,0.95615,82.42323,31,0.08601,-0.26452,0.10521
3,0.95615,82.42323,32,0.07071,-0.27375,0.10123
3,0.95615,82.42323,33,0.05545,-0.28297,0.08347
3,0.95615,82.42323,34,0.0403,-0.28887,0.06513
3,0.95615,82.42323,35,0.02912,-0.29253,0.05542
3,0.95615,82.42323,36,0.01758,-0.29334,0.05462
3,0.95615,82.42323,37,0.00829,-0.29393,0.04972
3,0.95615,82.42323,38,0.00295,-0.29578,0.04983
3,0.95615,82.42323,39,0.00071,-0.2964,0.04989
3,0.95615,82.42323,40,0.00067,-0.29639,0.04994
3,0.95615,82.42323,41,0.00069,-0.29636,0.04996
3,0.95615,82.42323,42,0.00069,-0.29635,0.04997
3,0.95615,82.42323,43,0.0007,-0.29634,0.04998
3,0.95615,82.42323,44,0.0007,-0.29634,0.04998
3,0.95615,82.42323,45,0.0007,-0.29634,0.04998
3,0.95615,82.42323,46,0.0007,-0.29634,0.04998
3,0.95615,82.42323,47,0.0007,-0.29634,0.04998
3,0.95615,82.42323,48,0.0007,-0.29634,0.04998
3,0.95615,82.42323,49,0.0007,-0.29634,0.04998
3,0.95615,82.42323,50,0.0007,-0.29634,0.04998
3,0.95615,82.42323,51,0.0007,-0.29634,0.04998
3,0.95615,82.42323,52,0.0007,-0.29634,0.04998
3,0.95615,82.42323,53,0.0007,-0.29634,0.04998
3,0.95615,82.42323,54,0.0007,-0.29634,0.04998
3,0.95615,82.42323,55,0.0007,-0.29634,0.04998
3,0.95615,82.42323,56,0.0007,-0.29634,0.04998
3,0.95615,82.42323,57,0.0007,-0.29634,0.04998
3,0.95615,82.42323,58,0.0007,-0.29634,0.04998
3,0.95615,82.42323,59,0.0007,-0.29634,0.04998
3,0.95615,82.42323,60,0.0007,-0.29634,0.04998
3,0.95615,82.42323,61,0.0007,-0.29634,0.04998
3,0.95615,82.42323,62,0.0007,-0.29634,0.04998
3,0.95615,82.42323,63,0.0007,-0.29634,0.04998
3,0.95615,82.42323,64,0.0007,-0.29634,0.04998
3,0.95615,82.42323,65,0.0007,-0.29634,0.04998
3,0.95615,82.42323,66,0.0007,-0.29634,0.04998
3,0.95615,82.42323,67,0.0007,-0.29634,0.04998
4,0.96499,87.35897,1,-0.07315,0.23151,0.04111
4,0.96499,87.35897,2,-0.03182,0.34931,0.15767
4,0.96499,87.35897,3,0.01669,0.41129,0.26985
4,0.96499,87.35897,4,0.07096,0.38898,0.381
4,0.96499,87.35897,5,0.12227,0.35443,0.47823
4,0.96499,87.35897,6,0.17327,0.32008,0.56113
4,0.96499,87.35897,7,0.224,0.28592,0.62981
4,0.96499,87.35897,8,0.27447,0.25193,0.68439
4,0.96499,87.35897,9,0.32471,0.21809,0.72494
4,0.96499,87.35897,10,0.37474,0.1844,0.75156
4,0.96499,87.35897,11,0.42047,0.15145,0.76512
4,0.96499,87.35897,12,0.41416,0.12772,0.76924
4,0.96499,87.35897,13,0.39253,0.10744,0.7578
4,0.96499,87.35897,14,0.37097,0.08723,0.73262
4,0.96499,87.35897,15,0.34947,0.06708,0.69375
4,0.96499,87.35897,16,0.32806,0.04701,0.64125
4,0.96499,87.35897,17,0.30673,0.02701,0.57519
4,0.96499,87.35897,18,0.2855,0.00711,0.49568
4,0.96499,87.35897,19,0.26437,-0.01268,0.4028
4,0.96499,87.35897,20,0.24337,-0.03236,0.29669
4,0.96499,87.35897,21,0.22249,-0.05193,0.17746
4,0.96499,87.35897,22,0.20042,-0.07382,0.05642
4,0.96499,87.35897,23,0.18512,-0.10067,0.10151
4,0.96499,87.35897,24,0.17203,-0.12562,0.14392
4,0.96499,87.35897,25,0.15899,-0.15049,0.1724
4,0.96499,87.35897,26,0.14599,-0.17528,0.18702
4,0.96499,87.35897,27,0.13302,-0.20001,0.18783
4,0.96499,87.35897,28,0.12009,-0.22467,0.17485
4,0.96499,87.35897,29,0.10719,-0.24926,0.14813
4,0.96499,87.35897,30,0.09434,-0.27377,0.10773
4,0.96499,87.35897,31,0.08156,-0.30168,0.08892
4,0.96499,87.35897,32,0.06886,-0.33386,0.10039
4,0.96499,87.35897,33,0.05619,-0.36595,0.09804
4,0.96499,87.35897,34,0.04357,-0.39794,0.08192
4,0.96499,87.35897,35,0.03535,-0.41611,0.09742
4,0.96499,87.35897,36,0.02651,-0.40951,0.09295
4,0.96499,87.35897,37,0.01752,-0.40243,0.07678
4,0.96499,87.35897,38,0.01,-0.39238,0.07502
4,0.96499,87.35897,39,0.00478,-0.3832,0.06933
4,0.96499,87.35897,40,0.00201,-0.37382,0.06475
4,0.96499,87.35897,41,0.00092,-0.36409,0.05403
4,0.96499,87.35897,42,0.00292,-0.35802,0.05368
4,0.96499,87.35897,43,0.00579,-0.35507,0.05446
4,0.96499,87.35897,44,0.00713,-0.35231,0.0484
4,0.96499,87.35897,45,0.00665,-0.35357,0.05088
4,0.96499,87.35897,46,0.00671,-0.35467,0.04974
4,0.96499,87.35897,47,0.00683,-0.35532,0.04966
4,0.96499,87.35897,48,0.00669,-0.35523,0.04983
4,0.96499,87.35897,49,0.00662,-0.35518,0.04991
4,0.96499,87.35897,50,0.00659,-0.35516,0.04995
4,0.96499,87.35897,51,0.00657,-0.35515,0.04997
4,0.96499,87.35897,52,0.00656,-0.35515,0.04998
4,0.96499,87.35897,53,0.00656,-0.35514,0.04998
4,0.96499,87.35897,54,0.00656,-0.35515,0.04998
4,0.96499,87.35897,55,0.00656,-0.35515,0.04998
4,0.96499,87.35897,56,0.00656,-0.35515,0.04998
4,0.96499,87.35897,57,0.00656,-0.35515,0.04998
4,0.96499,87.35897,58,0.00656,-0.35515,0.04998
4,0.96499,87.35897,59,0.00656,-0.35515,0.04998
4,0.96499,87.35897,60,0.00656,-0.35515,0.04998
4,0.96499,87.35897,61,0.00656,-0.35515,0.04998
4,0.96499,87.35897,62,0.00656,-0.35515,0.04998
4,0.96499,87.35897,63,0.00656,-0.35515,0.04998
4,0.96499,87.35897,64,0.00656,-0.35515,0.04998
4,0.96499,87.35897,65,0.00656,-0.35515,0.04998
4,0.96499,87.35897,66,0.00656,-0.35515,0.04998
4,0.96499,87.35897,67,0.00656,-0.35515,0.04998
5,0.94602,64.97837,1,-0.07316,0.23147,0.04078
5,0.94602,64.97837,2,-0.03185,0.34874,0.15506
5,0.94602,64.97837,3,0.01653,0.41016,0.26483
5,0.94602,64.97837,4,0.06999,0.385,0.37248
5,0.94602,64.97837,5,0.12006,0.34586,0.46549
5,0.94602,64.97837,6,0.16984,0.30694,0.54421
5,0.94602,64.97837,7,0.21935,0.26823,0.60874
5,0.94602,64.97837,8,0.26862,0.22972,0.65919
5,0.94602,64.97837,9,0.31767,0.19138,0.69565
5,0.94602,64.97837,10,0.36651,0.1532,0.71817
5,0.94602,64.97837,11,0.41515,0.11518,0.72684
5,0.94602,64.97837,12,0.42197,0.08449,0.72685
5,0.94602,64.97837,13,0.40248,0.05976,0.712
5,0.94602,64.97837,14,0.38304,0.03511,0.68341
5,0.94602,64.97837,15,0.36367,0.01055,0.64114
5,0.94602,64.97837,16,0.34437,-0.01391,0.58527
5,0.94602,64.97837,17,0.32515,-0.03828,0.51586
5,0.94602,64.97837,18,0.30603,-0.06253,0.43302
5,0.94602,64.97837,19,0.287,-0.08665,0.33686
5,0.94602,64.97837,20,0.26809,-0.11064,0.22748
5,0.94602,64.97837,21,0.24929,-0.13448,0.10504
5,0.94602,64.97837,22,0.23909,-0.15482,0.07281
5,0.94602,64.97837,23,0.23506,-0.1798,0.1135
5,0.94602,64.97837,24,0.23104,-0.20471,0.14028
5,0.94602,64.97837,25,0.22704,-0.22955,0.1532
5,0.94602,64.97837,26,0.22305,-0.25432,0.15231
5,0.94602,64.97837,27,0.21906,-0.27903,0.13765
5,0.94602,64.97837,28,0.21509,-0.30367,0.10925
5,0.94602,64.97837,29,0.20941,-0.325,0.08184
5,0.94602,64.97837,30,0.19769,-0.33495,0.09202
5,0.94602,64.97837,31,0.186,-0.34488,0.0884
5,0.94602,64.97837,32,0.1722,-0.35549,0.08001
5,0.94602,64.97837,33,0.15656,-0.36655,0.06569
5,0.94602,64.97837,34,0.14079,-0.37416,0.05409
5,0.94602,64.97837,35,0.13004,-0.37808,0.06171
5,0.94602,64.97837,36,0.11948,-0.38165,0.05839
5,0.94602,64.97837,37,0.10945,-0.38423,0.04886
5,0.94602,64.97837,38,0.10255,-0.38233,0.05352
5,0.94602,64.97837,39,0.09673,-0.38077,0.05126
5,0.94602,64.97837,40,0.09383,-0.37989,0.05025
5,0.94602,64.97837,41,0.09247,-0.38025,0.0498
5,0.94602,64.97837,42,0.09242,-0.38028,0.04989
5,0.94602,64.97837,43,0.09248,-0.3801,0.04994
5,0.94602,64.97837,44,0.09248,-0.38008,0.04996
5,0.94602,64.97837,45,0.09247,-0.38007,0.04997
5,0.94602,64.97837,46,0.09247,-0.38006,0.04998
5,0.94602,64.97837,47,0.09247,-0.38006,0.04998
5,0.94602,64.97837,48,0.09247,-0.38006,0.04998
5,0.94602,64.97837,49,0.09247,-0.38006,0.04998
5,0.94602,64.97837,50,0.09247,-0.38006,0.04998
5,0.94602,64.97837,51,0.09247,-0.38006,0.04998
5,0.94602,64.97837,52,0.09247,-0.38006,0.04998
5,0.94602,64.97837,53,0.09247,-0.38006,0.04998
5,0.94602,64.97837,54,0.09247,-0.38006,0.04998
5,0.94602,64.97837,55,0.09247,-0.38006,0.04998
5,0.94602,64.97837,56,0.09247,-0.38006,0.04998
5,0.94602,64.97837,57,0.09247,-0.38005,0.04998
5,0.94602,64.97837,58,0.09247,-0.38005,0.04998
5,0.94602,64.97837,59,0.09247,-0.38005,0.04998
5,0.94602,64.97837,60,0.09247,-0.38005,0.04998
5,0.94602,64.97837,61,0.09247,-0.38005,0.04998
5,0.94602,64.97837,62,0.09247,-0.38005,0.04998
5,0.94602,64.97837,63,0.09247,-0.38005,0.04998
5,0.94602,64.97837,64,0.09247,-0.38005,0.04998
5,0.94602,64.97837,65,0.09247,-0.38005,0.04998
5,0.94602,64.97837,66,0.09247,-0.38005,0.04998
5,0.94602,64.97837,67,0.09247,-0.38005,0.04998
6,0.95615,82.42323,1,-0.07316,0.23149,0.04095
6,0.95615,82.42323,2,-0.03184,0.34904,0.15645
6,0.95615,82.42323,3,0.01662,0.41076,0.26751
6,0.95615,82.42323,4,0.07051,0.38708,0.37706
6,0.95615,82.42323,5,0.12125,0.35032,0.47236
6,0.95615,82.42323,6,0.17169,0.31378,0.55334
6,0.95615,82.42323,7,0.22185,0.27744,0.62012
6,0.95615,82.42323,8,0.27177,0.24127,0.67281
6,0.95615,82.42323,9,0.32146,0.20527,0.71148
6,0.95615,82.42323,10,0.37094,0.16942,0.73623
6,0.95615,82.42323,11,0.42022,0.13372,0.7471
6,0.95615,82.42323,12,0.41823,0.10699,0.7498
6,0.95615,82.42323,13,0.39698,0.08477,0.73682
6,0.95615,82.42323,14,0.37578,0.06261,0.7101
6,0.95615,82.42323,15,0.35466,0.04053,0.66969
6,0.95615,82.42323,16,0.33361,0.01853,0.61567
6,0.95615,82.42323,17,0.31266,-0.00337,0.5481
6,0.95615,82.42323,18,0.2918,-0.02518,0.46708
6,0.95615,82.42323,19,0.27104,-0.04688,0.37272
6,0.95615,82.42323,20,0.25041,-0.06845,0.26513
6,0.95615,82.42323,21,0.2299,-0.08989,0.14445
6,0.95615,82.42323,22,0.20927,-0.11312,0.04221
6,0.95615,82.42323,23,0.19581,-0.13187,0.09125
6,0.95615,82.42323,24,0.18242,-0.15051,0.12652
6,0.95615,82.42323,25,0.16906,-0.16909,0.1479
6,0.95615,82.42323,26,0.15574,-0.18763,0.15545
6,0.95615,82.42323,27,0.14245,-0.20612,0.14919
6,0.95615,82.42323,28,0.12919,-0.22457,0.12918
6,0.95615,82.42323,29,0.11597,-0.24296,0.09544
6,0.95615,82.42323,30,0.10134,-0.25526,0.09539
6,0.95615,82.42323,31,0.08601,-0.26452,0.10521
6,0.95615,82.42323,32,0.07071,-0.27375,0.10123
6,0.95615,82.42323,33,0.05545,-0.28297,0.08347
6,0.95615,82.42323,34,0.0403,-0.28887,0.06513
6,0.95615,82.42323,35,0.02912,-0.29253,0.05542
6,0.95615,82.42323,36,0.01758,-0.29334,0.05462
6,0.95615,82.42323,37,0.00829,-0.29393,0.04972
6,0.95615,82.42323,38,0.00295,-0.29578,0.04983
6,0.95615,82.42323,39,0.00071,-0.2964,0.04989
6,0.95615,82.42323,40,0.00067,-0.29639,0.04994
6,0.95615,82.42323,41,0.00069,-0.29636,0.04996
6,0.95615,82.42323,42,0.00069,-0.29635,0.04997
6,0.95615,82.42323,43,0.0007,-0.29634,0.04998
6,0.95615,82.42323,44,0.0007,-0.29634,0.04998
6,0.95615,82.42323,45,0.0007,-0.29634,0.04998
6,0.95615,82.42323,46,0.0007,-0.29634,0.04998
6,0.95615,82.42323,47,0.0007,-0.29634,0.04998
6,0.95615,82.42323,48,0.0007,-0.29634,0.04998
6,0.95615,82.42323,49,0.0007,-0.29634,0.04998
6,0.95615,82.42323,50,0.0007,-0.29634,0.04998
6,0.95615,82.42323,51,0.0007,-0.29634,0.04998
6,0.95615,82.42323,52,0.0007,-0.29634,0.04998
6,0.95615,82.42323,53,0.0007,-0.29634,0.04998
6,0.95615,82.42323,54,0.0007,-0.29634,0.04998
6,0.95615,82.42323,55,0.0007,-0.29634,0.04998
6,0.95615,82.42323,56,0.0007,-0.29634,0.04998
6,0.95615,82.42323,57,0.0007,-0.29634,0.04998
6,0.95615,82.42323,58,0.0007,-0.29634,0.04998
6,0.95615,82.42323,59,0.0007,-0.29634,0.04998
6,0.95615,82.42323,60,0.0007,-0.29634,0.04998
6,0.95615,82.42323,61,0.0007,-0.29634,0.04998
6,0.95615,82.42323,62,0.0007,-0.29634,0.04998
6,0.95615,82.42323,63,0.0007,-0.29634,0.04998
6,0.95615,82.42323,64,0.0007,-0.29634,0.04998
6,0.95615,82.42323,65,0.0007,-0.29634,0.04998
6,0.95615,82.42323,66,0.0007,-0.29634,0.04998
6,0.95615,82.42323,67,0.0007,-0.29634,0.04998
7,0.95615,82.42323,1,-0.07316,0.23149,0.04095
7,0.95615,82.42323,2,-0.03184,0.34904,0.15645
7,0.95615,82.42323,3,0.01662,0.41076,0.26751
7,0.95615,82.42323,4,0.07051,0.38708,0.37706
7,0.95615,82.42323,5,0.12125,0.35032,0.47236
7,0.95615,82.42323,6,0.17169,0.31378,0.55334
7,0.95615,82.42323,7,0.22185,0.27744,0.62012
7,0.95615,82.42323,8,0.27177,0.24127,0.67281
7,0.95615,82.42323,9,0.32146,0.20527,0.71148
7,0.95615,82.42323,10,0.37094,0.16942,0.73623
7,0.95615,82.42323,11,0.42022,0.13372,0.7471
7,0.95615,82.42323,12,0.41823,0.10699,0.7498
7,0.95615,82.42323,13,0.39698,0.08477,0.73682
7,0.95615,82.42323,14,0.37578,0.06261,0.7101
7,0.95615,82.42323,15,0.35466,0.04053,0.66969
7,0.95615,82.42323,16,0.33361,0.01853,0.61567
7,0.95615,82.42323,17,0.31266,-0.00337,0.5481
7,0.95615,82.42323,18,0.2918,-0.02518,0.46708
7,0.95615,82.42323,19,0.27104,-0.04688,0.37272
7,0.95615,82.42323,20,0.25041,-0.06845,0.26513
7,0.95615,82.42323,21,0.2299,-0.08989,0.14445
7,0.95615,82.42323,22,0.20927,-0.11312,0.04221
7,0.95615,82.42323,23,0.19581,-0.13187,0.09125
7,0.95615,82.42323,24,0.18242,-0.15051,0.12652
7,0.95615,82.42323,25,0.16906,-0.16909,0.1479
7,0.95615,82.42323,26,0.15574,-0.18763,0.15545
7,0.95615,82.42323,27,0.14245,-0.20612,0.14919
7,0.95615,82.42323,28,0.12919,-0.22457,0.12918
7,0.95615,82.42323,29,0.11597,-0.24296,0.09544
7,0.95615,82.42323,30,0.10134,-0.25526,0.09539
7,0.95615,82.42323,31,0.08601,-0.26452,0.10521
7,0.95615,82.42323,32,0.07071,-0.27375,0.10123
7,0.95615,82.42323,33,0.05545,-0.28297,0.08347
7,0.95615,82.42323,34,0.0403,-0.28887,0.06513
7,0.95615,82.42323,35,0.02912,-0.29253,0.05542
7,0.95615,82.42323,36,0.01758,-0.29334,0.05462
7,0.95615,82.42323,37,0.00829,-0.29393,0.04972
7,0.95615,82.42323,38,0.00295,-0.29578,0.04983
7,0.95615,82.42323,39,0.00071,-0.2964,0.04989
7,0.95615,82.42323,40,0.00067,-0.29639,0.04994
7,0.95615,82.42323,41,0.00069,-0.29636,0.04996
7,0.95615,82.42323,42,0.00069,-0.29635,0.04997
7,0.95615,82.42323,43,0.0007,-0.29634,0.04998
7,0.95615,82.42323,44,0.0007,-0.29634,0.04998
7,0.95615,82.42323,45,0.0007,-0.29634,0.04998
7,0.95615,82.42323,46,0.0007,-0.29634,0.04998
7,0.95615,82.42323,47,0.0007,-0.29634,0.04998
7,0.95615,82.42323,48,0.0007,-0.29634,0.04998
7,0.95615,82.42323,49,0.0007,-0.29634,0.04998
7,0.95615,82.42323,50,0.0007,-0.29634,0.04998
7,0.95615,82.42323,51,0.0007,-0.29634,0.04998
7,0.95615,82.42323,52,0.0007,-0.29634,0.04998
7,0.95615,82.42323,53,0.0007,-0.29634,0.04998
7,0.95615,82.42323,54,0.0007,-0.29634,0.04998
7,0.95615,82.42323,55,0.0007,-0.29634,0.04998
7,0.95615,82.42323,56,0.0007,-0.29634,0.04998
7,0.95615,82.42323,57,0.0007,-0.29634,0.04998
7,0.95615,82.42323,58,0.0007,-0.29634,0.04998
7,0.95615,82.42323,59,0.0007,-0.29634,0.04998
7,0.95615,82.42323,60,0.0007,-0.29634,0.04998
7,0.95615,82.42323,61,0.0007,-0.29634,0.04998
7,0.95615,82.42323,62,0.0007,-0.29634,0.04998
7,0.95615,82.42323,63,0.0007,-0.29634,0.04998
7,0.95615,82.42323,64,0.0007,-0.29634,0.04998
7,0.95615,82.42323,65,0.0007,-0.29634,0.04998
7,0.95615,82.42323,66,0.0007,-0.29634,0.04998
7,0.95615,82.42323,67,0.0007,-0.29634,0.04998
8,0.95615,82.42323,1,-0.07316,0.23149,0.04095
8,0.95615,82.42323,2,-0.03184,0.34904,0.15645
8,0.95615,82.42323,3,0.01662,0.41076,0.26751
8,0.95615,82.42323,4,0.07051,0.38708,0.37706
8,0.95615,82.42323,5,0.12125,0.35032,0.47236
8,0.95615,82.42323,6,0.17169,0.31378,0.55334
8,0.95615,82.42323,7,0.22185,0.27744,0.62012
8,0.95615,82.42323,8,0.27177,0.24127,0.67281
8,0.95615,82.42323,9,0.32146,0.20527,0.71148
8,0.95615,82.42323,10,0.37094,0.16942,0.73623
8,0.95615,82.42323,11,0.42022,0.13372,0.7471
8,0.95615,82.42323,12,0.41823,0.10699,0.7498
8,0.95615,82.42323,13,0.39698,0.08477,0.73682
8,0.95615,82.42323,14,0.37578,0.06261,0.7101
8,0.95615,82.42323,15,0.35466,0.04053,0.66969
8,0.95615,82.42323,16,0.33361,0.01853,0.61567
8,0.95615,82.42323,17,0.31266,-0.00337,0.5481
8,0.95615,82.42323,18,0.2918,-0.02518,0.46708
8,0.95615,82.42323,19,0.27104,-0.04688,0.37272
8,0.95615,82.42323,20,0.25041,-0.06845,0.26513
8,0.95615,82.42323,21,0.2299,-0.08989,0.14445
8,0.95615,82.42323,22,0.20927,-0.11312,0.04221
8,0.95615,82.42323,23,0.19581,-0.13187,0.09125
8,0.95615,82.42323,24,0.18242,-0.15051,0.12652
8,0.95615,82.42323,25,0.16906,-0.16909,0.1479
8,0.95615,82.42323,26,0.15574,-0.18763,0.15545
8,0.95615,82.42323,27,0.14245,-0.20612,0.14919
8,0.95615,82.42323,28,0.12919,-0.22457,0.12918
8,0.95615,82.42323,29,0.11597,-0.24296,0.09544
8,0.95615,82.42323,30,0.10134,-0.25526,0.09539
8,0.95615,82.42323,31,0.08601,-0.26452,0.10521
8,0.95615,82.42323,32,0.07071,-0.27375,0.10123
8,0.95615,82.42323,33,0.05545,-0.28297,0.08347
8,0.95615,82.42323,34,0.0403,-0.28887,0.06513
8,0.95615,82.42323,35,0.02912,-0.29253,0.05542
8,0.95615,82.42323,36,0.01758,-0.29334,0.05462
8,0.95615,82.42323,37,0.00829,-0.29393,0.04972
8,0.95615,82.42323,38,0.00295,-0.29578,0.04983
8,0.95615,82.42323,39,0.00071,-0.2964,0.04989
8,0.95615,82.42323,40,0.00067,-0.29639,0.04994
8,0.95615,82.42323,41,0.00069,-0.29636,0.04996
8,0.95615,82.42323,42,0.00069,-0.29635,0.04997
8,0.95615,82.42323,43,0.0007,-0.29634,0.04998
8,0.95615,82.42323,44,0.0007,-0.29634,0.04998
8,0.95615,82.42323,45,0.0007,-0.29634,0.04998
8,0.95615,82.42323,46,0.0007,-0.29634,0.04998
8,0.95615,82.42323,47,0.0007,-0.29634,0.04998
8,0.95615,82.42323,48,0.0007,-0.29634,0.04998
8,0.95615,82.42323,49,0.0007,-0.29634,0.04998
8,0.95615,82.42323,50,0.0007,-0.29634,0.04998
8,0.95615,82.42323,51,0.0007,-0.29634,0.04998
8,0.95615,82.42323,52,0.0007,-0.29634,0.04998
8,0.95615,82.42323,53,0.0007,-0.29634,0.04998
8,0.95615,82.42323,54,0.0007,-0.29634,0.04998
8,0.95615,82.42323,55,0.0007,-0.29634,0.04998
8,0.95615,82.42323,56,0.0007,-0.29634,0.04998
8,0.95615,82.42323,57,0.0007,-0.29634,0.04998
8,0.95615,82.42323,58,0.0007,-0.29634,0.04998
8,0.95615,82.42323,59,0.0007,-0.29634,0.04998
8,0.95615,82.42323,60,0.0007,-0.29634,0.04998
8,0.95615,82.42323,61,0.0007,-0.29634,0.04998
8,0.95615,82.42323,62,0.0007,-0.29634,0.04998
8,0.95615,82.42323,63,0.0007,-0.29634,0.04998
8,0.95615,82.42323,64,0.0007,-0.29634,0.04998
8,0.95615,82.42323,65,0.0007,-0.29634,0.04998
8,0.95615,82.42323,66,0.0007,-0.29634,0.04998
8,0.95615,82.42323,67,0.0007,-0.29634,0.04998
9,0.95615,82.42323,1,-0.07316,0.23149,0.04095
9,0.95615,82.42323,2,-0.03184,0.34904,0.15645
9,0.95615,82.42323,3,0.01662,0.41076,0.26751
9,0.95615,82.42323,4,0.07051,0.38708,0.37706
9,0.95615,82.42323,5,0.12125,0.35032,0.47236
9,0.95615,82.42323,6,0.17169,0.31378,0.55334
9,0.95615,82.42323,7,0.22185,0.27744,0.62012
9,0.95615,82.42323,8,0.27177,0.24127,0.67281
9,0.95615,82.42323,9,0.32146,0.20527,0.71148
9,0.95615,82.42323,10,0.37094,0.16942,0.73623
9,0.95615,82.42323,11,0.42022,0.13372,0.7471
9,0.95615,82.42323,12,0.41823,0.10699,0.7498
9,0.95615,82.42323,13,0.39698,0.08477,0.73682
9,0.95615,82.42323,14,0.37578,0.06261,0.7101
9,0.95615,82.42323,15,0.35466,0.04053,0.66969
9,0.95615,82.42323,16,0.33361,0.01853,0.61567
9,0.95615,82.42323,17,0.31266,-0.00337,0.5481
9,0.95615,82.42323,18,0.2918,-0.02518,0.46708
9,0.95615,82.42323,19,0.27104,-0.04688,0.37272
9,0.95615,82.42323,20,0.25041,-0.06845,0.26513
9,0.95615,82.42323,21,0.2299,-0.08989,0.14445
9,0.95615,82.42323,22,0.20927,-0.11312,0.04221
9,0.95615,82.42323,23,0.19581,-0.13187,0.09125
9,0.95615,82.42323,24,0.18242,-0.15051,0.12652
9,0.95615,82.42323,25,0.16906,-0.16909,0.1479
9,0.95615,82.42323,26,0.15574,-0.18763,0.15545
9,0.95615,82.42323,27,0.14245,-0.20612,0.14919
9,0.95615,82.42323,28,0.12919,-0.22457,0.12918
9,0.95615,82.42323,29,0.11597,-0.24296,0.09544
9,0.95615,82.42323,30,0.10134,-0.25526,0.09539
9,0.95615,82.42323,31,0.08601,-0.26452,0.10521
9,0.95615,82.42323,32,0.07071,-0.27375,0.10123
9,0.95615,82.42323,33,0.05545,-0.28297,0.08347
9,0.95615,82.42323,34,0.0403,-0.28887,0.06513
9,0.95615,82.42323,35,0.02912,-0.29253,0.05542
9,0.95615,82.42323,36,0.01758,-0.29334,0.05462
9,0.95615,82.42323,37,0.00829,-0.29393,0.04972
9,0.95615,82.42323,38,0.00295,-0.29578,0.04983
9,0.95615,82.42323,39,0.00071,-0.2964,0.04989
9,0.95615,82.42323,40,0.00067,-0.29639,0.04994
9,0.95615,82.42323,41,0.00069,-0.29636,0.04996
9,0.95615,82.42323,42,0.00069,-0.29635,0.04997
9,0.95615,82.42323,43,0.0007,-0.29634,0.04998
9,0.95615,82.42323,44,0.0007,-0.29634,0.04998
9,0.95615,82.42323,45,0.0007,-0.29634,0.04998
9,0.95615,82.42323,46,0.0007,-0.29634,0.04998
9,0.95615,82.42323,47,0.0007,-0.29634,0.04998
9,0.95615,82.42323,48,0.0007,-0.29634,0.04998
9,0.95615,82.42323,49,0.0007,-0.29634,0.04998
9,0.95615,82.42323,50,0.0007,-0.29634,0.04998
9,0.95615,82.42323,51,0.0007,-0.29634,0.04998
9,0.95615,82.42323,52,0.0007,-0.29634,0.04998
9,0.95615,82.42323,53,0.0007,-0.29634,0.04998
9,0.95615,82.42323,54,0.0007,-0.29634,0.04998
9,0.95615,82.42323,55,0.0007,-0.29634,0.04998
9,0.95615,82.42323,56,0.0007,-0.29634,0.04998
9,0.95615,82.42323,57,0.0007,-0.29634,0.04998
9,0.95615,82.42323,58,0.0007,-0.29634,0.04998
9,0.95615,82.42323,59,0.0007,-0.29634,0.04998
9,0.95615,82.42323,60,0.0007,-0.29634,0.04998
9,0.95615,82.42323,61,0.0007,-0.29634,0.04998
9,0.95615,82.42323,62,0.0007,-0.29634,0.04998
9,0.95615,82.42323,63,0.0007,-0.29634,0.04998
9,0.95615,82.42323,64,0.0007,-0.29634,0.04998
9,0.95615,82.42323,65,0.0007,-0.29634,0.04998
9,0.95615,82.42323,66,0.0007,-0.29634,0.04998
9,0.95615,82.42323,67,0.0007,-0.29634,0.04998
10,0.94594,57.86104,1,-0.07316,0.23147,0.04077
10,0.94594,57.86104,2,-0.03185,0.34874,0.15505
10,0.94594,57.86104,3,0.01653,0.41015,0.26481
10,0.94594,57.86104,4,0.06998,0.38498,0.37244
10,0.94594,57.86104,5,0.12005,0.34582,0.46544
10,0.94594,57.86104,6,0.16982,0.30689,0.54413
10,0.94594,57.86104,7,0.21933,0.26816,0.60865
10,0.94594,57.86104,8,0.2686,0.22962,0.65908
10,0.94594,57.86104,9,0.31764,0.19126,0.69551
10,0.94594,57.86104,10,0.36647,0.15307,0.71802
10,0.94594,57.86104,11,0.4151,0.11502,0.72666
10,0.94594,57.86104,12,0.42196,0.08431,0.72666
10,0.94594,57.86104,13,0.40254,0.05955,0.71179
10,0.94594,57.86104,14,0.38317,0.03487,0.68318
10,0.94594,57.86104,15,0.36387,0.01027,0.6409
10,0.94594,57.86104,16,0.34464,-0.01422,0.585
10,0.94594,57.86104,17,0.3255,-0.03862,0.51558
10,0.94594,57.86104,18,0.30644,-0.06291,0.43272
10,0.94594,57.86104,19,0.28749,-0.08707,0.33654
10,0.94594,57.86104,20,0.26865,-0.11109,0.22715
10,0.94594,57.86104,21,0.24992,-0.13495,0.10468
10,0.94594,57.86104,22,0.23977,-0.15529,0.07262
10,0.94594,57.86104,23,0.23578,-0.18026,0.11358
10,0.94594,57.86104,24,0.23181,-0.20514,0.14062
10,0.94594,57.86104,25,0.22785,-0.22995,0.15381
10,0.94594,57.86104,26,0.22389,-0.25471,0.15318
10,0.94594,57.86104,27,0.21995,-0.27939,0.13878
10,0.94594,57.86104,28,0.21601,-0.30401,0.11064
10,0.94594,57.86104,29,0.21105,-0.32656,0.07781
10,0.94594,57.86104,30,0.1978,-0.33311,0.10316
10,0.94594,57.86104,31,0.18457,-0.33964,0.11467
10,0.94594,57.86104,32,0.17138,-0.34616,0.11237
10,0.94594,57.86104,33,0.15821,-0.35267,0.0963
10,0.94594,57.86104,34,0.14508,-0.35916,0.06648
10,0.94594,57.86104,35,0.14103,-0.36386,0.05998
10,0.94594,57.86104,36,0.1351,-0.36402,0.06306
10,0.94594,57.86104,37,0.12954,-0.36449,0.05421
10,0.94594,57.86104,38,0.12477,-0.36534,0.05187
10,0.94594,57.86104,39,0.12038,-0.36502,0.0515
10,0.94594,57.86104,40,0.11801,-0.36488,0.05029
10,0.94594,57.86104,41,0.11714,-0.36386,0.04998
10,0.94594,57.86104,42,0.11727,-0.36394,0.04998
10,0.94594,57.86104,43,0.11735,-0.364,0.04998
10,0.94594,57.86104,44,0.11735,-0.364,0.04998
10,0.94594,57.86104,45,0.11735,-0.364,0.04998
10,0.94594,57.86104,46,0.11735,-0.364,0.04998
10,0.94594,57.86104,47,0.11735,-0.364,0.04998
10,0.94594,57.86104,48,0.11735,-0.364,0.04998
10,0.94594,57.86104,49,0.11735,-0.364,0.04998
10,0.94594,57.86104,50,0.11735,-0.364,0.04998
10,0.94594,57.86104,51,0.11735,-0.364,0.04998
10,0.94594,57.86104,52,0.11735,-0.364,0.04998
10,0.94594,57.86104,53,0.11735,-0.364,0.04998
10,0.94594,57.86104,54,0.11735,-0.364,0.04998
10,0.94594,57.86104,55,0.11735,-0.364,0.04998
10,0.94594,57.86104,56,0.11735,-0.364,0.04998
10,0.94594,57.86104,57,0.11735,-0.36401,0.04998
10,0.94594,57.86104,58,0.11735,-0.36401,0.04998
10,0.94594,57.86104,59,0.11735,-0.36401,0.04998
10,0.94594,57.86104,60,0.11735,-0.36401,0.04998
10,0.94594,57.86104,61,0.11735,-0.36401,0.04998
10,0.94594,57.86104,62,0.11735,-0.36401,0.04998
10,0.94594,57.86104,63,0.11735,-0.36401,0.04998
10,0.94594,57.86104,64,0.11735,-0.36401,0.04998
10,0.94594,57.86104,65,0.11735,-0.36401,0.04998
10,0.94594,57.86104,66,0.11735,-0.36401,0.04998
10,0.94594,57.86104,67,0.11735,-0.36401,0.04998
11,0.95615,82.42323,1,-0.07316,0.23149,0.04095
11,0.95615,82.42323,2,-0.03184,0.34904,0.15645
11,0.95615,82.42323,3,0.01662,0.41076,0.26751
11,0.95615,82.42323,4,0.07051,0.38708,0.37706
11,0.95615,82.42323,5,0.12125,0.35032,0.47236
11,0.95615,82.42323,6,0.17169,0.31378,0.55334
11,0.95615,82.42323,7,0.22185,0.27744,0.62012
11,0.95615,82.42323,8,0.27177,0.24127,0.67281
11,0.95615,82.42323,9,0.32146,0.20527,0.71148
11,0.95615,82.42323,10,0.37094,0.16942,0.73623
11,0.95615,82.42323,11,0.42022,0.13372,0.7471
11,0.95615,82.42323,12,0.41823,0.10699,0.7498
11,0.95615,82.42323,13,0.39698,0.08477,0.73682
11,0.95615,82.42323,14,0.37578,0.06261,0.7101
11,0.95615,82.42323,15,0.35466,0.04053,0.66969
11,0.95615,82.42323,16,0.33361,0.01853,0.61567
11,0.95615,82.42323,17,0.31266,-0.00337,0.5481
11,0.95615,82.42323,18,0.2918,-0.02518,0.46708
11,0.95615,82.42323,19,0.27104,-0.04688,0.37272
11,0.95615,82.42323,20,0.25041,-0.06845,0.26513
11,0.95615,82.42323,21,0.2299,-0.08989,0.14445
11,0.95615,82.42323,22,0.20927,-0.11312,0.04221
11,0.95615,82.42323,23,0.19581,-0.13187,0.09125
11,0.95615,82.42323,24,0.18242,-0.15051,0.12652
11,0.95615,82.42323,25,0.16906,-0.16909,0.1479
11,0.95615,82.42323,26,0.15574,-0.18763,0.15545
11,0.95615,82.42323,27,0.14245,-0.20612,0.14919
11,0.95615,82.42323,28,0.12919,-0.22457,0.12918
11,0.95615,82.42323,29,0.11597,-0.24296,0.09544
11,0.95615,82.42323,30,0.10134,-0.25526,0.09539
11,0.95615,82.42323,31,0.08601,-0.26452,0.10521
11,0.95615,82.42323,32,0.07071,-0.27375,0.10123
11,0.95615,82.42323,33,0.05545,-0.28297,0.08347
11,0.95615,82.42323,34,0.0403,-0.28887,0.06513
11,0.95615,82.42323,35,0.02912,-0.29253,0.05542
11,0.95615,82.42323,36,0.01758,-0.29334,0.05462
11,0.95615,82.42323,37,0.00829,-0.29393,0.04972
11,0.95615,82.42323,38,0.00295,-0.29578,0.04983
11,0.95615,82.42323,39,0.00071,-0.2964,0.04989
11,0.95615,82.42323,40,0.00067,-0.29639,0.04994
11,0.95615,82.42323,41,0.00069,-0.29636,0.04996
11,0.95615,82.42323,42,0.00069,-0.29635,0.04997
11,0.95615,82.42323,43,0.0007,-0.29634,0.04998
11,0.95615,82.42323,44,0.0007,-0.29634,0.04998
11,0.95615,82.42323,45,0.0007,-0.29634,0.04998
11,0.95615,82.42323,46,0.0007,-0.29634,0.04998
11,0.95615,82.42323,47,0.0007,-0.29634,0.04998
11,0.95615,82.42323,48,0.0007,-0.29634,0.04998
11,0.95615,82.42323,49,0.0007,-0.29634,0.04998
11,0.95615,82.42323,50,0.0007,-0.29634,0.04998
11,0.95615,82.42323,51,0.0007,-0.29634,0.04998
11,0.95615,82.42323,52,0.0007,-0.29634,0.04998
11,0.95615,82.42323,53,0.0007,-0.29634,0.04998
11,0.95615,82.42323,54,0.0007,-0.29634,0.04998
11,0.95615,82.42323,55,0.0007,-0.29634,0.04998
11,0.95615,82.42323,56,0.0007,-0.29634,0.04998
11,0.95615,82.42323,57,0.0007,-0.29634,0.04998
11,0.95615,82.42323,58,0.0007,-0.29634,0.04998
11,0.95615,82.42323,59,0.0007,-0.29634,0.04998
11,0.95615,82.42323,60,0.0007,-0.29634,0.04998
11,0.95615,82.42323,61,0.0007,-0.29634,0.04998
11,0.95615,82.42323,62,0.0007,-0.29634,0.04998
11,0.95615,82.42323,63,0.0007,-0.29634,0.04998
11,0.95615,82.42323,64,0.0007,-0.29634,0.04998
11,0.95615,82.42323,65,0.0007,-0.29634,0.04998
11,0.95615,82.42323,66,0.0007,-0.29634,0.04998
11,0.95615,82.42323,67,0.0007,-0.29634,0.04998
12,0.95615,82.42323,1,-0.07316,0.23149,0.04095
12,0.95615,82.42323,2,-0.03184,0.34904,0.15645
12,0.95615,82.42323,3,0.01662,0.41076,0.26751
12,0.95615,82.42323,4,0.07051,0.38708,0.37706
12,0.95615,82.42323,5,0.12125,0.35032,0.47236
12,0.95615,82.42323,6,0.17169,0.31378,0.55334
12,0.95615,82.42323,7,0.22185,0.27744,0.62012
12,0.95615,82.42323,8,0.27177,0.24127,0.67281
12,0.95615,82.42323,9,0.32146,0.20527,0.71148
12,0.95615,82.42323,10,0.37094,0.16942,0.73623
12,0.95615,82.42323,11,0.42022,0.13372,0.7471
12,0.95615,82.42323,12,0.41823,0.10699,0.7498
12,0.95615,82.42323,13,0.39698,0.08477,0.73682
12,0.95615,82.42323,14,0.37578,0.06261,0.7101
12,0.95615,82.42323,15,0.35466,0.04053,0.66969
12,0.95615,82.42323,16,0.33361,0.01853,0.61567
12,0.95615,82.42323,17,0.31266,-0.00337,0.5481
12,0.95615,82.42323,18,0.2918,-0.02518,0.46708
12,0.95615,82.42323,19,0.27104,-0.04688,0.37272
12,0.95615,82.42323,20,0.25041,-0.06845,0.26513
12,0.95615,82.42323,21,0.2299,-0.08989,0.14445
12,0.95615,82.42323,22,0.20927,-0.11312,0.04221
12,0.95615,82.42323,23,0.19581,-0.13187,0.09125
12,0.95615,82.42323,24,0.18242,-0.15051,0.12652
12,0.95615,82.42323,25,0.16906,-0.16909,0.1479
12,0.95615,82.42323,26,0.15574,-0.18763,0.15545
12,0.95615,82.42323,27,0.14245,-0.20612,0.14919
12,0.95615,82.42323,28,0.12919,-0.22457,0.12918
12,0.95615,82.42323,29,0.11597,-0.24296,0.09544
12,0.95615,82.42323,30,0.10134,-0.25526,0.09539
12,0.95615,82.42323,31,0.08601,-0.26452,0.10521
12,0.95615,82.42323,32,0.07071,-0.27375,0.10123
12,0.95615,82.42323,33,0.05545,-0.28297,0.08347
12,0.95615,82.42323,34,0.0403,-0.28887,0.06513
12,0.95615,82.42323,35,0.02912,-0.29253,0.05542
12,0.95615,82.42323,36,0.01758,-0.29334,0.05462
12,0.95615,82.42323,37,0.00829,-0.29393,0.04972
12,0.95615,82.42323,38,0.00295,-0.29578,0.04983
12,0.95615,82.42323,39,0.00071,-0.2964,0.04989
12,0.95615,82.42323,40,0.00067,-0.29639,0.04994
12,0.95615,82.42323,41,0.00069,-0.29636,0.04996
12,0.95615,82.42323,42,0.00069,-0.29635,0.04997
12,0.95615,82.42323,43,0.0007,-0.29634,0.04998
12,0.95615,82.42323,44,0.0007,-0.29634,0.04998
12,0.95615,82.42323,45,0.0007,-0.29634,0.04998
12,0.95615,82.42323,46,0.0007,-0.29634,0.04998
12,0.95615,82.42323,47,0.0007,-0.29634,0.04998
12,0.95615,82.42323,48,0.0007,-0.29634,0.04998
12,0.95615,82.42323,49,0.0007,-0.29634,0.04998
12,0.95615,82.42323,50,0.0007,-0.29634,0.04998
12,0.95615,82.42323,51,0.0007,-0.29634,0.04998
12,0.95615,82.42323,52,0.0007,-0.29634,0.04998
12,0.95615,82.42323,53,0.0007,-0.29634,0.04998
12,0.95615,82.42323,54,0.0007,-0.29634,0.04998
12,0.95615,82.42323,55,0.0007,-0.29634,0.04998
12,0.95615,82.42323,56,0.0007,-0.29634,0.04998
12,0.95615,82.42323,57,0.0007,-0.29634,0.04998
12,0.95615,82.42323,58,0.0007,-0.29634,0.04998
12,0.95615,82.42323,59,0.0007,-0.29634,0.04998
12,0.95615,82.42323,60,0.0007,-0.29634,0.04998
12,0.95615,82.42323,61,0.0007,-0.29634,0.04998
12,0.95615,82.42323,62,0.0007,-0.29634,0.04998
12,0.95615,82.42323,63,0.0007,-0.29634,0.04998
12,0.95615,82.42323,64,0.0007,-0.29634,0.04998
12,0.95615,82.42323,65,0.0007,-0.29634,0.04998
12,0.95615,82.42323,66,0.0007,-0.29634,0.04998
12,0.95615,82.42323,67,0.0007,-0.29634,0.04998
13,0.95615,82.42323,1,-0.07316,0.23149,0.04095
13,0.95615,82.42323,2,-0.03184,0.34904,0.15645
13,0.95615,82.42323,3,0.01662,0.41076,0.26751
13,0.95615,82.42323,4,0.07051,0.38708,0.37706
13,0.95615,82.42323,5,0.12125,0.35032,0.47236
13,0.95615,82.42323,6,0.17169,0.31378,0.55334
13,0.95615,82.42323,7,0.22185,0.27744,0.62012
13,0.95615,82.42323,8,0.27177,0.24127,0.67281
13,0.95615,82.42323,9,0.32146,0.20527,0.71148
13,0.95615,82.42323,10,0.37094,0.16942,0.73623
13,0.95615,82.42323,11,0.42022,0.13372,0.7471
13,0.95615,82.42323,12,0.41823,0.10699,0.7498
13,0.95615,82.42323,13,0.39698,0.08477,0.73682
13,0.95615,82.42323,14,0.37578,0.06261,0.7101
13,0.95615,82.42323,15,0.35466,0.04053,0.66969
13,0.95615,82.42323,16,0.33361,0.01853,0.61567
13,0.95615,82.42323,17,0.31266,-0.00337,0.5481
13,0.95615,82.42323,18,0.2918,-0.02518,0.46708
13,0.95615,82.42323,19,0.27104,-0.04688,0.37272
13,0.95615,82.42323,20,0.25041,-0.06845,0.26513
13,0.95615,82.42323,21,0.2299,-0.08989,0.14445
13,0.95615,82.42323,22,0.20927,-0.11312,0.04221
13,0.95615,82.42323,23,0.19581,-0.13187,0.09125
13,0.95615,82.42323,24,0.18242,-0.15051,0.12652
13,0.95615,82.42323,25,0.16906,-0.16909,0.1479
13,0.95615,82.42323,26,0.15574,-0.18763,0.15545
13,0.95615,82.42323,27,0.14245,-0.20612,0.14919
13,0.95615,82.42323,28,0.12919,-0.22457,0.12918
13,0.95615,82.42323,29,0.11597,-0.24296,0.09544
13,0.95615,82.42323,30,0.10134,-0.25526,0.09539
13,0.95615,82.42323,31,0.08601,-0.26452,0.10521
13,0.95615,82.42323,32,0.07071,-0.27375,0.10123
13,0.95615,82.42323,33,0.05545,-0.28297,0.08347
13,0.95615,82.42323,34,0.0403,-0.28887,0.06513
13,0.95615,82.42323,35,0.02912,-0.29253,0.05542
13,0.95615,82.42323,36,0.01758,-0.29334,0.05462
13,0.95615,82.42323,37,0.00829,-0.29393,0.04972
13,0.95615,82.42323,38,0.00295,-0.29578,0.04983
13,0.95615,82.42323,39,0.00071,-0.2964,0.04989
13,0.95615,82.42323,40,0.00067,-0.29639,0.04994
13,0.95615,82.42323,41,0.00069,-0.29636,0.04996
13,0.95615,82.42323,42,0.00069,-0.29635,0.04997
13,0.95615,82.42323,43,0.0007,-0.29634,0.04998
13,0.95615,82.42323,44,0.0007,-0.29634,0.04998
13,0.95615,82.42323,45,0.0007,-0.29634,0.04998
13,0.95615,82.42323,46,0.0007,-0.29634,0.04998
13,0.95615,82.42323,47,0.0007,-0.29634,0.04998
13,0.95615,82.42323,48,0.0007,-0.29634,0.04998
13,0.95615,82.42323,49,0.0007,-0.29634,0.04998
13,0.95615,82.42323,50,0.0007,-0.29634,0.04998
13,0.95615,82.42323,51,0.0007,-0.29634,0.04998
13,0.95615,82.42323,52,0.0007,-0.29634,0.04998
13,0.95615,82.42323,53,0.0007,-0.29634,0.04998
13,0.95615,82.42323,54,0.0007,-0.29634,0.04998
13,0.95615,82.42323,55,0.0007,-0.29634,0.04998
13,0.95615,82.42323,56,0.0007,-0.29634,0.04998
13,0.95615,82.42323,57,0.0007,-0.29634,0.04998
13,0.95615,82.42323,58,0.0007,-0.29634,0.04998
13,0.95615,82.42323,59,0.0007,-0.29634,0.04998
13,0.95615,82.42323,60,0.0007,-0.29634,0.04998
13,0.95615,82.42323,61,0.0007,-0.29634,0.04998
13,0.95615,82.42323,62,0.0007,-0.29634,0.04998
13,0.95615,82.42323,63,0.0007,-0.29634,0.04998
13,0.95615,82.42323,64,0.0007,-0.29634,0.04998
13,0.95615,82.42323,65,0.0007,-0.29634,0.04998
13,0.95615,82.42323,66,0.0007,-0.29634,0.04998
13,0.95615,82.42323,67,0.0007,-0.29634,0.04998
14,0.95615,82.42323,1,-0.07316,0.23149,0.04095
14,0.95615,82.42323,2,-0.03184,0.34904,0.15645
14,0.95615,82.42323,3,0.01662,0.41076,0.26751
14,0.95615,82.42323,4,0.07051,0.38708,0.37706
14,0.95615,82.42323,5,0.12125,0.35032,0.47236
14,0.95615,82.42323,6,0.17169,0.31378,0.55334
14,0.95615,82.42323,7,0.22185,0.27744,0.62012
14,0.95615,82.42323,8,0.27177,0.24127,0.67281
14,0.95615,82.42323,9,0.32146,0.20527,0.71148
14,0.95615,82.42323,10,0.37094,0.16942,0.73623
14,0.95615,82.42323,11,0.42022,0.13372,0.7471
14,0.95615,82.42323,12,0.41823,0.10699,0.7498
14,0.95615,82.42323,13,0.39698,0.08477,0.73682
14,0.95615,82.42323,14,0.37578,0.06261,0.7101
14,0.95615,82.42323,15,0.35466,0.04053,0.66969
14,0.95615,82.42323,16,0.33361,0.01853,0.61567
14,0.95615,82.42323,17,0.31266,-0.00337,0.5481
14,0.95615,82.42323,18,0.2918,-0.02518,0.46708
14,0.95615,82.42323,19,0.27104,-0.04688,0.37272
14,0.95615,82.42323,20,0.25041,-0.06845,0.26513
14,0.95615,82.42323,21,0.2299,-0.08989,0.14445
14,0.95615,82.42323,22,0.20927,-0.11312,0.04221
14,0.95615,82.42323,23,0.19581,-0.13187,0.09125
14,0.95615,82.42323,24,0.18242,-0.15051,0.12652
14,0.95615,82.42323,25,0.16906,-0.16909,0.1479
14,0.95615,82.42323,26,0.15574,-0.18763,0.15545
14,0.95615,82.42323,27,0.14245,-0.20612,0.14919
14,0.95615,82.42323,28,0.12919,-0.22457,0.12918
14,0.95615,82.42323,29,0.11597,-0.24296,0.09544
14,0.95615,82.42323,30,0.10134,-0.25526,0.09539
14,0.95615,82.42323,31,0.08601,-0.26452,0.10521
14,0.95615,82.42323,32,0.07071,-0.27375,0.10123
14,0.95615,82.42323,33,0.05545,-0.28297,0.08347
14,0.95615,82.42323,34,0.0403,-0.28887,0.06513
14,0.95615,82.42323,35,0.02912,-0.29253,0.05542
14,0.95615,82.42323,36,0.01758,-0.29334,0.05462
14,0.95615,82.42323,37,0.00829,-0.29393,0.04972
14,0.95615,82.42323,38,0.00295,-0.29578,0.04983
14,0.95615,82.42323,39,0.00071,-0.2964,0.04989
14,0.95615,82.42323,40,0.00067,-0.29639,0.04994
14,0.95615,82.42323,41,0.00069,-0.29636,0.04996
14,0.95615,82.42323,42,0.00069,-0.29635,0.04997
14,0.95615,82.42323,43,0.0007,-0.29634,0.04998
14,0.95615,82.42323,44,0.0007,-0.29634,0.04998
14,0.95615,82.42323,45,0.0007,-0.29634,0.04998
14,0.95615,82.42323,46,0.0007,-0.29634,0.04998
14,0.95615,82.42323,47,0.0007,-0.29634,0.04998
14,0.95615,82.42323,48,0.0007,-0.29634,0.04998
14,0.95615,82.42323,49,0.0007,-0.29634,0.04998
14,0.95615,82.42323,50,0.0007,-0.29634,0.04998
14,0.95615,82.42323,51,0.0007,-0.29634,0.04998
14,0.95615,82.42323,52,0.0007,-0.29634,0.04998
14,0.95615,82.42323,53,0.0007,-0.29634,0.04998
14,0.95615,82.42323,54,0.0007,-0.29634,0.04998
14,0.95615,82.42323,55,0.0007,-0.29634,0.04998
14,0.95615,82.42323,56,0.0007,-0.29634,0.04998
14,0.95615,82.42323,57,0.0007,-0.29634,0.04998
14,0.95615,82.42323,58,0.0007,-0.29634,0.04998
14,0.95615,82.42323,59,0.0007,-0.29634,0.04998
14,0.95615,82.42323,60,0.0007,-0.29634,0.04998
14,0.95615,82.42323,61,0.0007,-0.29634,0.04998
14,0.95615,82.42323,62,0.0007,-0.29634,0.04998
14,0.95615,82.42323,63,0.0007,-0.29634,0.04998
14,0.95615,82.42323,64,0.0007,-0.29634,0.04998
14,0.95615,82.42323,65,0.0007,-0.29634,0.04998
14,0.95615,82.42323,66,0.0007,-0.29634,0.04998
14,0.95615,82.42323,67,0.0007,-0.29634,0.04998
15,0.95615,82.42323,1,-0.07316,0.23149,0.04095
15,0.95615,82.42323,2,-0.03184,0.34904,0.15645
15,0.95615,82.42323,3,0.01662,0.41076,0.26751
15,0.95615,82.42323,4,0.07051,0.38708,0.37706
15,0.95615,82.42323,5,0.12125,0.35032,0.47236
15,0.95615,82.42323,6,0.17169,0.31378,0.55334
15,0.95615,82.42323,7,0.22185,0.27744,0.62012
15,0.95615,82.42323,8,0.27177,0.24127,0.67281
15,0.95615,82.42323,9,0.32146,0.20527,0.71148
15,0.95615,82.42323,10,0.37094,0.16942,0.73623
15,0.95615,82.42323,11,0.42022,0.13372,0.7471
15,0.95615,82.42323,12,0.41823,0.10699,0.7498
15,0.95615,82.42323,13,0.39698,0.08477,0.73682
15,0.95615,82.42323,14,0.37578,0.06261,0.7101
15,0.95615,82.42323,15,0.35466,0.04053,0.66969
15,0.95615,82.42323,16,0.33361,0.01853,0.61567
15,0.95615,82.42323,17,0.31266,-0.00337,0.5481
15,0.95615,82.42323,18,0.2918,-0.02518,0.46708
15,0.95615,82.42323,19,0.27104,-0.04688,0.37272
15,0.95615,82.42323,20,0.25041,-0.06845,0.26513
15,0.95615,82.42323,21,0.2299,-0.08989,0.14445
15,0.95615,82.42323,22,0.20927,-0.11312,0.04221
15,0.95615,82.42323,23,0.19581,-0.13187,0.09125
15,0.95615,82.42323,24,0.18242,-0.15051,0.12652
15,0.95615,82.42323,25,0.16906,-0.16909,0.1479
15,0.95615,82.42323,26,0.15574,-0.18763,0.15545
15,0.95615,82.42323,27,0.14245,-0.20612,0.14919
15,0.95615,82.42323,28,0.12919,-0.22457,0.12918
15,0.95615,82.42323,29,0.11597,-0.24296,0.09544
15,0.95615,82.42323,30,0.10134,-0.25526,0.09539
15,0.95615,82.42323,31,0.08601,-0.26452,0.10521
15,0.95615,82.42323,32,0.07071,-0.27375,0.10123
15,0.95615,82.42323,33,0.05545,-0.28297,0.08347
15,0.95615,82.42323,34,0.0403,-0.28887,0.06513
15,0.95615,82.42323,35,0.02912,-0.29253,0.05542
15,0.95615,82.42323,36,0.01758,-0.29334,0.05462
15,0.95615,82.42323,37,0.00829,-0.29393,0.04972
15,0.95615,82.42323,38,0.00295,-0.29578,0.04983
15,0.95615,82.42323,39,0.00071,-0.2964,0.04989
15,0.95615,82.42323,40,0.00067,-0.29639,0.04994
15,0.95615,82.42323,41,0.00069,-0.29636,0.04996
15,0.95615,82.42323,42,0.00069,-0.29635,0.04997
15,0.95615,82.42323,43,0.0007,-0.29634,0.04998
15,0.95615,82.42323,44,0.0007,-0.29634,0.04998
15,0.95615,82.42323,45,0.0007,-0.29634,0.04998
15,0.95615,82.42323,46,0.0007,-0.29634,0.04998
15,0.95615,82.42323,47,0.0007,-0.29634,0.04998
15,0.95615,82.42323,48,0.0007,-0.29634,0.04998
15,0.95615,82.42323,49,0.0007,-0.29634,0.04998
15,0.95615,82.42323,50,0.0007,-0.29634,0.04998
15,0.95615,82.42323,51,0.0007,-0.29634,0.04998
15,0.95615,82.42323,52,0.0007,-0.29634,0.04998
15,0.95615,82.42323,53,0.0007,-0.29634,0.04998
15,0.95615,82.42323,54,0.0007,-0.29634,0.04998
15,0.95615,82.42323,55,0.0007,-0.29634,0.04998
15,0.95615,82.42323,56,0.0007,-0.29634,0.04998
15,0.95615,82.42323,57,0.0007,-0.29634,0.04998
15,0.95615,82.42323,58,0.0007,-0.29634,0.04998
15,0.95615,82.42323,59,0.0007,-0.29634,0.04998
15,0.95615,82.42323,60,0.0007,-0.29634,0.04998
15,0.95615,82.42323,61,0.0007,-0.29634,0.04998
15,0.95615,82.42323,62,0.0007,-0.29634,0.04998
15,0.95615,82.42323,63,0.0007,-0.29634,0.04998
15,0.95615,82.42323,64,0.0007,-0.29634,0.04998
15,0.95615,82.42323,65,0.0007,-0.29634,0.04998
15,0.95615,82.42323,66,0.0007,-0.29634,0.04998
15,0.95615,82.42323,67,0.0007,-0.29634,0.04998
16,0.95615,82.42323,1,-0.07316,0.23149,0.04095
16,0.95615,82.42323,2,-0.03184,0.34904,0.15645
16,0.95615,82.42323,3,0.01662,0.41076,0.26751
16,0.95615,82.42323,4,0.07051,0.38708,0.37706
16,0.95615,82.42323,5,0.12125,0.35032,0.47236
16,0.95615,82.42323,6,0.17169,0.31378,0.55334
16,0.95615,82.42323,7,0.22185,0.27744,0.62012
16,0.95615,82.42323,8,0.27177,0.24127,0.67281
16,0.95615,82.42323,9,0.32146,0.20527,0.71148
16,0.95615,82.42323,10,0.37094,0.16942,0.73623
16,0.95615,82.42323,11,0.42022,0.13372,0.7471
16,0.95615,82.42323,12,0.41823,0.10699,0.7498
16,0.95615,82.42323,13,0.39698,0.08477,0.73682
16,0.95615,82.42323,14,0.37578,0.06261,0.7101
16,0.95615,82.42323,15,0.35466,0.04053,0.66969
16,0.95615,82.42323,16,0.33361,0.01853,0.61567
16,0.95615,82.42323,17,0.31266,-0.00337,0.5481
16,0.95615,82.42323,18,0.2918,-0.02518,0.46708
16,0.95615,82.42323,19,0.27104,-0.04688,0.37272
16,0.95615,82.42323,20,0.25041,-0.06845,0.26513
16,0.95615,82.42323,21,0.2299,-0.08989,0.14445
16,0.95615,82.42323,22,0.20927,-0.11312,0.04221
16,0.95615,82.42323,23,0.19581,-0.13187,0.09125
16,0.95615,82.42323,24,0.18242,-0.15051,0.12652
16,0.95615,82.42323,25,0.16906,-0.16909,0.1479
16,0.95615,82.42323,26,0.15574,-0.18763,0.15545
16,0.95615,82.42323,27,0.14245,-0.20612,0.14919
16,0.95615,82.42323,28,0.12919,-0.22457,0.12918
16,0.95615,82.42323,29,0.11597,-0.24296,0.09544
16,0.95615,82.42323,30,0.10134,-0.25526,0.09539
16,0.95615,82.42323,31,0.08601,-0.26452,0.10521
16,0.95615,82.42323,32,0.07071,-0.27375,0.10123
16,0.95615,82.42323,33,0.05545,-0.28297,0.08347
16,0.95615,82.42323,34,0.0403,-0.28887,0.06513
16,0.95615,82.42323,35,0.02912,-0.29253,0.05542
16,0.95615,82.42323,36,0.01758,-0.29334,0.05462
16,0.95615,82.42323,37,0.00829,-0.29393,0.04972
16,0.95615,82.42323,38,0.00295,-0.29578,0.04983
16,0.95615,82.42323,39,0.00071,-0.2964,0.04989
16,0.95615,82.42323,40,0.00067,-0.29639,0.04994
16,0.95615,82.42323,41,0.00069,-0.29636,0.04996
16,0.95615,82.42323,42,0.00069,-0.29635,0.04997
16,0.95615,82.42323,43,0.0007,-0.29634,0.04998
16,0.95615,82.42323,44,0.0007,-0.29634,0.04998
16,0.95615,82.42323,45,0.0007,-0.29634,0.04998
16,0.95615,82.42323,46,0.0007,-0.29634,0.04998
16,0.95615,82.42323,47,0.0007,-0.29634,0.04998
16,0.95615,82.42323,48,0.0007,-0.29634,0.04998
16,0.95615,82.42323,49,0.0007,-0.29634,0.04998
16,0.95615,82.42323,50,0.0007,-0.29634,0.04998
16,0.95615,82.42323,51,0.0007,-0.29634,0.04998
16,0.95615,82.42323,52,0.0007,-0.29634,0.04998
16,0.95615,82.42323,53,0.0007,-0.29634,0.04998
16,0.95615,82.42323,54,0.0007,-0.29634,0.04998
16,0.95615,82.42323,55,0.0007,-0.29634,0.04998
16,0.95615,82.42323,56,0.0007,-0.29634,0.04998
16,0.95615,82.42323,57,0.0007,-0.29634,0.04998
16,0.95615,82.42323,58,0.0007,-0.29634,0.04998
16,0.95615,82.42323,59,0.0007,-0.29634,0.04998
16,0.95615,82.42323,60,0.0007,-0.29634,0.04998
16,0.95615,82.42323,61,0.0007,-0.29634,0.04998
16,0.95615,82.42323,62,0.0007,-0.29634,0.04998
16,0.95615,82.42323,63,0.0007,-0.29634,0.04998
16,0.95615,82.42323,64,0.0007,-0.29634,0.04998
16,0.95615,82.42323,65,0.0007,-0.29634,0.04998
16,0.95615,82.42323,66,0.0007,-0.29634,0.04998
16,0.95615,82.42323,67,0.0007,-0.29634,0.04998
17,0.95584,80.46913,1,-0.07316,0.23149,0.04095
17,0.95584,80.46913,2,-0.03184,0.34903,0.15641
17,0.95584,80.46913,3,0.01661,0.41074,0.26743
17,0.95584,80.46913,4,0.0705,0.38701,0.37691
17,0.95584,80.46913,5,0.12121,0.35018,0.47214
17,0.95584,80.46913,6,0.17163,0.31356,0.55305
17,0.95584,80.46913,7,0.22177,0.27714,0.61977
17,0.95584,80.46913,8,0.27167,0.2409,0.67238
17,0.95584,80.46913,9,0.32134,0.20482,0.71099
17,0.95584,80.46913,10,0.3708,0.1689,0.73567
17,0.95584,80.46913,11,0.42006,0.13312,0.74647
17,0.95584,80.46913,12,0.41823,0.10629,0.7491
17,0.95584,80.46913,13,0.39724,0.08394,0.73605
17,0.95584,80.46913,14,0.37631,0.06165,0.70927
17,0.95584,80.46913,15,0.35545,0.03944,0.66881
17,0.95584,80.46913,16,0.33467,0.01731,0.61472
17,0.95584,80.46913,17,0.31398,-0.00472,0.54709
17,0.95584,80.46913,18,0.29338,-0.02666,0.46601
17,0.95584,80.46913,19,0.27289,-0.04848,0.37159
17,0.95584,80.46913,20,0.25252,-0.07018,0.26395
17,0.95584,80.46913,21,0.23227,-0.09174,0.14321
17,0.95584,80.46913,22,0.21188,-0.11506,0.04105
17,0.95584,80.46913,23,0.19858,-0.13364,0.09109
17,0.95584,80.46913,24,0.18535,-0.15212,0.12734
17,0.95584,80.46913,25,0.17215,-0.17053,0.14971
17,0.95584,80.46913,26,0.15899,-0.1889,0.15824
17,0.95584,80.46913,27,0.14587,-0.20723,0.15297
17,0.95584,80.46913,28,0.13277,-0.22551,0.13393
17,0.95584,80.46913,29,0.11971,-0.24374,0.10117
17,0.95584,80.46913,30,0.10754,-0.25486,0.0894
17,0.95584,80.46913,31,0.09581,-0.26244,0.0812
17,0.95584,80.46913,32,0.08214,-0.27045,0.06737
17,0.95584,80.46913,33,0.06796,-0.27445,0.06102
17,0.95584,80.46913,34,0.0541,-0.27984,0.05625
17,0.95584,80.46913,35,0.04215,-0.28617,0.0569
17,0.95584,80.46913,36,0.03167,-0.2915,0.05159
17,0.95584,80.46913,37,0.02443,-0.29634,0.05116
17,0.95584,80.46913,38,0.01918,-0.29993,0.04981
17,0.95584,80.46913,39,0.01573,-0.30167,0.04946
17,0.95584,80.46913,40,0.01464,-0.30265,0.04973
17,0.95584,80.46913,41,0.0148,-0.30258,0.04986
17,0.95584,80.46913,42,0.01495,-0.30256,0.04993
17,0.95584,80.46913,43,0.01492,-0.30253,0.04996
17,0.95584,80.46913,44,0.01491,-0.30252,0.04997
17,0.95584,80.46913,45,0.01491,-0.30251,0.04998
17,0.95584,80.46913,46,0.0149,-0.30251,0.04998
17,0.95584,80.46913,47,0.0149,-0.30251,0.04998
17,0.95584,80.46913,48,0.0149,-0.30251,0.04998
17,0.95584,80.46913,49,0.0149,-0.30251,0.04998
17,0.95584,80.46913,50,0.0149,-0.30251,0.04998
17,0.95584,80.46913,51,0.0149,-0.30251,0.04998
17,0.95584,80.46913,52,0.0149,-0.30251,0.04998
17,0.95584,80.46913,53,0.0149,-0.30251,0.04998
17,0.95584,80.46913,54,0.0149,-0.30251,0.04998
17,0.95584,80.46913,55,0.0149,-0.30251,0.04998
17,0.95584,80.46913,56,0.0149,-0.30251,0.04998
17,0.95584,80.46913,57,0.0149,-0.30251,0.04998
17,0.95584,80.46913,58,0.0149,-0.30251,0.04998
17,0.95584,80.46913,59,0.0149,-0.30251,0.04998
17,0.95584,80.46913,60,0.0149,-0.30251,0.04998
17,0.95584,80.46913,61,0.0149,-0.30251,0.04998
17,0.95584,80.46913,62,0.0149,-0.30251,0.04998
17,0.95584,80.46913,63,0.0149,-0.30251,0.04998
17,0.95584,80.46913,64,0.0149,-0.30251,0.04998
17,0.95584,80.46913,65,0.0149,-0.30251,0.04998
17,0.95584,80.46913,66,0.0149,-0.30251,0.04998
17,0.95584,80.46913,67,0.0149,-0.30251,0.04998
18,0.95615,82.42323,1,-0.07316,0.23149,0.04095
18,0.95615,82.42323,2,-0.03184,0.34904,0.15645
18,0.95615,82.42323,3,0.01662,0.41076,0.26751
18,0.95615,82.42323,4,0.07051,0.38708,0.37706
18,0.95615,82.42323,5,0.12125,0.35032,0.47236
18,0.95615,82.42323,6,0.17169,0.31378,0.55334
18,0.95615,82.42323,7,0.22185,0.27744,0.62012
18,0.95615,82.42323,8,0.27177,0.24127,0.67281
18,0.95615,82.42323,9,0.32146,0.20527,0.71148
18,0.95615,82.42323,10,0.37094,0.16942,0.73623
18,0.95615,82.42323,11,0.42022,0.13372,0.7471
18,0.95615,82.42323,12,0.41823,0.10699,0.7498
18,0.95615,82.42323,13,0.39698,0.08477,0.73682
18,0.95615,82.42323,14,0.37578,0.06261,0.7101
18,0.95615,82.42323,15,0.35466,0.04053,0.66969
18,0.95615,82.42323,16,0.33361,0.01853,0.61567
18,0.95615,82.42323,17,0.31266,-0.00337,0.5481
18,0.95615,82.42323,18,0.2918,-0.02518,0.46708
18,0.95615,82.42323,19,0.27104,-0.04688,0.37272
18,0.95615,82.42323,20,0.25041,-0.06845,0.26513
18,0.95615,82.42323,21,0.2299,-0.08989,0.14445
18,0.95615,82.42323,22,0.20927,-0.11312,0.04221
18,0.95615,82.42323,23,0.19581,-0.13187,0.09125
18,0.95615,82.42323,24,0.18242,-0.15051,0.12652
18,0.95615,82.42323,25,0.16906,-0.16909,0.1479
18,0.95615,82.42323,26,0.15574,-0.18763,0.15545
18,0.95615,82.42323,27,0.14245,-0.20612,0.14919
18,0.95615,82.42323,28,0.12919,-0.22457,0.12918
18,0.95615,82.42323,29,0.11597,-0.24296,0.09544
18,0.95615,82.42323,30,0.10134,-0.25526,0.09539
18,0.95615,82.42323,31,0.08601,-0.26452,0.10521
18,0.95615,82.42323,32,0.07071,-0.27375,0.10123
18,0.95615,82.42323,33,0.05545,-0.28297,0.08347
18,0.95615,82.42323,34,0.0403,-0.28887,0.06513
18,0.95615,82.42323,35,0.02912,-0.29253,0.05542
18,0.95615,82.42323,36,0.01758,-0.29334,0.05462
18,0.95615,82.42323,37,0.00829,-0.29393,0.04972
18,0.95615,82.42323,38,0.00295,-0.29578,0.04983
18,0.95615,82.42323,39,0.00071,-0.2964,0.04989
18,0.95615,82.42323,40,0.00067,-0.29639,0.04994
18,0.95615,82.42323,41,0.00069,-0.29636,0.04996
18,0.95615,82.42323,42,0.00069,-0.29635,0.04997
18,0.95615,82.42323,43,0.0007,-0.29634,0.04998
18,0.95615,82.42323,44,0.0007,-0.29634,0.04998
18,0.95615,82.42323,45,0.0007,-0.29634,0.04998
18,0.95615,82.42323,46,0.0007,-0.29634,0.04998
18,0.95615,82.42323,47,0.0007,-0.29634,0.04998
18,0.95615,82.42323,48,0.0007,-0.29634,0.04998
18,0.95615,82.42323,49,0.0007,-0.29634,0.04998
18,0.95615,82.42323,50,0.0007,-0.29634,0.04998
18,0.95615,82.42323,51,0.0007,-0.29634,0.04998
18,0.95615,82.42323,52,0.0007,-0.29634,0.04998
18,0.95615,82.42323,53,0.0007,-0.29634,0.04998
18,0.95615,82.42323,54,0.0007,-0.29634,0.04998
18,0.95615,82.42323,55,0.0007,-0.29634,0.04998
18,0.95615,82.42323,56,0.0007,-0.29634,0.04998
18,0.95615,82.42323,57,0.0007,-0.29634,0.04998
18,0.95615,82.42323,58,0.0007,-0.29634,0.04998
18,0.95615,82.42323,59,0.0007,-0.29634,0.04998
18,0.95615,82.42323,60,0.0007,-0.29634,0.04998
18,0.95615,82.42323,61,0.0007,-0.29634,0.04998
18,0.95615,82.42323,62,0.0007,-0.29634,0.04998
18,0.95615,82.42323,63,0.0007,-0.29634,0.04998
18,0.95615,82.42323,64,0.0007,-0.29634,0.04998
18,0.95615,82.42323,65,0.0007,-0.29634,0.04998
18,0.95615,82.42323,66,0.0007,-0.29634,0.04998
18,0.95615,82.42323,67,0.0007,-0.29634,0.04998
19,0.94602,64.97837,1,-0.07316,0.23147,0.04078
19,0.94602,64.97837,2,-0.03185,0.34874,0.15506
19,0.94602,64.97837,3,0.01653,0.41016,0.26483
19,0.94602,64.97837,4,0.06999,0.385,0.37248
19,0.94602,64.97837,5,0.12006,0.34586,0.46549
19,0.94602,64.97837,6,0.16984,0.30694,0.54421
19,0.94602,64.97837,7,0.21935,0.26823,0.60874
19,0.94602,64.97837,8,0.26862,0.22972,0.65919
19,0.94602,64.97837,9,0.31767,0.19138,0.69565
19,0.94602,64.97837,10,0.36651,0.1532,0.71817
19,0.94602,64.97837,11,0.41515,0.11518,0.72684
19,0.94602,64.97837,12,0.42197,0.08449,0.72685
19,0.94602,64.97837,13,0.40248,0.05976,0.712
19,0.94602,64.97837,14,0.38304,0.03511,0.68341
19,0.94602,64.97837,15,0.36367,0.01055,0.64114
19,0.94602,64.97837,16,0.34437,-0.01391,0.58527
19,0.94602,64.97837,17,0.32515,-0.03828,0.51586
19,0.94602,64.97837,18,0.30603,-0.06253,0.43302
19,0.94602,64.97837,19,0.287,-0.08665,0.33686
19,0.94602,64.97837,20,0.26809,-0.11064,0.22748
19,0.94602,64.97837,21,0.24929,-0.13448,0.10504
19,0.94602,64.97837,22,0.23909,-0.15482,0.07281
19,0.94602,64.97837,23,0.23506,-0.1798,0.1135
19,0.94602,64.97837,24,0.23104,-0.20471,0.14028
19,0.94602,64.97837,25,0.22704,-0.22955,0.1532
19,0.94602,64.97837,26,0.22305,-0.25432,0.15231
19,0.94602,64.97837,27,0.21906,-0.27903,0.13765
19,0.94602,64.97837,28,0.21509,-0.30367,0.10925
19,0.94602,64.97837,29,0.20941,-0.325,0.08184
19,0.94602,64.97837,30,0.19769,-0.33495,0.09202
19,0.94602,64.97837,31,0.186,-0.34488,0.0884
19,0.94602,64.97837,32,0.1722,-0.35549,0.08001
19,0.94602,64.97837,33,0.15656,-0.36655,0.06569
19,0.94602,64.97837,34,0.14079,-0.37416,0.05409
19,0.94602,64.97837,35,0.13004,-0.37808,0.06171
19,0.94602,64.97837,36,0.11948,-0.38165,0.05839
19,0.94602,64.97837,37,0.10945,-0.38423,0.04886
19,0.94602,64.97837,38,0.10255,-0.38233,0.05352
19,0.94602,64.97837,39,0.09673,-0.38077,0.05126
19,0.94602,64.97837,40,0.09383,-0.37989,0.05025
19,0.94602,64.97837,41,0.09247,-0.38025,0.0498
19,0.94602,64.97837,42,0.09242,-0.38028,0.04989
19,0.94602,64.97837,43,0.09248,-0.3801,0.04994
19,0.94602,64.97837,44,0.09248,-0.38008,0.04996
19,0.94602,64.97837,45,0.09247,-0.38007,0.04997
19,0.94602,64.97837,46,0.09247,-0.38006,0.04998
19,0.94602,64.97837,47,0.09247,-0.38006,0.04998
19,0.94602,64.97837,48,0.09247,-0.38006,0.04998
19,0.94602,64.97837,49,0.09247,-0.38006,0.04998
19,0.94602,64.97837,50,0.09247,-0.38006,0.04998
19,0.94602,64.97837,51,0.09247,-0.38006,0.04998
19,0.94602,64.97837,52,0.09247,-0.38006,0.04998
19,0.94602,64.97837,53,0.09247,-0.38006,0.04998
19,0.94602,64.97837,54,0.09247,-0.38006,0.04998
19,0.94602,64.97837,55,0.09247,-0.38006,0.04998
19,0.94602,64.97837,56,0.09247,-0.38006,0.04998
19,0.94602,64.97837,57,0.09247,-0.38005,0.04998
19,0.94602,64.97837,58,0.09247,-0.38005,0.04998
19,0.94602,64.97837,59,0.09247,-0.38005,0.04998
19,0.94602,64.97837,60,0.09247,-0.38005,0.04998
19,0.94602,64.97837,61,0.09247,-0.38005,0.04998
19,0.94602,64.97837,62,0.09247,-0.38005,0.04998
19,0.94602,64.97837,63,0.09247,-0.38005,0.04998
19,0.94602,64.97837,64,0.09247,-0.38005,0.04998
19,0.94602,64.97837,65,0.09247,-0.38005,0.04998
19,0.94602,64.97837,66,0.09247,-0.38005,0.04998
19,0.94602,64.97837,67,0.09247,-0.38005,0.04998
20,0.95615,82.42323,1,-0.07316,0.23149,0.04095
20,0.95615,82.42323,2,-0.03184,0.34904,0.15645
20,0.95615,82.42323,3,0.01662,0.41076,0.26751
20,0.95615,82.42323,4,0.07051,0.38708,0.37706
20,0.95615,82.42323,5,0.12125,0.35032,0.47236
20,0.95615,82.42323,6,0.17169,0.31378,0.55334
20,0.95615,82.42323,7,0.22185,0.27744,0.62012
20,0.95615,82.42323,8,0.27177,0.24127,0.67281
20,0.95615,82.42323,9,0.32146,0.20527,0.71148
20,0.95615,82.42323,10,0.37094,0.16942,0.73623
20,0.95615,82.42323,11,0.42022,0.13372,0.7471
20,0.95615,82.42323,12,0.41823,0.10699,0.7498
20,0.95615,82.42323,13,0.39698,0.08477,0.73682
20,0.95615,82.42323,14,0.37578,0.06261,0.7101
20,0.95615,82.42323,15,0.35466,0.04053,0.66969
20,0.95615,82.42323,16,0.33361,0.01853,0.61567
20,0.95615,82.42323,17,0.31266,-0.00337,0.5481
20,0.95615,82.42323,18,0.2918,-0.02518,0.46708
20,0.95615,82.42323,19,0.27104,-0.04688,0.37272
20,0.95615,82.42323,20,0.25041,-0.06845,0.26513
20,0.95615,82.42323,21,0.2299,-0.08989,0.14445
20,0.95615,82.42323,22,0.20927,-0.11312,0.04221
20,0.95615,82.42323,23,0.19581,-0.13187,0.09125
20,0.95615,82.42323,24,0.18242,-0.15051,0.12652
20,0.95615,82.42323,25,0.16906,-0.16909,0.1479
20,0.95615,82.42323,26,0.15574,-0.18763,0.15545
20,0.95615,82.42323,27,0.14245,-0.20612,0.14919
20,0.95615,82.42323,28,0.12919,-0.22457,0.12918
20,0.95615,82.42323,29,0.11597,-0.24296,0.09544
20,0.95615,82.42323,30,0.10134,-0.25526,0.09539
20,0.95615,82.42323,31,0.08601,-0.26452,0.10521
20,0.95615,82.42323,32,0.07071,-0.27375,0.10123
20,0.95615,82.42323,33,0.05545,-0.28297,0.08347
20,0.95615,82.42323,34,0.0403,-0.28887,0.06513
20,0.95615,82.42323,35,0.02912,-0.29253,0.05542
20,0.95615,82.42323,36,0.01758,-0.29334,0.05462
20,0.95615,82.42323,37,0.00829,-0.29393,0.04972
20,0.95615,82.42323,38,0.00295,-0.29578,0.04983
20,0.95615,82.42323,39,0.00071,-0.2964,0.04989
20,0.95615,82.42323,40,0.00067,-0.29639,0.04994
20,0.95615,82.42323,41,0.00069,-0.29636,0.04996
20,0.95615,82.42323,42,0.00069,-0.29635,0.04997
20,0.95615,82.42323,43,0.0007,-0.29634,0.04998
20,0.95615,82.42323,44,0.0007,-0.29634,0.04998
20,0.95615,82.42323,45,0.0007,-0.29634,0.04998
20,0.95615,82.42323,46,0.0007,-0.29634,0.04998
20,0.95615,82.42323,47,0.0007,-0.29634,0.04998
20,0.95615,82.42323,48,0.0007,-0.29634,0.04998
20,0.95615,82.42323,49,0.0007,-0.29634,0.04998
20,0.95615,82.42323,50,0.0007,-0.29634,0.04998
20,0.95615,82.42323,51,0.0007,-0.29634,0.04998
20,0.95615,82.42323,52,0.0007,-0.29634,0.04998
20,0.95615,82.42323,53,0.0007,-0.29634,0.04998
20,0.95615,82.42323,54,0.0007,-0.29634,0.04998
20,0.95615,82.42323,55,0.0007,-0.29634,0.04998
20,0.95615,82.42323,56,0.0007,-0.29634,0.04998
20,0.95615,82.42323,57,0.0007,-0.29634,0.04998
20,0.95615,82.42323,58,0.0007,-0.29634,0.04998
20,0.95615,82.42323,59,0.0007,-0.29634,0.04998
20,0.95615,82.42323,60,0.0007,-0.29634,0.04998
20,0.95615,82.42323,61,0.0007,-0.29634,0.04998
20,0.95615,82.42323,62,0.0007,-0.29634,0.04998
20,0.95615,82.42323,63,0.0007,-0.29634,0.04998
20,0.95615,82.42323,64,0.0007,-0.29634,0.04998
20,0.95615,82.42323,65,0.0007,-0.29634,0.04998
20,0.95615,82.42323,66,0.0007,-0.29634,0.04998
20,0.95615,82.42323,67,0.0007,-0.29634,0.04998
