particle,elasticity,weight,frame,x,y,z
1,0.00481,-184.1356,1,0.11042,0.25698,0.03931
1,0.00481,-184.1356,2,-0.06598,0.31301,0.1573
1,0.00481,-184.1356,3,-0.24062,0.36848,0.26009
1,0.00481,-184.1356,4,-0.38996,0.38898,0.34776
1,0.00481,-184.1356,5,-0.39001,0.3798,0.435
1,0.00481,-184.1356,6,-0.39001,0.37065,0.5078
1,0.00481,-184.1356,7,-0.39001,0.36155,0.56626
1,0.00481,-184.1356,8,-0.39001,0.35248,0.61047
1,0.00481,-184.1356,9,-0.39001,0.34344,0.6405
1,0.00481,-184.1356,10,-0.39001,0.33442,0.65641
1,0.00481,-184.1356,11,-0.39001,0.32542,0.65823
1,0.00481,-184.1356,12,-0.39001,0.31644,0.646
1,0.00481,-184.1356,13,-0.39001,0.30747,0.61975
1,0.00481,-184.1356,14,-0.39001,0.29854,0.57953
1,0.00481,-184.1356,15,-0.39001,0.28963,0.52541
1,0.00481,-184.1356,16,-0.39001,0.28076,0.45747
1,0.00481,-184.1356,17,-0.39001,0.27193,0.37579
1,0.00481,-184.1356,18,-0.39001,0.26314,0.2805
1,0.00481,-184.1356,19,-0.39001,0.2544,0.1717
1,0.00481,-184.1356,20,-0.39001,0.24896,0.0936
1,0.00481,-184.1356,21,-0.39001,0.25003,0.09697
1,0.00481,-184.1356,22,-0.39,0.2511,0.09856
1,0.00481,-184.1356,23,-0.39,0.25217,0.09931
1,0.00481,-184.1356,24,-0.39,0.25324,0.09967
1,0.00481,-184.1356,25,-0.39,0.2543,0.09984
1,0.00481,-184.1356,26,-0.39,0.25536,0.09991
1,0.00481,-184.1356,27,-0.39,0.25642,0.09995
1,0.00481,-184.1356,28,-0.39,0.25748,0.09997
1,0.00481,-184.1356,29,-0.39,0.25854,0.09998
1,0.00481,-184.1356,30,-0.39,0.25959,0.09998
1,0.00481,-184.1356,31,-0.39,0.26065,0.09998
1,0.00481,-184.1356,32,-0.39,0.2617,0.09998
1,0.00481,-184.1356,33,-0.39,0.26275,0.09998
1,0.00481,-184.1356,34,-0.39,0.26379,0.09998
1,0.00481,-184.1356,35,-0.39,0.26484,0.09998
1,0.00481,-184.1356,36,-0.39,0.26589,0.09998
1,0.00481,-184.1356,37,-0.39,0.26693,0.09998
1,0.00481,-184.1356,38,-0.39,0.26797,0.09998
1,0.00481,-184.1356,39,-0.39,0.26901,0.09998
1,0.00481,-184.1356,40,-0.39,0.27005,0.09998
1,0.00481,-184.1356,41,-0.39,0.27108,0.09998
1,0.00481,-184.1356,42,-0.39,0.27212,0.09998
1,0.00481,-184.1356,43,-0.39,0.27315,0.09998
1,0.00481,-184.1356,44,-0.39,0.27418,0.09998
1,0.00481,-184.1356,45,-0.39,0.27521,0.09998
1,0.00481,-184.1356,46,-0.39,0.27623,0.09998
1,0.00481,-184.1356,47,-0.39,0.27726,0.09998
1,0.00481,-184.1356,48,-0.39,0.27828,0.09998
1,0.00481,-184.1356,49,-0.39,0.27931,0.09998
1,0.00481,-184.1356,50,-0.39,0.28033,0.09998
1,0.00481,-184.1356,51,-0.39,0.28135,0.09998
1,0.00481,-184.1356,52,-0.39,0.28236,0.09998
1,0.00481,-184.1356,53,-0.39,0.28338,0.09998
1,0.00481,-184.1356,54,-0.39,0.28439,0.09998
1,0.00481,-184.1356,55,-0.39,0.2854,0.09998
1,0.00481,-184.1356,56,-0.39,0.28641,0.09998
1,0.00481,-184.1356,57,-0.39,0.28742,0.09998
1,0.00481,-184.1356,58,-0.39,0.28843,0.09998
1,0.00481,-184.1356,59,-0.39,0.28943,0.09998
1,0.00481,-184.1356,60,-0.39,0.29044,0.09998
1,0.00481,-184.1356,61,-0.39,0.29144,0.09998
1,0.00481,-184.1356,62,-0.39,0.29244,0.09998
1,0.00481,-184.1356,63,-0.39,0.29344,0.09998
1,0.00481,-184.1356,64,-0.39,0.29444,0.09998
1,0.00481,-184.1356,65,-0.39,0.29543,0.09998
1,0.00481,-184.1356,66,-0.39,0.29642,0.09998
1,0.00481,-184.1356,67,-0.39,0.29742,0.09998
1,0.00481,-184.1356,68,-0.39,0.29841,0.09998
1,0.00481,-184.1356,69,-0.39,0.2994,0.09998
1,0.00481,-184.1356,70,-0.39,0.30038,0.09998
1,0.00481,-184.1356,71,-0.39,0.30137,0.09998
1,0.00481,-184.1356,72,-0.39,0.30235,0.09998
1,0.00481,-184.1356,73,-0.39,0.30333,0.09998
1,0.00481,-184.1356,74,-0.39,0.30431,0.09998
1,0.00481,-184.1356,75,-0.39,0.30529,0.09998
1,0.00481,-184.1356,76,-0.39,0.30627,0.09998
1,0.00481,-184.1356,77,-0.39,0.30725,0.09998
1,0.00481,-184.1356,78,-0.39,0.30822,0.09998
1,0.00481,-184.1356,79,-0.39,0.30919,0.09998
1,0.00481,-184.1356,80,-0.39,0.31016,0.09998
1,0.00481,-184.1356,81,-0.38999,0.31113,0.09998
1,0.00481,-184.1356,82,-0.38999,0.3121,0.09998
1,0.00481,-184.1356,83,-0.38999,0.31307,0.09998
1,0.00481,-184.1356,84,-0.38999,0.31403,0.09998
1,0.00481,-184.1356,85,-0.38999,0.31499,0.09998
1,0.00481,-184.1356,86,-0.38999,0.31595,0.09998
1,0.00481,-184.1356,87,-0.38999,0.31691,0.09998
1,0.00481,-184.1356,88,-0.38999,0.31787,0.09998
1,0.00481,-184.1356,89,-0.38999,0.31883,0.09998
1,0.00481,-184.1356,90,-0.38999,0.31978,0.09998
1,0.00481,-184.1356,91,-0.38999,0.32074,0.09998
1,0.00481,-184.1356,92,-0.38999,0.32169,0.09998
1,0.00481,-184.1356,93,-0.38999,0.32264,0.09998
1,0.00481,-184.1356,94,-0.38999,0.32359,0.09998
1,0.00481,-184.1356,95,-0.38999,0.32453,0.09998
1,0.00481,-184.1356,96,-0.38999,0.32548,0.09998
1,0.00481,-184.1356,97,-0.38999,0.32642,0.09998
1,0.00481,-184.1356,98,-0.38999,0.32737,0.09998
1,0.00481,-184.1356,99,-0.38999,0.32831,0.09998
1,0.00481,-184.1356,100,-0.38999,0.32925,0.09998
1,0.00481,-184.1356,101,-0.38999,0.33018,0.09998
1,0.00481,-184.1356,102,-0.38999,0.33112,0.09998
1,0.00481,-184.1356,103,-0.38999,0.33205,0.09998
1,0.00481,-184.1356,104,-0.38999,0.33299,0.09998
1,0.00481,-184.1356,105,-0.38999,0.33392,0.09998
1,0.00481,-184.1356,106,-0.38999,0.33485,0.09998
1,0.00481,-184.1356,107,-0.38999,0.33578,0.09998
1,0.00481,-184.1356,108,-0.38999,0.3367,0.09998
1,0.00481,-184.1356,109,-0.38999,0.33763,0.09998
1,0.00481,-184.1356,110,-0.38999,0.33855,0.09998
1,0.00481,-184.1356,111,-0.38999,0.33948,0.09999
1,0.00481,-184.1356,112,-0.38999,0.3404,0.09998
1,0.00481,-184.1356,113,-0.38999,0.34132,0.09998
1,0.00481,-184.1356,114,-0.38999,0.34223,0.09998
1,0.00481,-184.1356,115,-0.38999,0.34315,0.09998
1,0.00481,-184.1356,116,-0.38999,0.34407,0.09998
1,0.00481,-184.1356,117,-0.38999,0.34498,0.09998
1,0.00481,-184.1356,118,-0.38999,0.34589,0.09999
1,0.00481,-184.1356,119,-0.38999,0.3468,0.09999
1,0.00481,-184.1356,120,-0.38999,0.34771,0.09999
2,0.00587,-184.40991,1,0.11042,0.25698,0.03944
2,0.00587,-184.40991,2,-0.06598,0.31301,0.15754
2,0.00587,-184.40991,3,-0.24062,0.36848,0.26046
2,0.00587,-184.40991,4,-0.38995,0.38898,0.34823
2,0.00587,-184.40991,5,-0.39001,0.3798,0.43557
2,0.00587,-184.40991,6,-0.39001,0.37066,0.50847
2,0.00587,-184.40991,7,-0.39001,0.36156,0.56702
2,0.00587,-184.40991,8,-0.39001,0.35249,0.61133
2,0.00587,-184.40991,9,-0.39001,0.34345,0.64145
2,0.00587,-184.40991,10,-0.39001,0.33443,0.65745
2,0.00587,-184.40991,11,-0.39001,0.32544,0.65937
2,0.00587,-184.40991,12,-0.39001,0.31646,0.64723
2,0.00587,-184.40991,13,-0.39001,0.3075,0.62108
2,0.00587,-184.40991,14,-0.39001,0.29856,0.58095
2,0.00587,-184.40991,15,-0.39001,0.28966,0.52692
2,0.00587,-184.40991,16,-0.39001,0.28079,0.45907
2,0.00587,-184.40991,17,-0.39001,0.27196,0.37748
2,0.00587,-184.40991,18,-0.39001,0.26317,0.28228
2,0.00587,-184.40991,19,-0.39001,0.25444,0.17358
2,0.00587,-184.40991,20,-0.39001,0.24898,0.09511
2,0.00587,-184.40991,21,-0.39001,0.24999,0.09768
2,0.00587,-184.40991,22,-0.39,0.25099,0.0989
2,0.00587,-184.40991,23,-0.39,0.252,0.09947
2,0.00587,-184.40991,24,-0.39,0.253,0.09974
2,0.00587,-184.40991,25,-0.39,0.25401,0.09987
2,0.00587,-184.40991,26,-0.39,0.25501,0.09993
2,0.00587,-184.40991,27,-0.39,0.25601,0.09996
2,0.00587,-184.40991,28,-0.39,0.25701,0.09997
2,0.00587,-184.40991,29,-0.39,0.258,0.09998
2,0.00587,-184.40991,30,-0.39,0.259,0.09998
2,0.00587,-184.40991,31,-0.39,0.25999,0.09998
2,0.00587,-184.40991,32,-0.39,0.26098,0.09998
2,0.00587,-184.40991,33,-0.39,0.26197,0.09998
2,0.00587,-184.40991,34,-0.39,0.26296,0.09998
2,0.00587,-184.40991,35,-0.39,0.26394,0.09998
2,0.00587,-184.40991,36,-0.39,0.26493,0.09998
2,0.00587,-184.40991,37,-0.39,0.26591,0.09998
2,0.00587,-184.40991,38,-0.39,0.26689,0.09998
2,0.00587,-184.40991,39,-0.39,0.26787,0.09998
2,0.00587,-184.40991,40,-0.39,0.26885,0.09998
2,0.00587,-184.40991,41,-0.39,0.26983,0.09998
2,0.00587,-184.40991,42,-0.39,0.2708,0.09998
2,0.00587,-184.40991,43,-0.39,0.27177,0.09998
2,0.00587,-184.40991,44,-0.39,0.27275,0.09998
2,0.00587,-184.40991,45,-0.39,0.27372,0.09998
2,0.00587,-184.40991,46,-0.39,0.27468,0.09998
2,0.00587,-184.40991,47,-0.39,0.27565,0.09998
2,0.00587,-184.40991,48,-0.39,0.27662,0.09998
2,0.00587,-184.40991,49,-0.39,0.27758,0.09998
2,0.00587,-184.40991,50,-0.39,0.27854,0.09998
2,0.00587,-184.40991,51,-0.39,0.2795,0.09998
2,0.00587,-184.40991,52,-0.39,0.28046,0.09998
2,0.00587,-184.40991,53,-0.39,0.28142,0.09998
2,0.00587,-184.40991,54,-0.39,0.28238,0.09998
2,0.00587,-184.40991,55,-0.39,0.28333,0.09998
2,0.00587,-184.40991,56,-0.39,0.28428,0.09998
2,0.00587,-184.40991,57,-0.39,0.28523,0.09998
2,0.00587,-184.40991,58,-0.39,0.28618,0.09998
2,0.00587,-184.40991,59,-0.39,0.28713,0.09998
2,0.00587,-184.40991,60,-0.39,0.28808,0.09998
2,0.00587,-184.40991,61,-0.39,0.28902,0.09998
2,0.00587,-184.40991,62,-0.39,0.28997,0.09998
2,0.00587,-184.40991,63,-0.39,0.29091,0.09998
2,0.00587,-184.40991,64,-0.39,0.29185,0.09998
2,0.00587,-184.40991,65,-0.39,0.29279,0.09998
2,0.00587,-184.40991,66,-0.39,0.29372,0.09998
2,0.00587,-184.40991,67,-0.39,0.29466,0.09998
2,0.00587,-184.40991,68,-0.39,0.29559,0.09998
2,0.00587,-184.40991,69,-0.39,0.29653,0.09998
2,0.00587,-184.40991,70,-0.39,0.29746,0.09998
2,0.00587,-184.40991,71,-0.39,0.29839,0.09998
2,0.00587,-184.40991,72,-0.39,0.29931,0.09998
2,0.00587,-184.40991,73,-0.39,0.30024,0.09998
2,0.00587,-184.40991,74,-0.39,0.30117,0.09998
2,0.00587,-184.40991,75,-0.39,0.30209,0.09998
2,0.00587,-184.40991,76,-0.39,0.30301,0.09998
2,0.00587,-184.40991,77,-0.39,0.30393,0.09998
2,0.00587,-184.40991,78,-0.39,0.30485,0.09998
2,0.00587,-184.40991,79,-0.39,0.30577,0.09998
2,0.00587,-184.40991,80,-0.39,0.30668,0.09998
2,0.00587,-184.40991,81,-0.38999,0.3076,0.09998
2,0.00587,-184.40991,82,-0.38999,0.30851,0.09998
2,0.00587,-184.40991,83,-0.38999,0.30942,0.09998
2,0.00587,-184.40991,84,-0.38999,0.31033,0.09998
2,0.00587,-184.40991,85,-0.38999,0.31124,0.09998
2,0.00587,-184.40991,86,-0.38999,0.31215,0.09998
2,0.00587,-184.40991,87,-0.38999,0.31305,0.09998
2,0.00587,-184.40991,88,-0.38999,0.31396,0.09998
2,0.00587,-184.40991,89,-0.38999,0.31486,0.09998
2,0.00587,-184.40991,90,-0.38999,0.31576,0.09998
2,0.00587,-184.40991,91,-0.38999,0.31666,0.09998
2,0.00587,-184.40991,92,-0.38999,0.31756,0.09998
2,0.00587,-184.40991,93,-0.38999,0.31845,0.09998
2,0.00587,-184.40991,94,-0.38999,0.31935,0.09998
2,0.00587,-184.40991,95,-0.38999,0.32024,0.09998
2,0.00587,-184.40991,96,-0.38999,0.32113,0.09998
2,0.00587,-184.40991,97,-0.38999,0.32203,0.09998
2,0.00587,-184.40991,98,-0.38999,0.32291,0.09998
2,0.00587,-184.40991,99,-0.38999,0.3238,0.09998
2,0.00587,-184.40991,100,-0.38999,0.32469,0.09999
2,0.00587,-184.40991,101,-0.38999,0.32557,0.09999
2,0.00587,-184.40991,102,-0.38999,0.32646,0.09999
2,0.00587,-184.40991,103,-0.38999,0.32734,0.09999
2,0.00587,-184.40991,104,-0.38999,0.32822,0.09998
2,0.00587,-184.40991,105,-0.38999,0.3291,0.09998
2,0.00587,-184.40991,106,-0.38999,0.32998,0.09998
2,0.00587,-184.40991,107,-0.38999,0.33085,0.09998
2,0.00587,-184.40991,108,-0.38999,0.33173,0.09998
2,0.00587,-184.40991,109,-0.38999,0.3326,0.09998
2,0.00587,-184.40991,110,-0.38999,0.33347,0.09998
2,0.00587,-184.40991,111,-0.38999,0.33434,0.09998
2,0.00587,-184.40991,112,-0.38999,0.33521,0.09998
2,0.00587,-184.40991,113,-0.38999,0.33608,0.09998
2,0.00587,-184.40991,114,-0.38999,0.33695,0.09998
2,0.00587,-184.40991,115,-0.38999,0.33781,0.09998
2,0.00587,-184.40991,116,-0.38999,0.33868,0.09998
2,0.00587,-184.40991,117,-0.38999,0.33954,0.09998
2,0.00587,-184.40991,118,-0.38999,0.3404,0.09998
2,0.00587,-184.40991,119,-0.38999,0.34126,0.09998
2,0.00587,-184.40991,120,-0.38999,0.34212,0.09998
3,0.00119,-157.11507,1,0.11042,0.25698,0.03889
3,0.00119,-157.11507,2,-0.06599,0.31301,0.15646
3,0.00119,-157.11507,3,-0.24062,0.36848,0.25885
3,0.00119,-157.11507,4,-0.38999,0.38898,0.34613
3,0.00119,-157.11507,5,-0.39001,0.37979,0.43306
3,0.00119,-157.11507,6,-0.39001,0.37064,0.50553
3,0.00119,-157.11507,7,-0.39001,0.36153,0.56367
3,0.00119,-157.11507,8,-0.39001,0.35245,0.60756
3,0.00119,-157.11507,9,-0.39001,0.3434,0.63727
3,0.00119,-157.11507,10,-0.39001,0.33437,0.65285
3,0.00119,-157.11507,11,-0.39001,0.32536,0.65436
3,0.00119,-157.11507,12,-0.39001,0.31637,0.64181
3,0.00119,-157.11507,13,-0.39001,0.3074,0.61524
3,0.00119,-157.11507,14,-0.39001,0.29846,0.57471
3,0.00119,-157.11507,15,-0.39001,0.28954,0.52028
3,0.00119,-157.11507,16,-0.39001,0.28067,0.45202
3,0.00119,-157.11507,17,-0.39001,0.27183,0.37003
3,0.00119,-157.11507,18,-0.39001,0.26303,0.27443
3,0.00119,-157.11507,19,-0.39001,0.25429,0.16534
3,0.00119,-157.11507,20,-0.39002,0.24976,0.09923
3,0.00119,-157.11507,21,-0.39001,0.25045,0.09963
3,0.00119,-157.11507,22,-0.38999,0.25115,0.09982
3,0.00119,-157.11507,23,-0.38998,0.25184,0.09991
3,0.00119,-157.11507,24,-0.38997,0.25253,0.09995
3,0.00119,-157.11507,25,-0.38995,0.25322,0.09997
3,0.00119,-157.11507,26,-0.38994,0.25391,0.09998
3,0.00119,-157.11507,27,-0.38993,0.2546,0.09998
3,0.00119,-157.11507,28,-0.38991,0.25529,0.09998
3,0.00119,-157.11507,29,-0.3899,0.25597,0.09998
3,0.00119,-157.11507,30,-0.38989,0.25666,0.09998
3,0.00119,-157.11507,31,-0.38987,0.25734,0.09998
3,0.00119,-157.11507,32,-0.38986,0.25803,0.09998
3,0.00119,-157.11507,33,-0.38985,0.25871,0.09998
3,0.00119,-157.11507,34,-0.38984,0.25939,0.09998
3,0.00119,-157.11507,35,-0.38982,0.26007,0.09998
3,0.00119,-157.11507,36,-0.38981,0.26075,0.09998
3,0.00119,-157.11507,37,-0.3898,0.26142,0.09998
3,0.00119,-157.11507,38,-0.38978,0.2621,0.09998
3,0.00119,-157.11507,39,-0.38977,0.26277,0.09998
3,0.00119,-157.11507,40,-0.38976,0.26345,0.09998
3,0.00119,-157.11507,41,-0.38974,0.26412,0.09998
3,0.00119,-157.11507,42,-0.38973,0.26479,0.09998
3,0.00119,-157.11507,43,-0.38972,0.26546,0.09998
3,0.00119,-157.11507,44,-0.38971,0.26613,0.09998
3,0.00119,-157.11507,45,-0.38969,0.2668,0.09998
3,0.00119,-157.11507,46,-0.38968,0.26747,0.09998
3,0.00119,-157.11507,47,-0.38967,0.26814,0.09998
3,0.00119,-157.11507,48,-0.38965,0.2688,0.09998
3,0.00119,-157.11507,49,-0.38964,0.26946,0.09998
3,0.00119,-157.11507,50,-0.38963,0.27013,0.09998
3,0.00119,-157.11507,51,-0.38962,0.27079,0.09998
3,0.00119,-157.11507,52,-0.3896,0.27145,0.09998
3,0.00119,-157.11507,53,-0.38959,0.27211,0.09998
3,0.00119,-157.11507,54,-0.38958,0.27277,0.09998
3,0.00119,-157.11507,55,-0.38956,0.27343,0.09998
3,0.00119,-157.11507,56,-0.38955,0.27408,0.09998
3,0.00119,-157.11507,57,-0.38954,0.27474,0.09998
3,0.00119,-157.11507,58,-0.38953,0.27539,0.09998
3,0.00119,-157.11507,59,-0.38951,0.27605,0.09998
3,0.00119,-157.11507,60,-0.3895,0.2767,0.09998
3,0.00119,-157.11507,61,-0.38949,0.27735,0.09998
3,0.00119,-157.11507,62,-0.38948,0.278,0.09998
3,0.00119,-157.11507,63,-0.38946,0.27865,0.09998
3,0.00119,-157.11507,64,-0.38945,0.2793,0.09998
3,0.00119,-157.11507,65,-0.38944,0.27995,0.09998
3,0.00119,-157.11507,66,-0.38943,0.28059,0.09998
3,0.00119,-157.11507,67,-0.38941,0.28124,0.09998
3,0.00119,-157.11507,68,-0.3894,0.28188,0.09998
3,0.00119,-157.11507,69,-0.38939,0.28252,0.09998
3,0.00119,-157.11507,70,-0.38938,0.28317,0.09998
3,0.00119,-157.11507,71,-0.38936,0.28381,0.09998
3,0.00119,-157.11507,72,-0.38935,0.28445,0.09998
3,0.00119,-157.11507,73,-0.38934,0.28508,0.09998
3,0.00119,-157.11507,74,-0.38933,0.28572,0.09998
3,0.00119,-157.11507,75,-0.38932,0.28636,0.09998
3,0.00119,-157.11507,76,-0.3893,0.28699,0.09998
3,0.00119,-157.11507,77,-0.38929,0.28763,0.09998
3,0.00119,-157.11507,78,-0.38928,0.28826,0.09998
3,0.00119,-157.11507,79,-0.38927,0.2889,0.09998
3,0.00119,-157.11507,80,-0.38925,0.28953,0.09998
3,0.00119,-157.11507,81,-0.38924,0.29016,0.09998
3,0.00119,-157.11507,82,-0.38923,0.29079,0.09998
3,0.00119,-157.11507,83,-0.38922,0.29142,0.09998
3,0.00119,-157.11507,84,-0.38921,0.29204,0.09998
3,0.00119,-157.11507,85,-0.38919,0.29267,0.09998
3,0.00119,-157.11507,86,-0.38918,0.2933,0.09998
3,0.00119,-157.11507,87,-0.38917,0.29392,0.09998
3,0.00119,-157.11507,88,-0.38916,0.29454,0.09998
3,0.00119,-157.11507,89,-0.38915,0.29517,0.09998
3,0.00119,-157.11507,90,-0.38913,0.29579,0.09998
3,0.00119,-157.11507,91,-0.38912,0.29641,0.09998
3,0.00119,-157.11507,92,-0.38911,0.29703,0.09998
3,0.00119,-157.11507,93,-0.3891,0.29764,0.09998
3,0.00119,-157.11507,94,-0.38909,0.29826,0.09998
3,0.00119,-157.11507,95,-0.38907,0.29888,0.09998
3,0.00119,-157.11507,96,-0.38906,0.29949,0.09998
3,0.00119,-157.11507,97,-0.38905,0.30011,0.09998
3,0.00119,-157.11507,98,-0.38904,0.30072,0.09998
3,0.00119,-157.11507,99,-0.38903,0.30133,0.09998
3,0.00119,-157.11507,100,-0.38902,0.30195,0.09998
3,0.00119,-157.11507,101,-0.389,0.30256,0.09998
3,0.00119,-157.11507,102,-0.38899,0.30317,0.09998
3,0.00119,-157.11507,103,-0.38898,0.30377,0.09998
3,0.00119,-157.11507,104,-0.38897,0.30438,0.09998
3,0.00119,-157.11507,105,-0.38896,0.30499,0.09998
3,0.00119,-157.11507,106,-0.38895,0.30559,0.09998
3,0.00119,-157.11507,107,-0.38893,0.3062,0.09998
3,0.00119,-157.11507,108,-0.38892,0.3068,0.09998
3,0.00119,-157.11507,109,-0.38891,0.3074,0.09998
3,0.00119,-157.11507,110,-0.3889,0.30801,0.09998
3,0.00119,-157.11507,111,-0.38889,0.30861,0.09998
3,0.00119,-157.11507,112,-0.38888,0.30921,0.09998
3,0.00119,-157.11507,113,-0.38886,0.30981,0.09998
3,0.00119,-157.11507,114,-0.38885,0.3104,0.09998
3,0.00119,-157.11507,115,-0.38884,0.311,0.09998
3,0.00119,-157.11507,116,-0.38883,0.3116,0.09998
3,0.00119,-157.11507,117,-0.38882,0.31219,0.09998
3,0.00119,-157.11507,118,-0.38881,0.31278,0.09998
3,0.00119,-157.11507,119,-0.3888,0.31338,0.09998
3,0.00119,-157.11507,120,-0.38878,0.31397,0.09998
4,0.00556,-168.46534,1,0.11042,0.25698,0.0394
4,0.00556,-168.46534,2,-0.06598,0.31301,0.15747
4,0.00556,-168.46534,3,-0.24062,0.36848,0.26035
4,0.00556,-168.46534,4,-0.38996,0.38898,0.34809
4,0.00556,-168.46534,5,-0.39001,0.3798,0.4354
4,0.00556,-168.46534,6,-0.39001,0.37066,0.50827
4,0.00556,-168.46534,7,-0.39001,0.36156,0.5668
4,0.00556,-168.46534,8,-0.39001,0.35249,0.61108
4,0.00556,-168.46534,9,-0.39001,0.34345,0.64117
4,0.00556,-168.46534,10,-0.39001,0.33443,0.65714
4,0.00556,-168.46534,11,-0.39001,0.32543,0.65903
4,0.00556,-168.46534,12,-0.39001,0.31645,0.64687
4,0.00556,-168.46534,13,-0.39001,0.30749,0.62068
4,0.00556,-168.46534,14,-0.39001,0.29855,0.58053
4,0.00556,-168.46534,15,-0.39001,0.28965,0.52647
4,0.00556,-168.46534,16,-0.39001,0.28078,0.45859
4,0.00556,-168.46534,17,-0.39001,0.27195,0.37698
4,0.00556,-168.46534,18,-0.39001,0.26316,0.28175
4,0.00556,-168.46534,19,-0.39001,0.25443,0.17302
4,0.00556,-168.46534,20,-0.39001,0.24897,0.09466
4,0.00556,-168.46534,21,-0.39001,0.25,0.09747
4,0.00556,-168.46534,22,-0.39,0.25103,0.0988
4,0.00556,-168.46534,23,-0.39,0.25205,0.09942
4,0.00556,-168.46534,24,-0.39,0.25308,0.09972
4,0.00556,-168.46534,25,-0.39,0.2541,0.09986
4,0.00556,-168.46534,26,-0.39,0.25512,0.09993
4,0.00556,-168.46534,27,-0.39,0.25613,0.09996
4,0.00556,-168.46534,28,-0.39,0.25715,0.09997
4,0.00556,-168.46534,29,-0.39,0.25816,0.09998
4,0.00556,-168.46534,30,-0.39,0.25918,0.09998
4,0.00556,-168.46534,31,-0.39,0.26019,0.09998
4,0.00556,-168.46534,32,-0.39,0.2612,0.09998
4,0.00556,-168.46534,33,-0.39,0.26221,0.09998
4,0.00556,-168.46534,34,-0.39,0.26321,0.09998
4,0.00556,-168.46534,35,-0.39,0.26422,0.09998
4,0.00556,-168.46534,36,-0.39,0.26522,0.09998
4,0.00556,-168.46534,37,-0.39,0.26622,0.09998
4,0.00556,-168.46534,38,-0.39,0.26722,0.09998
4,0.00556,-168.46534,39,-0.39,0.26822,0.09998
4,0.00556,-168.46534,40,-0.39,0.26921,0.09998
4,0.00556,-168.46534,41,-0.39,0.27021,0.09998
4,0.00556,-168.46534,42,-0.39,0.2712,0.09998
4,0.00556,-168.46534,43,-0.39,0.27219,0.09998
4,0.00556,-168.46534,44,-0.39,0.27318,0.09998
4,0.00556,-168.46534,45,-0.39,0.27417,0.09998
4,0.00556,-168.46534,46,-0.39,0.27516,0.09998
4,0.00556,-168.46534,47,-0.39,0.27614,0.09998
4,0.00556,-168.46534,48,-0.39,0.27713,0.09998
4,0.00556,-168.46534,49,-0.39,0.27811,0.09998
4,0.00556,-168.46534,50,-0.39,0.27909,0.09998
4,0.00556,-168.46534,51,-0.39,0.28007,0.09998
4,0.00556,-168.46534,52,-0.39,0.28104,0.09998
4,0.00556,-168.46534,53,-0.39,0.28202,0.09998
4,0.00556,-168.46534,54,-0.39,0.28299,0.09998
4,0.00556,-168.46534,55,-0.39,0.28396,0.09998
4,0.00556,-168.46534,56,-0.39,0.28493,0.09998
4,0.00556,-168.46534,57,-0.39,0.2859,0.09998
4,0.00556,-168.46534,58,-0.39,0.28687,0.09998
4,0.00556,-168.46534,59,-0.39,0.28783,0.09998
4,0.00556,-168.46534,60,-0.39,0.2888,0.09998
4,0.00556,-168.46534,61,-0.39,0.28976,0.09998
4,0.00556,-168.46534,62,-0.39,0.29072,0.09998
4,0.00556,-168.46534,63,-0.39,0.29168,0.09998
4,0.00556,-168.46534,64,-0.39,0.29264,0.09998
4,0.00556,-168.46534,65,-0.39,0.29359,0.09998
4,0.00556,-168.46534,66,-0.39,0.29455,0.09998
4,0.00556,-168.46534,67,-0.39,0.2955,0.09998
4,0.00556,-168.46534,68,-0.39,0.29645,0.09998
4,0.00556,-168.46534,69,-0.39,0.2974,0.09998
4,0.00556,-168.46534,70,-0.39,0.29835,0.09998
4,0.00556,-168.46534,71,-0.38999,0.2993,0.09998
4,0.00556,-168.46534,72,-0.38999,0.30024,0.09998
4,0.00556,-168.46534,73,-0.38999,0.30118,0.09998
4,0.00556,-168.46534,74,-0.38999,0.30213,0.09998
4,0.00556,-168.46534,75,-0.38999,0.30307,0.09998
4,0.00556,-168.46534,76,-0.38999,0.30401,0.09998
4,0.00556,-168.46534,77,-0.38999,0.30494,0.09998
4,0.00556,-168.46534,78,-0.38999,0.30588,0.09998
4,0.00556,-168.46534,79,-0.38999,0.30681,0.09998
4,0.00556,-168.46534,80,-0.38999,0.30774,0.09998
4,0.00556,-168.46534,81,-0.38999,0.30868,0.09998
4,0.00556,-168.46534,82,-0.38999,0.30961,0.09998
4,0.00556,-168.46534,83,-0.38999,0.31053,0.09998
4,0.00556,-168.46534,84,-0.38999,0.31146,0.09998
4,0.00556,-168.46534,85,-0.38999,0.31239,0.09998
4,0.00556,-168.46534,86,-0.38999,0.31331,0.09998
4,0.00556,-168.46534,87,-0.38999,0.31423,0.09998
4,0.00556,-168.46534,88,-0.38999,0.31515,0.09998
4,0.00556,-168.46534,89,-0.38999,0.31607,0.09998
4,0.00556,-168.46534,90,-0.38999,0.31699,0.09998
4,0.00556,-168.46534,91,-0.38999,0.3179,0.09998
4,0.00556,-168.46534,92,-0.38999,0.31882,0.09998
4,0.00556,-168.46534,93,-0.38999,0.31973,0.09998
4,0.00556,-168.46534,94,-0.38999,0.32064,0.09998
4,0.00556,-168.46534,95,-0.38999,0.32155,0.09998
4,0.00556,-168.46534,96,-0.38999,0.32246,0.09998
4,0.00556,-168.46534,97,-0.38999,0.32337,0.09998
4,0.00556,-168.46534,98,-0.38999,0.32427,0.09998
4,0.00556,-168.46534,99,-0.38999,0.32518,0.09998
4,0.00556,-168.46534,100,-0.38999,0.32608,0.09998
4,0.00556,-168.46534,101,-0.38999,0.32698,0.09998
4,0.00556,-168.46534,102,-0.38999,0.32788,0.09998
4,0.00556,-168.46534,103,-0.38999,0.32878,0.09998
4,0.00556,-168.46534,104,-0.38999,0.32967,0.09998
4,0.00556,-168.46534,105,-0.38999,0.33057,0.09998
4,0.00556,-168.46534,106,-0.38999,0.33146,0.09998
4,0.00556,-168.46534,107,-0.38999,0.33236,0.09998
4,0.00556,-168.46534,108,-0.38999,0.33325,0.09998
4,0.00556,-168.46534,109,-0.38999,0.33414,0.09998
4,0.00556,-168.46534,110,-0.38999,0.33502,0.09998
4,0.00556,-168.46534,111,-0.38999,0.33591,0.09998
4,0.00556,-168.46534,112,-0.38999,0.3368,0.09998
4,0.00556,-168.46534,113,-0.38999,0.33768,0.09998
4,0.00556,-168.46534,114,-0.38999,0.33856,0.09998
4,0.00556,-168.46534,115,-0.38999,0.33944,0.09998
4,0.00556,-168.46534,116,-0.38999,0.34032,0.09998
4,0.00556,-168.46534,117,-0.38999,0.3412,0.09998
4,0.00556,-168.46534,118,-0.38999,0.34207,0.09998
4,0.00556,-168.46534,119,-0.38999,0.34295,0.09998
4,0.00556,-168.46534,120,-0.38999,0.34382,0.09998
5,2.0e-5,-150.50081,1,0.11042,0.25698,0.03876
5,2.0e-5,-150.50081,2,-0.06599,0.31301,0.15619
5,2.0e-5,-150.50081,3,-0.24063,0.36848,0.25844
5,2.0e-5,-150.50081,4,-0.39,0.38898,0.34561
5,2.0e-5,-150.50081,5,-0.39001,0.37978,0.43243
5,2.0e-5,-150.50081,6,-0.39001,0.37063,0.5048
5,2.0e-5,-150.50081,7,-0.39001,0.36152,0.56283
5,2.0e-5,-150.50081,8,-0.39001,0.35244,0.60661
5,2.0e-5,-150.50081,9,-0.39001,0.34339,0.63622
5,2.0e-5,-150.50081,10,-0.39001,0.33436,0.6517
5,2.0e-5,-150.50081,11,-0.39001,0.32535,0.6531
5,2.0e-5,-150.50081,12,-0.39001,0.31635,0.64045
5,2.0e-5,-150.50081,13,-0.39001,0.30738,0.61378
5,2.0e-5,-150.50081,14,-0.39001,0.29843,0.57315
5,2.0e-5,-150.50081,15,-0.39001,0.28952,0.51861
5,2.0e-5,-150.50081,16,-0.39001,0.28064,0.45025
5,2.0e-5,-150.50081,17,-0.39001,0.27179,0.36817
5,2.0e-5,-150.50081,18,-0.39001,0.263,0.27247
5,2.0e-5,-150.50081,19,-0.39001,0.25425,0.16327
5,2.0e-5,-150.50081,20,-0.39001,0.24979,0.09772
5,2.0e-5,-150.50081,21,-0.39001,0.25065,0.09892
5,2.0e-5,-150.50081,22,-0.39,0.2515,0.09948
5,2.0e-5,-150.50081,23,-0.39,0.25235,0.09975
5,2.0e-5,-150.50081,24,-0.39,0.2532,0.09987
5,2.0e-5,-150.50081,25,-0.39,0.25405,0.09993
5,2.0e-5,-150.50081,26,-0.39,0.2549,0.09996
5,2.0e-5,-150.50081,27,-0.39,0.25574,0.09997
5,2.0e-5,-150.50081,28,-0.39,0.25659,0.09998
5,2.0e-5,-150.50081,29,-0.39,0.25743,0.09998
5,2.0e-5,-150.50081,30,-0.39,0.25827,0.09998
5,2.0e-5,-150.50081,31,-0.39,0.25911,0.09998
5,2.0e-5,-150.50081,32,-0.39,0.25995,0.09998
5,2.0e-5,-150.50081,33,-0.39,0.26079,0.09998
5,2.0e-5,-150.50081,34,-0.39,0.26163,0.09998
5,2.0e-5,-150.50081,35,-0.39,0.26246,0.09998
5,2.0e-5,-150.50081,36,-0.39,0.2633,0.09998
5,2.0e-5,-150.50081,37,-0.39,0.26413,0.09998
5,2.0e-5,-150.50081,38,-0.39,0.26496,0.09998
5,2.0e-5,-150.50081,39,-0.39,0.26579,0.09998
5,2.0e-5,-150.50081,40,-0.39,0.26662,0.09998
5,2.0e-5,-150.50081,41,-0.39,0.26745,0.09998
5,2.0e-5,-150.50081,42,-0.39,0.26827,0.09998
5,2.0e-5,-150.50081,43,-0.39,0.2691,0.09998
5,2.0e-5,-150.50081,44,-0.39,0.26992,0.09998
5,2.0e-5,-150.50081,45,-0.39,0.27074,0.09998
5,2.0e-5,-150.50081,46,-0.39,0.27156,0.09998
5,2.0e-5,-150.50081,47,-0.39,0.27238,0.09998
5,2.0e-5,-150.50081,48,-0.39,0.2732,0.09998
5,2.0e-5,-150.50081,49,-0.39,0.27402,0.09998
5,2.0e-5,-150.50081,50,-0.39,0.27483,0.09998
5,2.0e-5,-150.50081,51,-0.39,0.27564,0.09998
5,2.0e-5,-150.50081,52,-0.39,0.27646,0.09998
5,2.0e-5,-150.50081,53,-0.39,0.27727,0.09998
5,2.0e-5,-150.50081,54,-0.39,0.27808,0.09998
5,2.0e-5,-150.50081,55,-0.39,0.27889,0.09998
5,2.0e-5,-150.50081,56,-0.39,0.27969,0.09998
5,2.0e-5,-150.50081,57,-0.39,0.2805,0.09998
5,2.0e-5,-150.50081,58,-0.39,0.2813,0.09998
5,2.0e-5,-150.50081,59,-0.39,0.28211,0.09998
5,2.0e-5,-150.50081,60,-0.39,0.28291,0.09998
5,2.0e-5,-150.50081,61,-0.39,0.28371,0.09998
5,2.0e-5,-150.50081,62,-0.39,0.28451,0.09998
5,2.0e-5,-150.50081,63,-0.39,0.28531,0.09998
5,2.0e-5,-150.50081,64,-0.39,0.28611,0.09998
5,2.0e-5,-150.50081,65,-0.39,0.2869,0.09998
5,2.0e-5,-150.50081,66,-0.39,0.2877,0.09998
5,2.0e-5,-150.50081,67,-0.39,0.28849,0.09998
5,2.0e-5,-150.50081,68,-0.39,0.28928,0.09998
5,2.0e-5,-150.50081,69,-0.39,0.29007,0.09998
5,2.0e-5,-150.50081,70,-0.39,0.29086,0.09998
5,2.0e-5,-150.50081,71,-0.39,0.29165,0.09998
5,2.0e-5,-150.50081,72,-0.39,0.29244,0.09998
5,2.0e-5,-150.50081,73,-0.39,0.29322,0.09998
5,2.0e-5,-150.50081,74,-0.39,0.294,0.09998
5,2.0e-5,-150.50081,75,-0.39,0.29479,0.09998
5,2.0e-5,-150.50081,76,-0.39,0.29557,0.09998
5,2.0e-5,-150.50081,77,-0.39,0.29635,0.09998
5,2.0e-5,-150.50081,78,-0.39,0.29713,0.09998
5,2.0e-5,-150.50081,79,-0.39,0.29791,0.09998
5,2.0e-5,-150.50081,80,-0.39,0.29868,0.09998
5,2.0e-5,-150.50081,81,-0.39,0.29946,0.09998
5,2.0e-5,-150.50081,82,-0.39,0.30023,0.09998
5,2.0e-5,-150.50081,83,-0.39,0.30101,0.09998
5,2.0e-5,-150.50081,84,-0.39,0.30178,0.09998
5,2.0e-5,-150.50081,85,-0.39,0.30255,0.09998
5,2.0e-5,-150.50081,86,-0.38999,0.30332,0.09998
5,2.0e-5,-150.50081,87,-0.38999,0.30409,0.09998
5,2.0e-5,-150.50081,88,-0.38999,0.30485,0.09998
5,2.0e-5,-150.50081,89,-0.38999,0.30562,0.09998
5,2.0e-5,-150.50081,90,-0.38999,0.30638,0.09998
5,2.0e-5,-150.50081,91,-0.38999,0.30714,0.09998
5,2.0e-5,-150.50081,92,-0.38999,0.30791,0.09998
5,2.0e-5,-150.50081,93,-0.38999,0.30867,0.09998
5,2.0e-5,-150.50081,94,-0.38999,0.30943,0.09998
5,2.0e-5,-150.50081,95,-0.38999,0.31018,0.09998
5,2.0e-5,-150.50081,96,-0.38999,0.31094,0.09998
5,2.0e-5,-150.50081,97,-0.38999,0.3117,0.09998
5,2.0e-5,-150.50081,98,-0.38999,0.31245,0.09998
5,2.0e-5,-150.50081,99,-0.38999,0.3132,0.09998
5,2.0e-5,-150.50081,100,-0.38999,0.31396,0.09998
5,2.0e-5,-150.50081,101,-0.38999,0.31471,0.09998
5,2.0e-5,-150.50081,102,-0.38999,0.31546,0.09998
5,2.0e-5,-150.50081,103,-0.38999,0.31621,0.09998
5,2.0e-5,-150.50081,104,-0.38999,0.31695,0.09998
5,2.0e-5,-150.50081,105,-0.38999,0.3177,0.09998
5,2.0e-5,-150.50081,106,-0.38999,0.31844,0.09998
5,2.0e-5,-150.50081,107,-0.38999,0.31919,0.09998
5,2.0e-5,-150.50081,108,-0.38999,0.31993,0.09998
5,2.0e-5,-150.50081,109,-0.38999,0.32067,0.09998
5,2.0e-5,-150.50081,110,-0.38999,0.32141,0.09998
5,2.0e-5,-150.50081,111,-0.38999,0.32215,0.09998
5,2.0e-5,-150.50081,112,-0.38999,0.32289,0.09998
5,2.0e-5,-150.50081,113,-0.38999,0.32362,0.09998
5,2.0e-5,-150.50081,114,-0.38999,0.32436,0.09998
5,2.0e-5,-150.50081,115,-0.38999,0.32509,0.09998
5,2.0e-5,-150.50081,116,-0.38999,0.32583,0.09998
5,2.0e-5,-150.50081,117,-0.38999,0.32656,0.09998
5,2.0e-5,-150.50081,118,-0.38999,0.32729,0.09998
5,2.0e-5,-150.50081,119,-0.38999,0.32802,0.09998
5,2.0e-5,-150.50081,120,-0.38999,0.32875,0.09998
6,0.00025,-162.37014,1,0.11042,0.25698,0.03878
6,0.00025,-162.37014,2,-0.06599,0.31301,0.15624
6,0.00025,-162.37014,3,-0.24063,0.36848,0.25852
6,0.00025,-162.37014,4,-0.39,0.38898,0.34571
6,0.00025,-162.37014,5,-0.39001,0.37979,0.43255
6,0.00025,-162.37014,6,-0.39001,0.37063,0.50494
6,0.00025,-162.37014,7,-0.39001,0.36152,0.56299
6,0.00025,-162.37014,8,-0.39001,0.35244,0.6068
6,0.00025,-162.37014,9,-0.39001,0.34339,0.63642
6,0.00025,-162.37014,10,-0.39001,0.33436,0.65193
6,0.00025,-162.37014,11,-0.39001,0.32535,0.65335
6,0.00025,-162.37014,12,-0.39001,0.31636,0.64072
6,0.00025,-162.37014,13,-0.39001,0.30738,0.61407
6,0.00025,-162.37014,14,-0.39001,0.29844,0.57345
6,0.00025,-162.37014,15,-0.39001,0.28952,0.51893
6,0.00025,-162.37014,16,-0.39001,0.28064,0.45059
6,0.00025,-162.37014,17,-0.39001,0.2718,0.36853
6,0.00025,-162.37014,18,-0.39001,0.263,0.27285
6,0.00025,-162.37014,19,-0.39001,0.25426,0.16367
6,0.00025,-162.37014,20,-0.39001,0.24979,0.09802
6,0.00025,-162.37014,21,-0.39001,0.25063,0.09906
6,0.00025,-162.37014,22,-0.39,0.25146,0.09955
6,0.00025,-162.37014,23,-0.39,0.2523,0.09978
6,0.00025,-162.37014,24,-0.39,0.25313,0.09989
6,0.00025,-162.37014,25,-0.39,0.25396,0.09994
6,0.00025,-162.37014,26,-0.39,0.25479,0.09996
6,0.00025,-162.37014,27,-0.39,0.25562,0.09997
6,0.00025,-162.37014,28,-0.39,0.25645,0.09998
6,0.00025,-162.37014,29,-0.39,0.25727,0.09998
6,0.00025,-162.37014,30,-0.39,0.2581,0.09998
6,0.00025,-162.37014,31,-0.39,0.25892,0.09998
6,0.00025,-162.37014,32,-0.39,0.25974,0.09998
6,0.00025,-162.37014,33,-0.39,0.26056,0.09998
6,0.00025,-162.37014,34,-0.39,0.26138,0.09998
6,0.00025,-162.37014,35,-0.39,0.2622,0.09998
6,0.00025,-162.37014,36,-0.39,0.26302,0.09998
6,0.00025,-162.37014,37,-0.39,0.26383,0.09998
6,0.00025,-162.37014,38,-0.39,0.26465,0.09998
6,0.00025,-162.37014,39,-0.39,0.26546,0.09998
6,0.00025,-162.37014,40,-0.39,0.26627,0.09998
6,0.00025,-162.37014,41,-0.39,0.26708,0.09998
6,0.00025,-162.37014,42,-0.39,0.26789,0.09998
6,0.00025,-162.37014,43,-0.39,0.2687,0.09998
6,0.00025,-162.37014,44,-0.39,0.2695,0.09998
6,0.00025,-162.37014,45,-0.39,0.27031,0.09998
6,0.00025,-162.37014,46,-0.39,0.27111,0.09998
6,0.00025,-162.37014,47,-0.39,0.27192,0.09998
6,0.00025,-162.37014,48,-0.39,0.27272,0.09998
6,0.00025,-162.37014,49,-0.39,0.27352,0.09998
6,0.00025,-162.37014,50,-0.39,0.27431,0.09998
6,0.00025,-162.37014,51,-0.39,0.27511,0.09998
6,0.00025,-162.37014,52,-0.39,0.27591,0.09998
6,0.00025,-162.37014,53,-0.39,0.2767,0.09998
6,0.00025,-162.37014,54,-0.39,0.2775,0.09998
6,0.00025,-162.37014,55,-0.39,0.27829,0.09998
6,0.00025,-162.37014,56,-0.39,0.27908,0.09998
6,0.00025,-162.37014,57,-0.39,0.27987,0.09998
6,0.00025,-162.37014,58,-0.39,0.28066,0.09998
6,0.00025,-162.37014,59,-0.39,0.28144,0.09998
6,0.00025,-162.37014,60,-0.39,0.28223,0.09998
6,0.00025,-162.37014,61,-0.39,0.28301,0.09998
6,0.00025,-162.37014,62,-0.39,0.2838,0.09998
6,0.00025,-162.37014,63,-0.39,0.28458,0.09998
6,0.00025,-162.37014,64,-0.39,0.28536,0.09998
6,0.00025,-162.37014,65,-0.39,0.28614,0.09998
6,0.00025,-162.37014,66,-0.39,0.28692,0.09998
6,0.00025,-162.37014,67,-0.39,0.28769,0.09998
6,0.00025,-162.37014,68,-0.39,0.28847,0.09998
6,0.00025,-162.37014,69,-0.39,0.28924,0.09998
6,0.00025,-162.37014,70,-0.39,0.29002,0.09998
6,0.00025,-162.37014,71,-0.39,0.29079,0.09998
6,0.00025,-162.37014,72,-0.39,0.29156,0.09998
6,0.00025,-162.37014,73,-0.39,0.29233,0.09998
6,0.00025,-162.37014,74,-0.39,0.29309,0.09998
6,0.00025,-162.37014,75,-0.39,0.29386,0.09998
6,0.00025,-162.37014,76,-0.39,0.29463,0.09998
6,0.00025,-162.37014,77,-0.39,0.29539,0.09998
6,0.00025,-162.37014,78,-0.39,0.29615,0.09998
6,0.00025,-162.37014,79,-0.39,0.29692,0.09998
6,0.00025,-162.37014,80,-0.39,0.29768,0.09998
6,0.00025,-162.37014,81,-0.39,0.29844,0.09998
6,0.00025,-162.37014,82,-0.39,0.29919,0.09998
6,0.00025,-162.37014,83,-0.39,0.29995,0.09998
6,0.00025,-162.37014,84,-0.39,0.30071,0.09998
6,0.00025,-162.37014,85,-0.39,0.30146,0.09998
6,0.00025,-162.37014,86,-0.39,0.30222,0.09998
6,0.00025,-162.37014,87,-0.39,0.30297,0.09998
6,0.00025,-162.37014,88,-0.39,0.30372,0.09998
6,0.00025,-162.37014,89,-0.39,0.30447,0.09998
6,0.00025,-162.37014,90,-0.39,0.30522,0.09998
6,0.00025,-162.37014,91,-0.38999,0.30596,0.09998
6,0.00025,-162.37014,92,-0.38999,0.30671,0.09998
6,0.00025,-162.37014,93,-0.38999,0.30746,0.09998
6,0.00025,-162.37014,94,-0.38999,0.3082,0.09998
6,0.00025,-162.37014,95,-0.38999,0.30894,0.09998
6,0.00025,-162.37014,96,-0.38999,0.30968,0.09998
6,0.00025,-162.37014,97,-0.38999,0.31042,0.09998
6,0.00025,-162.37014,98,-0.38999,0.31116,0.09998
6,0.00025,-162.37014,99,-0.38999,0.3119,0.09998
6,0.00025,-162.37014,100,-0.38999,0.31264,0.09998
6,0.00025,-162.37014,101,-0.38999,0.31337,0.09998
6,0.00025,-162.37014,102,-0.38999,0.31411,0.09998
6,0.00025,-162.37014,103,-0.38999,0.31484,0.09998
6,0.00025,-162.37014,104,-0.38999,0.31557,0.09998
6,0.00025,-162.37014,105,-0.38999,0.3163,0.09998
6,0.00025,-162.37014,106,-0.38999,0.31703,0.09998
6,0.00025,-162.37014,107,-0.38999,0.31776,0.09998
6,0.00025,-162.37014,108,-0.38999,0.31849,0.09998
6,0.00025,-162.37014,109,-0.38999,0.31921,0.09998
6,0.00025,-162.37014,110,-0.38999,0.31994,0.09998
6,0.00025,-162.37014,111,-0.38999,0.32066,0.09998
6,0.00025,-162.37014,112,-0.38999,0.32138,0.09998
6,0.00025,-162.37014,113,-0.38999,0.32211,0.09998
6,0.00025,-162.37014,114,-0.38999,0.32283,0.09998
6,0.00025,-162.37014,115,-0.38999,0.32354,0.09998
6,0.00025,-162.37014,116,-0.38999,0.32426,0.09998
6,0.00025,-162.37014,117,-0.38999,0.32498,0.09998
6,0.00025,-162.37014,118,-0.38999,0.32569,0.09998
6,0.00025,-162.37014,119,-0.38999,0.32641,0.09998
6,0.00025,-162.37014,120,-0.38999,0.32712,0.09998
7,0.00298,-179.73586,1,0.11042,0.25698,0.0391
7,0.00298,-179.73586,2,-0.06598,0.31301,0.15687
7,0.00298,-179.73586,3,-0.24062,0.36848,0.25946
7,0.00298,-179.73586,4,-0.38998,0.38898,0.34693
7,0.00298,-179.73586,5,-0.39001,0.37979,0.43401
7,0.00298,-179.73586,6,-0.39001,0.37065,0.50665
7,0.00298,-179.73586,7,-0.39001,0.36154,0.56495
7,0.00298,-179.73586,8,-0.39001,0.35247,0.60899
7,0.00298,-179.73586,9,-0.39001,0.34342,0.63886
7,0.00298,-179.73586,10,-0.39001,0.3344,0.65461
7,0.00298,-179.73586,11,-0.39001,0.32539,0.65627
7,0.00298,-179.73586,12,-0.39001,0.3164,0.64388
7,0.00298,-179.73586,13,-0.39001,0.30744,0.61747
7,0.00298,-179.73586,14,-0.39001,0.2985,0.57709
7,0.00298,-179.73586,15,-0.39001,0.28959,0.52281
7,0.00298,-179.73586,16,-0.39001,0.28071,0.4547
7,0.00298,-179.73586,17,-0.39001,0.27188,0.37287
7,0.00298,-179.73586,18,-0.39001,0.26309,0.27742
7,0.00298,-179.73586,19,-0.39001,0.25434,0.16847
7,0.00298,-179.73586,20,-0.39001,0.25027,0.09999
7,0.00298,-179.73586,21,-0.39001,0.252,0.09998
7,0.00298,-179.73586,22,-0.39,0.25371,0.09998
7,0.00298,-179.73586,23,-0.39,0.25543,0.09998
7,0.00298,-179.73586,24,-0.39,0.25714,0.09998
7,0.00298,-179.73586,25,-0.39,0.25885,0.09998
7,0.00298,-179.73586,26,-0.39,0.26055,0.09998
7,0.00298,-179.73586,27,-0.39,0.26225,0.09998
7,0.00298,-179.73586,28,-0.39,0.26395,0.09998
7,0.00298,-179.73586,29,-0.39,0.26564,0.09998
7,0.00298,-179.73586,30,-0.39,0.26733,0.09998
7,0.00298,-179.73586,31,-0.39,0.26902,0.09998
7,0.00298,-179.73586,32,-0.39,0.27071,0.09998
7,0.00298,-179.73586,33,-0.39,0.27239,0.09998
7,0.00298,-179.73586,34,-0.39,0.27407,0.09998
7,0.00298,-179.73586,35,-0.39,0.27574,0.09998
7,0.00298,-179.73586,36,-0.39,0.27741,0.09998
7,0.00298,-179.73586,37,-0.39,0.27908,0.09998
7,0.00298,-179.73586,38,-0.39,0.28075,0.09998
7,0.00298,-179.73586,39,-0.39,0.28241,0.09998
7,0.00298,-179.73586,40,-0.39,0.28407,0.09998
7,0.00298,-179.73586,41,-0.39,0.28572,0.09998
7,0.00298,-179.73586,42,-0.39,0.28738,0.09998
7,0.00298,-179.73586,43,-0.39,0.28903,0.09998
7,0.00298,-179.73586,44,-0.39,0.29067,0.09998
7,0.00298,-179.73586,45,-0.39,0.29232,0.09998
7,0.00298,-179.73586,46,-0.39,0.29396,0.09998
7,0.00298,-179.73586,47,-0.39,0.29559,0.09998
7,0.00298,-179.73586,48,-0.39,0.29723,0.09998
7,0.00298,-179.73586,49,-0.39,0.29886,0.09998
7,0.00298,-179.73586,50,-0.39,0.30049,0.09998
7,0.00298,-179.73586,51,-0.39,0.30211,0.09998
7,0.00298,-179.73586,52,-0.39,0.30373,0.09998
7,0.00298,-179.73586,53,-0.39,0.30535,0.09998
7,0.00298,-179.73586,54,-0.39,0.30697,0.09998
7,0.00298,-179.73586,55,-0.39,0.30858,0.09998
7,0.00298,-179.73586,56,-0.39,0.31019,0.09998
7,0.00298,-179.73586,57,-0.39,0.31179,0.09998
7,0.00298,-179.73586,58,-0.39,0.3134,0.09998
7,0.00298,-179.73586,59,-0.39,0.315,0.09998
7,0.00298,-179.73586,60,-0.39,0.3166,0.09998
7,0.00298,-179.73586,61,-0.39,0.31819,0.09998
7,0.00298,-179.73586,62,-0.39,0.31978,0.09998
7,0.00298,-179.73586,63,-0.39,0.32137,0.09998
7,0.00298,-179.73586,64,-0.39,0.32295,0.09998
7,0.00298,-179.73586,65,-0.39,0.32454,0.09998
7,0.00298,-179.73586,66,-0.39,0.32612,0.09998
7,0.00298,-179.73586,67,-0.39,0.32769,0.09998
7,0.00298,-179.73586,68,-0.39,0.32926,0.09998
7,0.00298,-179.73586,69,-0.39,0.33083,0.09998
7,0.00298,-179.73586,70,-0.39,0.3324,0.09998
7,0.00298,-179.73586,71,-0.39,0.33397,0.09998
7,0.00298,-179.73586,72,-0.39,0.33553,0.09998
7,0.00298,-179.73586,73,-0.39,0.33709,0.09998
7,0.00298,-179.73586,74,-0.39,0.33864,0.09998
7,0.00298,-179.73586,75,-0.39,0.34019,0.09998
7,0.00298,-179.73586,76,-0.39,0.34174,0.09998
7,0.00298,-179.73586,77,-0.39,0.34329,0.09998
7,0.00298,-179.73586,78,-0.39,0.34483,0.09998
7,0.00298,-179.73586,79,-0.39,0.34638,0.09998
7,0.00298,-179.73586,80,-0.39,0.34791,0.09998
7,0.00298,-179.73586,81,-0.39,0.34945,0.09998
7,0.00298,-179.73586,82,-0.39,0.35098,0.09998
7,0.00298,-179.73586,83,-0.39,0.35251,0.09998
7,0.00298,-179.73586,84,-0.39,0.35404,0.09998
7,0.00298,-179.73586,85,-0.39,0.35556,0.09998
7,0.00298,-179.73586,86,-0.39,0.35708,0.09998
7,0.00298,-179.73586,87,-0.39,0.3586,0.09998
7,0.00298,-179.73586,88,-0.39,0.36012,0.09998
7,0.00298,-179.73586,89,-0.39,0.36163,0.09998
7,0.00298,-179.73586,90,-0.39,0.36314,0.09998
7,0.00298,-179.73586,91,-0.39,0.36464,0.09998
7,0.00298,-179.73586,92,-0.39,0.36615,0.09998
7,0.00298,-179.73586,93,-0.39,0.36765,0.09998
7,0.00298,-179.73586,94,-0.39,0.36915,0.09998
7,0.00298,-179.73586,95,-0.39,0.37064,0.09998
7,0.00298,-179.73586,96,-0.39,0.37214,0.09998
7,0.00298,-179.73586,97,-0.39,0.37363,0.09998
7,0.00298,-179.73586,98,-0.39,0.37511,0.09998
7,0.00298,-179.73586,99,-0.39,0.3766,0.09999
7,0.00298,-179.73586,100,-0.39,0.37808,0.09999
7,0.00298,-179.73586,101,-0.39,0.37956,0.09998
7,0.00298,-179.73586,102,-0.39,0.38104,0.09998
7,0.00298,-179.73586,103,-0.39,0.38251,0.09999
7,0.00298,-179.73586,104,-0.39,0.38398,0.09999
7,0.00298,-179.73586,105,-0.39,0.38545,0.09998
7,0.00298,-179.73586,106,-0.39,0.38691,0.09999
7,0.00298,-179.73586,107,-0.39,0.38838,0.09999
7,0.00298,-179.73586,108,-0.39,0.38984,0.09999
7,0.00298,-179.73586,109,-0.39001,0.39,0.09998
7,0.00298,-179.73586,110,-0.39,0.39,0.09998
7,0.00298,-179.73586,111,-0.39,0.39,0.09998
7,0.00298,-179.73586,112,-0.39,0.39,0.09998
7,0.00298,-179.73586,113,-0.39,0.39,0.09998
7,0.00298,-179.73586,114,-0.39,0.39,0.09998
7,0.00298,-179.73586,115,-0.39,0.39,0.09998
7,0.00298,-179.73586,116,-0.39,0.39,0.09998
7,0.00298,-179.73586,117,-0.39,0.39,0.09998
7,0.00298,-179.73586,118,-0.39,0.39,0.09998
7,0.00298,-179.73586,119,-0.39,0.39,0.09998
7,0.00298,-179.73586,120,-0.39,0.39,0.09998
8,0.00025,-187.77421,1,0.11042,0.25698,0.03878
8,0.00025,-187.77421,2,-0.06599,0.31301,0.15624
8,0.00025,-187.77421,3,-0.24063,0.36848,0.25852
8,0.00025,-187.77421,4,-0.39,0.38898,0.34571
8,0.00025,-187.77421,5,-0.39001,0.37979,0.43255
8,0.00025,-187.77421,6,-0.39001,0.37063,0.50494
8,0.00025,-187.77421,7,-0.39001,0.36152,0.56299
8,0.00025,-187.77421,8,-0.39001,0.35244,0.6068
8,0.00025,-187.77421,9,-0.39001,0.34339,0.63642
8,0.00025,-187.77421,10,-0.39001,0.33436,0.65193
8,0.00025,-187.77421,11,-0.39001,0.32535,0.65335
8,0.00025,-187.77421,12,-0.39001,0.31636,0.64072
8,0.00025,-187.77421,13,-0.39001,0.30738,0.61407
8,0.00025,-187.77421,14,-0.39001,0.29844,0.57345
8,0.00025,-187.77421,15,-0.39001,0.28952,0.51893
8,0.00025,-187.77421,16,-0.39001,0.28064,0.45059
8,0.00025,-187.77421,17,-0.39001,0.2718,0.36853
8,0.00025,-187.77421,18,-0.39001,0.263,0.27285
8,0.00025,-187.77421,19,-0.39001,0.25426,0.16367
8,0.00025,-187.77421,20,-0.39001,0.24979,0.09802
8,0.00025,-187.77421,21,-0.39001,0.25063,0.09906
8,0.00025,-187.77421,22,-0.39,0.25146,0.09955
8,0.00025,-187.77421,23,-0.39,0.2523,0.09978
8,0.00025,-187.77421,24,-0.39,0.25313,0.09989
8,0.00025,-187.77421,25,-0.39,0.25396,0.09994
8,0.00025,-187.77421,26,-0.39,0.25479,0.09996
8,0.00025,-187.77421,27,-0.39,0.25562,0.09997
8,0.00025,-187.77421,28,-0.39,0.25645,0.09998
8,0.00025,-187.77421,29,-0.39,0.25727,0.09998
8,0.00025,-187.77421,30,-0.39,0.2581,0.09998
8,0.00025,-187.77421,31,-0.39,0.25892,0.09998
8,0.00025,-187.77421,32,-0.39,0.25974,0.09998
8,0.00025,-187.77421,33,-0.39,0.26056,0.09998
8,0.00025,-187.77421,34,-0.39,0.26138,0.09998
8,0.00025,-187.77421,35,-0.39,0.2622,0.09998
8,0.00025,-187.77421,36,-0.39,0.26302,0.09998
8,0.00025,-187.77421,37,-0.39,0.26383,0.09998
8,0.00025,-187.77421,38,-0.39,0.26465,0.09998
8,0.00025,-187.77421,39,-0.39,0.26546,0.09998
8,0.00025,-187.77421,40,-0.39,0.26627,0.09998
8,0.00025,-187.77421,41,-0.39,0.26708,0.09998
8,0.00025,-187.77421,42,-0.39,0.26789,0.09998
8,0.00025,-187.77421,43,-0.39,0.2687,0.09998
8,0.00025,-187.77421,44,-0.39,0.2695,0.09998
8,0.00025,-187.77421,45,-0.39,0.27031,0.09998
8,0.00025,-187.77421,46,-0.39,0.27111,0.09998
8,0.00025,-187.77421,47,-0.39,0.27192,0.09998
8,0.00025,-187.77421,48,-0.39,0.27272,0.09998
8,0.00025,-187.77421,49,-0.39,0.27352,0.09998
8,0.00025,-187.77421,50,-0.39,0.27431,0.09998
8,0.00025,-187.77421,51,-0.39,0.27511,0.09998
8,0.00025,-187.77421,52,-0.39,0.27591,0.09998
8,0.00025,-187.77421,53,-0.39,0.2767,0.09998
8,0.00025,-187.77421,54,-0.39,0.2775,0.09998
8,0.00025,-187.77421,55,-0.39,0.27829,0.09998
8,0.00025,-187.77421,56,-0.39,0.27908,0.09998
8,0.00025,-187.77421,57,-0.39,0.27987,0.09998
8,0.00025,-187.77421,58,-0.39,0.28066,0.09998
8,0.00025,-187.77421,59,-0.39,0.28144,0.09998
8,0.00025,-187.77421,60,-0.39,0.28223,0.09998
8,0.00025,-187.77421,61,-0.39,0.28301,0.09998
8,0.00025,-187.77421,62,-0.39,0.2838,0.09998
8,0.00025,-187.77421,63,-0.39,0.28458,0.09998
8,0.00025,-187.77421,64,-0.39,0.28536,0.09998
8,0.00025,-187.77421,65,-0.39,0.28614,0.09998
8,0.00025,-187.77421,66,-0.39,0.28692,0.09998
8,0.00025,-187.77421,67,-0.39,0.28769,0.09998
8,0.00025,-187.77421,68,-0.39,0.28847,0.09998
8,0.00025,-187.77421,69,-0.39,0.28924,0.09998
8,0.00025,-187.77421,70,-0.39,0.29002,0.09998
8,0.00025,-187.77421,71,-0.39,0.29079,0.09998
8,0.00025,-187.77421,72,-0.39,0.29156,0.09998
8,0.00025,-187.77421,73,-0.39,0.29233,0.09998
8,0.00025,-187.77421,74,-0.39,0.29309,0.09998
8,0.00025,-187.77421,75,-0.39,0.29386,0.09998
8,0.00025,-187.77421,76,-0.39,0.29463,0.09998
8,0.00025,-187.77421,77,-0.39,0.29539,0.09998
8,0.00025,-187.77421,78,-0.39,0.29615,0.09998
8,0.00025,-187.77421,79,-0.39,0.29692,0.09998
8,0.00025,-187.77421,80,-0.39,0.29768,0.09998
8,0.00025,-187.77421,81,-0.39,0.29844,0.09998
8,0.00025,-187.77421,82,-0.39,0.29919,0.09998
8,0.00025,-187.77421,83,-0.39,0.29995,0.09998
8,0.00025,-187.77421,84,-0.39,0.30071,0.09998
8,0.00025,-187.77421,85,-0.39,0.30146,0.09998
8,0.00025,-187.77421,86,-0.39,0.30222,0.09998
8,0.00025,-187.77421,87,-0.39,0.30297,0.09998
8,0.00025,-187.77421,88,-0.39,0.30372,0.09998
8,0.00025,-187.77421,89,-0.39,0.30447,0.09998
8,0.00025,-187.77421,90,-0.39,0.30522,0.09998
8,0.00025,-187.77421,91,-0.38999,0.30596,0.09998
8,0.00025,-187.77421,92,-0.38999,0.30671,0.09998
8,0.00025,-187.77421,93,-0.38999,0.30746,0.09998
8,0.00025,-187.77421,94,-0.38999,0.3082,0.09998
8,0.00025,-187.77421,95,-0.38999,0.30894,0.09998
8,0.00025,-187.77421,96,-0.38999,0.30968,0.09998
8,0.00025,-187.77421,97,-0.38999,0.31042,0.09998
8,0.00025,-187.77421,98,-0.38999,0.31116,0.09998
8,0.00025,-187.77421,99,-0.38999,0.3119,0.09998
8,0.00025,-187.77421,100,-0.38999,0.31264,0.09998
8,0.00025,-187.77421,101,-0.38999,0.31337,0.09998
8,0.00025,-187.77421,102,-0.38999,0.31411,0.09998
8,0.00025,-187.77421,103,-0.38999,0.31484,0.09998
8,0.00025,-187.77421,104,-0.38999,0.31557,0.09998
8,0.00025,-187.77421,105,-0.38999,0.3163,0.09998
8,0.00025,-187.77421,106,-0.38999,0.31703,0.09998
8,0.00025,-187.77421,107,-0.38999,0.31776,0.09998
8,0.00025,-187.77421,108,-0.38999,0.31849,0.09998
8,0.00025,-187.77421,109,-0.38999,0.31921,0.09998
8,0.00025,-187.77421,110,-0.38999,0.31994,0.09998
8,0.00025,-187.77421,111,-0.38999,0.32066,0.09998
8,0.00025,-187.77421,112,-0.38999,0.32138,0.09998
8,0.00025,-187.77421,113,-0.38999,0.32211,0.09998
8,0.00025,-187.77421,114,-0.38999,0.32283,0.09998
8,0.00025,-187.77421,115,-0.38999,0.32354,0.09998
8,0.00025,-187.77421,116,-0.38999,0.32426,0.09998
8,0.00025,-187.77421,117,-0.38999,0.32498,0.09998
8,0.00025,-187.77421,118,-0.38999,0.32569,0.09998
8,0.00025,-187.77421,119,-0.38999,0.32641,0.09998
8,0.00025,-187.77421,120,-0.38999,0.32712,0.09998
9,0.00063,-183.82385,1,0.11042,0.25698,0.03883
9,0.00063,-183.82385,2,-0.06599,0.31301,0.15633
9,0.00063,-183.82385,3,-0.24063,0.36848,0.25865
9,0.00063,-183.82385,4,-0.39,0.38898,0.34588
9,0.00063,-183.82385,5,-0.39001,0.37979,0.43275
9,0.00063,-183.82385,6,-0.39001,0.37064,0.50518
9,0.00063,-183.82385,7,-0.39001,0.36152,0.56327
9,0.00063,-183.82385,8,-0.39001,0.35245,0.6071
9,0.00063,-183.82385,9,-0.39001,0.34339,0.63676
9,0.00063,-183.82385,10,-0.39001,0.33437,0.6523
9,0.00063,-183.82385,11,-0.39001,0.32536,0.65376
9,0.00063,-183.82385,12,-0.39001,0.31636,0.64116
9,0.00063,-183.82385,13,-0.39001,0.30739,0.61454
9,0.00063,-183.82385,14,-0.39001,0.29845,0.57396
9,0.00063,-183.82385,15,-0.39001,0.28953,0.51948
9,0.00063,-183.82385,16,-0.39001,0.28065,0.45117
9,0.00063,-183.82385,17,-0.39001,0.27181,0.36914
9,0.00063,-183.82385,18,-0.39001,0.26301,0.27349
9,0.00063,-183.82385,19,-0.39001,0.25427,0.16434
9,0.00063,-183.82385,20,-0.39001,0.24979,0.09851
9,0.00063,-183.82385,21,-0.39001,0.2506,0.09929
9,0.00063,-183.82385,22,-0.39,0.2514,0.09966
9,0.00063,-183.82385,23,-0.39,0.2522,0.09983
9,0.00063,-183.82385,24,-0.39,0.25301,0.09991
9,0.00063,-183.82385,25,-0.39,0.25381,0.09995
9,0.00063,-183.82385,26,-0.39,0.25461,0.09997
9,0.00063,-183.82385,27,-0.39,0.2554,0.09998
9,0.00063,-183.82385,28,-0.39,0.2562,0.09998
9,0.00063,-183.82385,29,-0.39,0.257,0.09998
9,0.00063,-183.82385,30,-0.39,0.25779,0.09998
9,0.00063,-183.82385,31,-0.39,0.25858,0.09998
9,0.00063,-183.82385,32,-0.39,0.25937,0.09998
9,0.00063,-183.82385,33,-0.39,0.26016,0.09998
9,0.00063,-183.82385,34,-0.39,0.26095,0.09998
9,0.00063,-183.82385,35,-0.39,0.26174,0.09998
9,0.00063,-183.82385,36,-0.39,0.26253,0.09998
9,0.00063,-183.82385,37,-0.39,0.26331,0.09998
9,0.00063,-183.82385,38,-0.39,0.2641,0.09998
9,0.00063,-183.82385,39,-0.39,0.26488,0.09998
9,0.00063,-183.82385,40,-0.39,0.26566,0.09998
9,0.00063,-183.82385,41,-0.39,0.26644,0.09998
9,0.00063,-183.82385,42,-0.39,0.26722,0.09998
9,0.00063,-183.82385,43,-0.39,0.268,0.09998
9,0.00063,-183.82385,44,-0.39,0.26877,0.09998
9,0.00063,-183.82385,45,-0.39,0.26955,0.09998
9,0.00063,-183.82385,46,-0.39,0.27032,0.09998
9,0.00063,-183.82385,47,-0.39,0.2711,0.09998
9,0.00063,-183.82385,48,-0.39,0.27187,0.09998
9,0.00063,-183.82385,49,-0.39,0.27264,0.09998
9,0.00063,-183.82385,50,-0.39,0.27341,0.09998
9,0.00063,-183.82385,51,-0.39,0.27417,0.09998
9,0.00063,-183.82385,52,-0.39,0.27494,0.09998
9,0.00063,-183.82385,53,-0.39,0.27571,0.09998
9,0.00063,-183.82385,54,-0.39,0.27647,0.09998
9,0.00063,-183.82385,55,-0.39,0.27723,0.09998
9,0.00063,-183.82385,56,-0.39,0.27799,0.09998
9,0.00063,-183.82385,57,-0.39,0.27875,0.09998
9,0.00063,-183.82385,58,-0.39,0.27951,0.09998
9,0.00063,-183.82385,59,-0.39,0.28027,0.09998
9,0.00063,-183.82385,60,-0.39,0.28103,0.09998
9,0.00063,-183.82385,61,-0.39,0.28178,0.09998
9,0.00063,-183.82385,62,-0.39,0.28254,0.09998
9,0.00063,-183.82385,63,-0.39,0.28329,0.09998
9,0.00063,-183.82385,64,-0.39,0.28404,0.09998
9,0.00063,-183.82385,65,-0.39,0.28479,0.09998
9,0.00063,-183.82385,66,-0.39,0.28554,0.09998
9,0.00063,-183.82385,67,-0.39,0.28629,0.09998
9,0.00063,-183.82385,68,-0.39,0.28704,0.09998
9,0.00063,-183.82385,69,-0.39,0.28778,0.09998
9,0.00063,-183.82385,70,-0.39,0.28853,0.09998
9,0.00063,-183.82385,71,-0.39,0.28927,0.09998
9,0.00063,-183.82385,72,-0.39,0.29001,0.09998
9,0.00063,-183.82385,73,-0.39,0.29075,0.09998
9,0.00063,-183.82385,74,-0.39,0.29149,0.09998
9,0.00063,-183.82385,75,-0.39,0.29223,0.09998
9,0.00063,-183.82385,76,-0.39,0.29297,0.09998
9,0.00063,-183.82385,77,-0.39,0.2937,0.09998
9,0.00063,-183.82385,78,-0.39,0.29444,0.09998
9,0.00063,-183.82385,79,-0.39,0.29517,0.09998
9,0.00063,-183.82385,80,-0.38999,0.29591,0.09998
9,0.00063,-183.82385,81,-0.38999,0.29664,0.09998
9,0.00063,-183.82385,82,-0.38999,0.29737,0.09998
9,0.00063,-183.82385,83,-0.38999,0.2981,0.09998
9,0.00063,-183.82385,84,-0.38999,0.29882,0.09998
9,0.00063,-183.82385,85,-0.38999,0.29955,0.09998
9,0.00063,-183.82385,86,-0.38999,0.30028,0.09998
9,0.00063,-183.82385,87,-0.38999,0.301,0.09998
9,0.00063,-183.82385,88,-0.38999,0.30172,0.09998
9,0.00063,-183.82385,89,-0.38999,0.30245,0.09998
9,0.00063,-183.82385,90,-0.38999,0.30317,0.09998
9,0.00063,-183.82385,91,-0.38999,0.30389,0.09998
9,0.00063,-183.82385,92,-0.38999,0.30461,0.09998
9,0.00063,-183.82385,93,-0.38999,0.30532,0.09998
9,0.00063,-183.82385,94,-0.38999,0.30604,0.09998
9,0.00063,-183.82385,95,-0.38999,0.30675,0.09998
9,0.00063,-183.82385,96,-0.38999,0.30747,0.09998
9,0.00063,-183.82385,97,-0.38999,0.30818,0.09998
9,0.00063,-183.82385,98,-0.38999,0.30889,0.09998
9,0.00063,-183.82385,99,-0.38999,0.3096,0.09998
9,0.00063,-183.82385,100,-0.38999,0.31031,0.09998
9,0.00063,-183.82385,101,-0.38999,0.31102,0.09998
9,0.00063,-183.82385,102,-0.38999,0.31173,0.09998
9,0.00063,-183.82385,103,-0.38999,0.31243,0.09998
9,0.00063,-183.82385,104,-0.38999,0.31314,0.09998
9,0.00063,-183.82385,105,-0.38999,0.31384,0.09998
9,0.00063,-183.82385,106,-0.38999,0.31454,0.09998
9,0.00063,-183.82385,107,-0.38999,0.31525,0.09998
9,0.00063,-183.82385,108,-0.38999,0.31595,0.09998
9,0.00063,-183.82385,109,-0.38999,0.31665,0.09998
9,0.00063,-183.82385,110,-0.38999,0.31734,0.09998
9,0.00063,-183.82385,111,-0.38999,0.31804,0.09998
9,0.00063,-183.82385,112,-0.38999,0.31874,0.09998
9,0.00063,-183.82385,113,-0.38999,0.31943,0.09998
9,0.00063,-183.82385,114,-0.38999,0.32012,0.09998
9,0.00063,-183.82385,115,-0.38999,0.32082,0.09998
9,0.00063,-183.82385,116,-0.38999,0.32151,0.09998
9,0.00063,-183.82385,117,-0.38999,0.3222,0.09998
9,0.00063,-183.82385,118,-0.38999,0.32289,0.09998
9,0.00063,-183.82385,119,-0.38999,0.32358,0.09998
9,0.00063,-183.82385,120,-0.38999,0.32426,0.09998
10,0.00574,-147.70417,1,0.11042,0.25698,0.03942
10,0.00574,-147.70417,2,-0.06598,0.31301,0.15751
10,0.00574,-147.70417,3,-0.24062,0.36848,0.26041
10,0.00574,-147.70417,4,-0.38995,0.38898,0.34817
10,0.00574,-147.70417,5,-0.39001,0.3798,0.4355
10,0.00574,-147.70417,6,-0.39001,0.37066,0.50838
10,0.00574,-147.70417,7,-0.39001,0.36156,0.56693
10,0.00574,-147.70417,8,-0.39001,0.35249,0.61122
10,0.00574,-147.70417,9,-0.39001,0.34345,0.64133
10,0.00574,-147.70417,10,-0.39001,0.33443,0.65732
10,0.00574,-147.70417,11,-0.39001,0.32543,0.65922
10,0.00574,-147.70417,12,-0.39001,0.31645,0.64707
10,0.00574,-147.70417,13,-0.39001,0.30749,0.62091
10,0.00574,-147.70417,14,-0.39001,0.29856,0.58077
10,0.00574,-147.70417,15,-0.39001,0.28965,0.52673
10,0.00574,-147.70417,16,-0.39001,0.28078,0.45886
10,0.00574,-147.70417,17,-0.39001,0.27195,0.37727
10,0.00574,-147.70417,18,-0.39001,0.26317,0.28205
10,0.00574,-147.70417,19,-0.39001,0.25443,0.17334
10,0.00574,-147.70417,20,-0.39001,0.24898,0.09491
10,0.00574,-147.70417,21,-0.39001,0.24999,0.09759
10,0.00574,-147.70417,22,-0.39,0.25101,0.09885
10,0.00574,-147.70417,23,-0.39,0.25202,0.09945
10,0.00574,-147.70417,24,-0.39,0.25303,0.09973
10,0.00574,-147.70417,25,-0.39,0.25404,0.09987
10,0.00574,-147.70417,26,-0.39,0.25505,0.09993
10,0.00574,-147.70417,27,-0.39,0.25606,0.09996
10,0.00574,-147.70417,28,-0.39,0.25707,0.09997
10,0.00574,-147.70417,29,-0.39,0.25807,0.09998
10,0.00574,-147.70417,30,-0.39,0.25907,0.09998
10,0.00574,-147.70417,31,-0.39,0.26007,0.09998
10,0.00574,-147.70417,32,-0.39,0.26107,0.09998
10,0.00574,-147.70417,33,-0.39,0.26207,0.09998
10,0.00574,-147.70417,34,-0.39,0.26306,0.09998
10,0.00574,-147.70417,35,-0.39,0.26406,0.09998
10,0.00574,-147.70417,36,-0.39,0.26505,0.09998
10,0.00574,-147.70417,37,-0.39,0.26604,0.09998
10,0.00574,-147.70417,38,-0.39,0.26703,0.09998
10,0.00574,-147.70417,39,-0.39,0.26802,0.09998
10,0.00574,-147.70417,40,-0.39,0.269,0.09998
10,0.00574,-147.70417,41,-0.39,0.26999,0.09998
10,0.00574,-147.70417,42,-0.39,0.27097,0.09998
10,0.00574,-147.70417,43,-0.39,0.27195,0.09998
10,0.00574,-147.70417,44,-0.39,0.27293,0.09998
10,0.00574,-147.70417,45,-0.39,0.2739,0.09998
10,0.00574,-147.70417,46,-0.39,0.27488,0.09998
10,0.00574,-147.70417,47,-0.39,0.27586,0.09998
10,0.00574,-147.70417,48,-0.39,0.27683,0.09998
10,0.00574,-147.70417,49,-0.39,0.2778,0.09998
10,0.00574,-147.70417,50,-0.39,0.27877,0.09998
10,0.00574,-147.70417,51,-0.39,0.27974,0.09998
10,0.00574,-147.70417,52,-0.39,0.2807,0.09998
10,0.00574,-147.70417,53,-0.39,0.28167,0.09998
10,0.00574,-147.70417,54,-0.39,0.28263,0.09998
10,0.00574,-147.70417,55,-0.39,0.28359,0.09998
10,0.00574,-147.70417,56,-0.39,0.28455,0.09998
10,0.00574,-147.70417,57,-0.38999,0.28551,0.09998
10,0.00574,-147.70417,58,-0.38999,0.28647,0.09998
10,0.00574,-147.70417,59,-0.38999,0.28742,0.09998
10,0.00574,-147.70417,60,-0.38999,0.28838,0.09998
10,0.00574,-147.70417,61,-0.38999,0.28933,0.09998
10,0.00574,-147.70417,62,-0.38999,0.29028,0.09998
10,0.00574,-147.70417,63,-0.38999,0.29123,0.09998
10,0.00574,-147.70417,64,-0.38999,0.29218,0.09998
10,0.00574,-147.70417,65,-0.38999,0.29312,0.09998
10,0.00574,-147.70417,66,-0.38999,0.29407,0.09998
10,0.00574,-147.70417,67,-0.38999,0.29501,0.09998
10,0.00574,-147.70417,68,-0.38999,0.29595,0.09998
10,0.00574,-147.70417,69,-0.38999,0.29689,0.09998
10,0.00574,-147.70417,70,-0.38999,0.29783,0.09998
10,0.00574,-147.70417,71,-0.38999,0.29876,0.09998
10,0.00574,-147.70417,72,-0.38999,0.2997,0.09998
10,0.00574,-147.70417,73,-0.38999,0.30063,0.09998
10,0.00574,-147.70417,74,-0.38999,0.30156,0.09998
10,0.00574,-147.70417,75,-0.38999,0.30249,0.09998
10,0.00574,-147.70417,76,-0.38999,0.30342,0.09998
10,0.00574,-147.70417,77,-0.38999,0.30435,0.09998
10,0.00574,-147.70417,78,-0.38999,0.30528,0.09998
10,0.00574,-147.70417,79,-0.38999,0.3062,0.09998
10,0.00574,-147.70417,80,-0.38999,0.30712,0.09998
10,0.00574,-147.70417,81,-0.38999,0.30805,0.09998
10,0.00574,-147.70417,82,-0.38999,0.30897,0.09998
10,0.00574,-147.70417,83,-0.38999,0.30988,0.09998
10,0.00574,-147.70417,84,-0.38999,0.3108,0.09998
10,0.00574,-147.70417,85,-0.38999,0.31172,0.09998
10,0.00574,-147.70417,86,-0.38999,0.31263,0.09998
10,0.00574,-147.70417,87,-0.38999,0.31354,0.09998
10,0.00574,-147.70417,88,-0.38999,0.31445,0.09998
10,0.00574,-147.70417,89,-0.38999,0.31536,0.09998
10,0.00574,-147.70417,90,-0.38999,0.31627,0.09998
10,0.00574,-147.70417,91,-0.38999,0.31718,0.09998
10,0.00574,-147.70417,92,-0.38999,0.31808,0.09998
10,0.00574,-147.70417,93,-0.38999,0.31898,0.09998
10,0.00574,-147.70417,94,-0.38998,0.31989,0.09998
10,0.00574,-147.70417,95,-0.38998,0.32079,0.09998
10,0.00574,-147.70417,96,-0.38998,0.32169,0.09998
10,0.00574,-147.70417,97,-0.38998,0.32258,0.09998
10,0.00574,-147.70417,98,-0.38998,0.32348,0.09998
10,0.00574,-147.70417,99,-0.38998,0.32437,0.09998
10,0.00574,-147.70417,100,-0.38998,0.32527,0.09998
10,0.00574,-147.70417,101,-0.38998,0.32616,0.09998
10,0.00574,-147.70417,102,-0.38998,0.32705,0.09998
10,0.00574,-147.70417,103,-0.38998,0.32794,0.09998
10,0.00574,-147.70417,104,-0.38998,0.32882,0.09998
10,0.00574,-147.70417,105,-0.38998,0.32971,0.09998
10,0.00574,-147.70417,106,-0.38998,0.33059,0.09998
10,0.00574,-147.70417,107,-0.38998,0.33148,0.09998
10,0.00574,-147.70417,108,-0.38998,0.33236,0.09999
10,0.00574,-147.70417,109,-0.38998,0.33324,0.09999
10,0.00574,-147.70417,110,-0.38998,0.33412,0.09999
10,0.00574,-147.70417,111,-0.38998,0.335,0.09999
10,0.00574,-147.70417,112,-0.38998,0.33587,0.09998
10,0.00574,-147.70417,113,-0.38998,0.33675,0.09998
10,0.00574,-147.70417,114,-0.38998,0.33762,0.09998
10,0.00574,-147.70417,115,-0.38998,0.33849,0.09998
10,0.00574,-147.70417,116,-0.38998,0.33936,0.09998
10,0.00574,-147.70417,117,-0.38998,0.34023,0.09999
10,0.00574,-147.70417,118,-0.38998,0.3411,0.09999
10,0.00574,-147.70417,119,-0.38998,0.34196,0.09999
10,0.00574,-147.70417,120,-0.38998,0.34283,0.09999
11,0.00388,-154.77062,1,0.11042,0.25698,0.0392
11,0.00388,-154.77062,2,-0.06598,0.31301,0.15708
11,0.00388,-154.77062,3,-0.24062,0.36848,0.25977
11,0.00388,-154.77062,4,-0.38997,0.38898,0.34734
11,0.00388,-154.77062,5,-0.39001,0.37979,0.4345
11,0.00388,-154.77062,6,-0.39001,0.37065,0.50722
11,0.00388,-154.77062,7,-0.39001,0.36155,0.56559
11,0.00388,-154.77062,8,-0.39001,0.35247,0.60972
11,0.00388,-154.77062,9,-0.39001,0.34343,0.63967
11,0.00388,-154.77062,10,-0.39001,0.33441,0.65549
11,0.00388,-154.77062,11,-0.39001,0.32541,0.65723
11,0.00388,-154.77062,12,-0.39001,0.31642,0.64492
11,0.00388,-154.77062,13,-0.39001,0.30746,0.61859
11,0.00388,-154.77062,14,-0.39001,0.29852,0.57829
11,0.00388,-154.77062,15,-0.39001,0.28961,0.52409
11,0.00388,-154.77062,16,-0.39001,0.28074,0.45606
11,0.00388,-154.77062,17,-0.39001,0.2719,0.3743
11,0.00388,-154.77062,18,-0.39001,0.26311,0.27893
11,0.00388,-154.77062,19,-0.39001,0.25437,0.17006
11,0.00388,-154.77062,20,-0.39001,0.24895,0.09227
11,0.00388,-154.77062,21,-0.39001,0.25007,0.09634
11,0.00388,-154.77062,22,-0.39,0.25119,0.09826
11,0.00388,-154.77062,23,-0.39,0.2523,0.09917
11,0.00388,-154.77062,24,-0.39,0.25342,0.0996
11,0.00388,-154.77062,25,-0.39,0.25453,0.0998
11,0.00388,-154.77062,26,-0.39,0.25564,0.0999
11,0.00388,-154.77062,27,-0.39,0.25675,0.09994
11,0.00388,-154.77062,28,-0.39,0.25786,0.09997
11,0.00388,-154.77062,29,-0.39,0.25896,0.09998
11,0.00388,-154.77062,30,-0.39,0.26007,0.09998
11,0.00388,-154.77062,31,-0.39,0.26117,0.09998
11,0.00388,-154.77062,32,-0.39,0.26227,0.09998
11,0.00388,-154.77062,33,-0.39,0.26336,0.09998
11,0.00388,-154.77062,34,-0.39,0.26446,0.09998
11,0.00388,-154.77062,35,-0.39,0.26555,0.09998
11,0.00388,-154.77062,36,-0.39,0.26665,0.09998
11,0.00388,-154.77062,37,-0.39,0.26774,0.09998
11,0.00388,-154.77062,38,-0.39,0.26883,0.09998
11,0.00388,-154.77062,39,-0.39,0.26991,0.09998
11,0.00388,-154.77062,40,-0.39,0.271,0.09998
11,0.00388,-154.77062,41,-0.39,0.27208,0.09998
11,0.00388,-154.77062,42,-0.39,0.27316,0.09998
11,0.00388,-154.77062,43,-0.39,0.27424,0.09998
11,0.00388,-154.77062,44,-0.39,0.27532,0.09998
11,0.00388,-154.77062,45,-0.39,0.27639,0.09998
11,0.00388,-154.77062,46,-0.39,0.27747,0.09998
11,0.00388,-154.77062,47,-0.39,0.27854,0.09998
11,0.00388,-154.77062,48,-0.39,0.27961,0.09998
11,0.00388,-154.77062,49,-0.39,0.28068,0.09998
11,0.00388,-154.77062,50,-0.39,0.28175,0.09998
11,0.00388,-154.77062,51,-0.39,0.28281,0.09998
11,0.00388,-154.77062,52,-0.39,0.28387,0.09998
11,0.00388,-154.77062,53,-0.39,0.28493,0.09998
11,0.00388,-154.77062,54,-0.39,0.28599,0.09998
11,0.00388,-154.77062,55,-0.39,0.28705,0.09998
11,0.00388,-154.77062,56,-0.39,0.28811,0.09998
11,0.00388,-154.77062,57,-0.39,0.28916,0.09998
11,0.00388,-154.77062,58,-0.39,0.29022,0.09998
11,0.00388,-154.77062,59,-0.39,0.29127,0.09998
11,0.00388,-154.77062,60,-0.39,0.29231,0.09998
11,0.00388,-154.77062,61,-0.39,0.29336,0.09998
11,0.00388,-154.77062,62,-0.39,0.29441,0.09998
11,0.00388,-154.77062,63,-0.39,0.29545,0.09998
11,0.00388,-154.77062,64,-0.39,0.29649,0.09998
11,0.00388,-154.77062,65,-0.39,0.29753,0.09998
11,0.00388,-154.77062,66,-0.39,0.29857,0.09998
11,0.00388,-154.77062,67,-0.39,0.29961,0.09998
11,0.00388,-154.77062,68,-0.39,0.30064,0.09998
11,0.00388,-154.77062,69,-0.39,0.30168,0.09998
11,0.00388,-154.77062,70,-0.39,0.30271,0.09998
11,0.00388,-154.77062,71,-0.39,0.30374,0.09998
11,0.00388,-154.77062,72,-0.39,0.30477,0.09998
11,0.00388,-154.77062,73,-0.39,0.30579,0.09998
11,0.00388,-154.77062,74,-0.39,0.30682,0.09998
11,0.00388,-154.77062,75,-0.39,0.30784,0.09998
11,0.00388,-154.77062,76,-0.39,0.30886,0.09998
11,0.00388,-154.77062,77,-0.39,0.30988,0.09998
11,0.00388,-154.77062,78,-0.39,0.3109,0.09998
11,0.00388,-154.77062,79,-0.39,0.31192,0.09998
11,0.00388,-154.77062,80,-0.39,0.31293,0.09998
11,0.00388,-154.77062,81,-0.39,0.31394,0.09998
11,0.00388,-154.77062,82,-0.39,0.31495,0.09998
11,0.00388,-154.77062,83,-0.39,0.31596,0.09998
11,0.00388,-154.77062,84,-0.39,0.31697,0.09998
11,0.00388,-154.77062,85,-0.39,0.31798,0.09998
11,0.00388,-154.77062,86,-0.39,0.31898,0.09998
11,0.00388,-154.77062,87,-0.39,0.31998,0.09999
11,0.00388,-154.77062,88,-0.39,0.32098,0.09998
11,0.00388,-154.77062,89,-0.39,0.32198,0.09998
11,0.00388,-154.77062,90,-0.38999,0.32298,0.09998
11,0.00388,-154.77062,91,-0.38999,0.32398,0.09998
11,0.00388,-154.77062,92,-0.38999,0.32497,0.09998
11,0.00388,-154.77062,93,-0.38999,0.32596,0.09998
11,0.00388,-154.77062,94,-0.38999,0.32696,0.09998
11,0.00388,-154.77062,95,-0.38999,0.32794,0.09998
11,0.00388,-154.77062,96,-0.38999,0.32893,0.09998
11,0.00388,-154.77062,97,-0.38999,0.32992,0.09998
11,0.00388,-154.77062,98,-0.38999,0.3309,0.09998
11,0.00388,-154.77062,99,-0.38999,0.33189,0.09998
11,0.00388,-154.77062,100,-0.38999,0.33287,0.09998
11,0.00388,-154.77062,101,-0.38999,0.33385,0.09998
11,0.00388,-154.77062,102,-0.38999,0.33482,0.09998
11,0.00388,-154.77062,103,-0.38999,0.3358,0.09998
11,0.00388,-154.77062,104,-0.38999,0.33678,0.09998
11,0.00388,-154.77062,105,-0.38999,0.33775,0.09998
11,0.00388,-154.77062,106,-0.38999,0.33872,0.09998
11,0.00388,-154.77062,107,-0.38999,0.33969,0.09998
11,0.00388,-154.77062,108,-0.38999,0.34066,0.09998
11,0.00388,-154.77062,109,-0.38999,0.34162,0.09998
11,0.00388,-154.77062,110,-0.38999,0.34259,0.09998
11,0.00388,-154.77062,111,-0.38999,0.34355,0.09998
11,0.00388,-154.77062,112,-0.38999,0.34451,0.09998
11,0.00388,-154.77062,113,-0.38999,0.34547,0.09998
11,0.00388,-154.77062,114,-0.38999,0.34643,0.09998
11,0.00388,-154.77062,115,-0.38999,0.34739,0.09998
11,0.00388,-154.77062,116,-0.38999,0.34835,0.09999
11,0.00388,-154.77062,117,-0.38999,0.3493,0.09999
11,0.00388,-154.77062,118,-0.38999,0.35025,0.09998
11,0.00388,-154.77062,119,-0.38999,0.3512,0.09998
11,0.00388,-154.77062,120,-0.38999,0.35215,0.09998
12,0.00235,-175.39658,1,0.11042,0.25698,0.03903
12,0.00235,-175.39658,2,-0.06599,0.31301,0.15673
12,0.00235,-175.39658,3,-0.24062,0.36848,0.25924
12,0.00235,-175.39658,4,-0.38998,0.38898,0.34665
12,0.00235,-175.39658,5,-0.39001,0.37979,0.43367
12,0.00235,-175.39658,6,-0.39001,0.37064,0.50626
12,0.00235,-175.39658,7,-0.39001,0.36154,0.5645
12,0.00235,-175.39658,8,-0.39001,0.35246,0.60849
12,0.00235,-175.39658,9,-0.39001,0.34341,0.6383
12,0.00235,-175.39658,10,-0.39001,0.33439,0.65399
12,0.00235,-175.39658,11,-0.39001,0.32538,0.65559
12,0.00235,-175.39658,12,-0.39001,0.31639,0.64315
12,0.00235,-175.39658,13,-0.39001,0.30743,0.61668
12,0.00235,-175.39658,14,-0.39001,0.29848,0.57625
12,0.00235,-175.39658,15,-0.39001,0.28957,0.52191
12,0.00235,-175.39658,16,-0.39001,0.2807,0.45375
12,0.00235,-175.39658,17,-0.39001,0.27186,0.37187
12,0.00235,-175.39658,18,-0.39001,0.26307,0.27636
12,0.00235,-175.39658,19,-0.39001,0.25432,0.16736
12,0.00235,-175.39658,20,-0.39001,0.25011,0.09998
12,0.00235,-175.39658,21,-0.39001,0.25152,0.09998
12,0.00235,-175.39658,22,-0.39,0.25293,0.09998
12,0.00235,-175.39658,23,-0.39,0.25433,0.09998
12,0.00235,-175.39658,24,-0.39,0.25573,0.09998
12,0.00235,-175.39658,25,-0.39,0.25713,0.09998
12,0.00235,-175.39658,26,-0.39,0.25852,0.09998
12,0.00235,-175.39658,27,-0.39,0.25992,0.09998
12,0.00235,-175.39658,28,-0.39,0.26131,0.09998
12,0.00235,-175.39658,29,-0.39,0.26269,0.09998
12,0.00235,-175.39658,30,-0.39,0.26408,0.09998
12,0.00235,-175.39658,31,-0.39,0.26546,0.09998
12,0.00235,-175.39658,32,-0.39,0.26684,0.09998
12,0.00235,-175.39658,33,-0.39,0.26822,0.09998
12,0.00235,-175.39658,34,-0.39,0.26959,0.09998
12,0.00235,-175.39658,35,-0.39,0.27097,0.09998
12,0.00235,-175.39658,36,-0.39,0.27234,0.09998
12,0.00235,-175.39658,37,-0.39,0.27371,0.09998
12,0.00235,-175.39658,38,-0.39,0.27507,0.09998
12,0.00235,-175.39658,39,-0.39,0.27643,0.09998
12,0.00235,-175.39658,40,-0.39,0.2778,0.09998
12,0.00235,-175.39658,41,-0.39,0.27915,0.09998
12,0.00235,-175.39658,42,-0.39,0.28051,0.09998
12,0.00235,-175.39658,43,-0.39,0.28186,0.09998
12,0.00235,-175.39658,44,-0.39,0.28321,0.09998
12,0.00235,-175.39658,45,-0.39,0.28456,0.09998
12,0.00235,-175.39658,46,-0.39,0.28591,0.09998
12,0.00235,-175.39658,47,-0.39,0.28725,0.09998
12,0.00235,-175.39658,48,-0.39,0.28859,0.09998
12,0.00235,-175.39658,49,-0.39,0.28993,0.09998
12,0.00235,-175.39658,50,-0.39,0.29127,0.09998
12,0.00235,-175.39658,51,-0.39,0.2926,0.09998
12,0.00235,-175.39658,52,-0.39,0.29393,0.09998
12,0.00235,-175.39658,53,-0.39,0.29526,0.09998
12,0.00235,-175.39658,54,-0.39,0.29659,0.09998
12,0.00235,-175.39658,55,-0.39,0.29792,0.09998
12,0.00235,-175.39658,56,-0.39,0.29924,0.09998
12,0.00235,-175.39658,57,-0.39,0.30056,0.09998
12,0.00235,-175.39658,58,-0.39,0.30188,0.09998
12,0.00235,-175.39658,59,-0.39,0.30319,0.09998
12,0.00235,-175.39658,60,-0.39,0.3045,0.09998
12,0.00235,-175.39658,61,-0.39,0.30581,0.09998
12,0.00235,-175.39658,62,-0.39,0.30712,0.09998
12,0.00235,-175.39658,63,-0.39,0.30843,0.09998
12,0.00235,-175.39658,64,-0.39,0.30973,0.09998
12,0.00235,-175.39658,65,-0.39,0.31103,0.09998
12,0.00235,-175.39658,66,-0.39,0.31233,0.09998
12,0.00235,-175.39658,67,-0.39,0.31363,0.09998
12,0.00235,-175.39658,68,-0.39,0.31492,0.09998
12,0.00235,-175.39658,69,-0.39,0.31622,0.09998
12,0.00235,-175.39658,70,-0.39,0.31751,0.09998
12,0.00235,-175.39658,71,-0.39,0.31879,0.09998
12,0.00235,-175.39658,72,-0.39,0.32008,0.09998
12,0.00235,-175.39658,73,-0.39,0.32136,0.09998
12,0.00235,-175.39658,74,-0.39,0.32264,0.09998
12,0.00235,-175.39658,75,-0.39,0.32392,0.09998
12,0.00235,-175.39658,76,-0.39,0.3252,0.09998
12,0.00235,-175.39658,77,-0.39,0.32647,0.09998
12,0.00235,-175.39658,78,-0.39,0.32774,0.09998
12,0.00235,-175.39658,79,-0.39,0.32901,0.09998
12,0.00235,-175.39658,80,-0.39,0.33028,0.09998
12,0.00235,-175.39658,81,-0.39,0.33154,0.09998
12,0.00235,-175.39658,82,-0.39,0.33281,0.09998
12,0.00235,-175.39658,83,-0.39,0.33407,0.09998
12,0.00235,-175.39658,84,-0.39,0.33533,0.09998
12,0.00235,-175.39658,85,-0.39,0.33658,0.09998
12,0.00235,-175.39658,86,-0.39,0.33784,0.09998
12,0.00235,-175.39658,87,-0.39,0.33909,0.09998
12,0.00235,-175.39658,88,-0.39,0.34034,0.09998
12,0.00235,-175.39658,89,-0.39,0.34159,0.09998
12,0.00235,-175.39658,90,-0.39,0.34283,0.09998
12,0.00235,-175.39658,91,-0.39,0.34407,0.09998
12,0.00235,-175.39658,92,-0.39,0.34531,0.09998
12,0.00235,-175.39658,93,-0.39,0.34655,0.09998
12,0.00235,-175.39658,94,-0.39,0.34779,0.09998
12,0.00235,-175.39658,95,-0.39,0.34902,0.09998
12,0.00235,-175.39658,96,-0.39,0.35026,0.09998
12,0.00235,-175.39658,97,-0.39,0.35149,0.09998
12,0.00235,-175.39658,98,-0.39,0.35271,0.09998
12,0.00235,-175.39658,99,-0.39,0.35394,0.09998
12,0.00235,-175.39658,100,-0.39,0.35516,0.09998
12,0.00235,-175.39658,101,-0.39,0.35638,0.09998
12,0.00235,-175.39658,102,-0.39,0.3576,0.09998
12,0.00235,-175.39658,103,-0.39,0.35882,0.09999
12,0.00235,-175.39658,104,-0.39,0.36003,0.09998
12,0.00235,-175.39658,105,-0.39,0.36125,0.09998
12,0.00235,-175.39658,106,-0.39,0.36246,0.09998
12,0.00235,-175.39658,107,-0.39,0.36367,0.09999
12,0.00235,-175.39658,108,-0.39,0.36487,0.09999
12,0.00235,-175.39658,109,-0.39,0.36608,0.09998
12,0.00235,-175.39658,110,-0.39,0.36728,0.09998
12,0.00235,-175.39658,111,-0.39,0.36848,0.09998
12,0.00235,-175.39658,112,-0.39,0.36968,0.09998
12,0.00235,-175.39658,113,-0.39,0.37087,0.09998
12,0.00235,-175.39658,114,-0.39,0.37207,0.09998
12,0.00235,-175.39658,115,-0.39,0.37326,0.09998
12,0.00235,-175.39658,116,-0.39,0.37445,0.09998
12,0.00235,-175.39658,117,-0.39,0.37564,0.09998
12,0.00235,-175.39658,118,-0.39,0.37682,0.09998
12,0.00235,-175.39658,119,-0.39,0.378,0.09999
12,0.00235,-175.39658,120,-0.39,0.37919,0.09999
13,0.0047,-151.52173,1,0.11042,0.25698,0.0393
13,0.0047,-151.52173,2,-0.06598,0.31301,0.15727
13,0.0047,-151.52173,3,-0.24062,0.36848,0.26006
13,0.0047,-151.52173,4,-0.38996,0.38898,0.34771
13,0.0047,-151.52173,5,-0.39001,0.3798,0.43494
13,0.0047,-151.52173,6,-0.39001,0.37065,0.50773
13,0.0047,-151.52173,7,-0.39001,0.36155,0.56618
13,0.0047,-151.52173,8,-0.39001,0.35248,0.61038
13,0.0047,-151.52173,9,-0.39001,0.34344,0.6404
13,0.0047,-151.52173,10,-0.39001,0.33442,0.6563
13,0.0047,-151.52173,11,-0.39001,0.32542,0.65811
13,0.0047,-151.52173,12,-0.39001,0.31644,0.64587
13,0.0047,-151.52173,13,-0.39001,0.30747,0.61961
13,0.0047,-151.52173,14,-0.39001,0.29854,0.57939
13,0.0047,-151.52173,15,-0.39001,0.28963,0.52525
13,0.0047,-151.52173,16,-0.39001,0.28076,0.4573
13,0.0047,-151.52173,17,-0.39001,0.27192,0.37562
13,0.0047,-151.52173,18,-0.39001,0.26314,0.28031
13,0.0047,-151.52173,19,-0.39001,0.2544,0.17151
13,0.0047,-151.52173,20,-0.39001,0.24896,0.09344
13,0.0047,-151.52173,21,-0.39001,0.25004,0.09689
13,0.0047,-151.52173,22,-0.39,0.25111,0.09853
13,0.0047,-151.52173,23,-0.39,0.25219,0.0993
13,0.0047,-151.52173,24,-0.39,0.25326,0.09966
13,0.0047,-151.52173,25,-0.39,0.25433,0.09983
13,0.0047,-151.52173,26,-0.39,0.2554,0.09991
13,0.0047,-151.52173,27,-0.39,0.25646,0.09995
13,0.0047,-151.52173,28,-0.39,0.25753,0.09997
13,0.0047,-151.52173,29,-0.39,0.25859,0.09998
13,0.0047,-151.52173,30,-0.39,0.25965,0.09998
13,0.0047,-151.52173,31,-0.39,0.26071,0.09998
13,0.0047,-151.52173,32,-0.39,0.26177,0.09998
13,0.0047,-151.52173,33,-0.39,0.26282,0.09998
13,0.0047,-151.52173,34,-0.39,0.26388,0.09998
13,0.0047,-151.52173,35,-0.39,0.26493,0.09998
13,0.0047,-151.52173,36,-0.39,0.26598,0.09998
13,0.0047,-151.52173,37,-0.39,0.26703,0.09998
13,0.0047,-151.52173,38,-0.39,0.26808,0.09998
13,0.0047,-151.52173,39,-0.39,0.26912,0.09998
13,0.0047,-151.52173,40,-0.39,0.27016,0.09998
13,0.0047,-151.52173,41,-0.39,0.27121,0.09998
13,0.0047,-151.52173,42,-0.39,0.27225,0.09998
13,0.0047,-151.52173,43,-0.39,0.27328,0.09998
13,0.0047,-151.52173,44,-0.39,0.27432,0.09998
13,0.0047,-151.52173,45,-0.39,0.27535,0.09998
13,0.0047,-151.52173,46,-0.39,0.27639,0.09998
13,0.0047,-151.52173,47,-0.39,0.27742,0.09998
13,0.0047,-151.52173,48,-0.39,0.27845,0.09998
13,0.0047,-151.52173,49,-0.39,0.27948,0.09998
13,0.0047,-151.52173,50,-0.39,0.2805,0.09998
13,0.0047,-151.52173,51,-0.39,0.28153,0.09998
13,0.0047,-151.52173,52,-0.39,0.28255,0.09998
13,0.0047,-151.52173,53,-0.39,0.28357,0.09998
13,0.0047,-151.52173,54,-0.39,0.28459,0.09998
13,0.0047,-151.52173,55,-0.39,0.28561,0.09998
13,0.0047,-151.52173,56,-0.39,0.28662,0.09998
13,0.0047,-151.52173,57,-0.39,0.28764,0.09998
13,0.0047,-151.52173,58,-0.39,0.28865,0.09998
13,0.0047,-151.52173,59,-0.39,0.28966,0.09998
13,0.0047,-151.52173,60,-0.39,0.29067,0.09998
13,0.0047,-151.52173,61,-0.39,0.29168,0.09998
13,0.0047,-151.52173,62,-0.39,0.29268,0.09998
13,0.0047,-151.52173,63,-0.39,0.29369,0.09998
13,0.0047,-151.52173,64,-0.39,0.29469,0.09998
13,0.0047,-151.52173,65,-0.39,0.29569,0.09998
13,0.0047,-151.52173,66,-0.39,0.29669,0.09998
13,0.0047,-151.52173,67,-0.39,0.29769,0.09998
13,0.0047,-151.52173,68,-0.39,0.29868,0.09998
13,0.0047,-151.52173,69,-0.39,0.29968,0.09998
13,0.0047,-151.52173,70,-0.39,0.30067,0.09998
13,0.0047,-151.52173,71,-0.39,0.30166,0.09998
13,0.0047,-151.52173,72,-0.39,0.30265,0.09998
13,0.0047,-151.52173,73,-0.39,0.30364,0.09999
13,0.0047,-151.52173,74,-0.39,0.30462,0.09998
13,0.0047,-151.52173,75,-0.39,0.30561,0.09998
13,0.0047,-151.52173,76,-0.39,0.30659,0.09999
13,0.0047,-151.52173,77,-0.39,0.30757,0.09999
13,0.0047,-151.52173,78,-0.39,0.30855,0.09999
13,0.0047,-151.52173,79,-0.39,0.30953,0.09999
13,0.0047,-151.52173,80,-0.39,0.31051,0.09998
13,0.0047,-151.52173,81,-0.39,0.31148,0.09998
13,0.0047,-151.52173,82,-0.39,0.31245,0.09998
13,0.0047,-151.52173,83,-0.39,0.31343,0.09998
13,0.0047,-151.52173,84,-0.39,0.31439,0.09998
13,0.0047,-151.52173,85,-0.39,0.31536,0.09998
13,0.0047,-151.52173,86,-0.39,0.31633,0.09998
13,0.0047,-151.52173,87,-0.39,0.31729,0.09999
13,0.0047,-151.52173,88,-0.39,0.31826,0.09998
13,0.0047,-151.52173,89,-0.38999,0.31922,0.09998
13,0.0047,-151.52173,90,-0.38999,0.32018,0.09998
13,0.0047,-151.52173,91,-0.38999,0.32114,0.09998
13,0.0047,-151.52173,92,-0.38999,0.3221,0.09998
13,0.0047,-151.52173,93,-0.38999,0.32305,0.09998
13,0.0047,-151.52173,94,-0.38999,0.324,0.09998
13,0.0047,-151.52173,95,-0.38999,0.32496,0.09998
13,0.0047,-151.52173,96,-0.38999,0.32591,0.09998
13,0.0047,-151.52173,97,-0.38999,0.32686,0.09998
13,0.0047,-151.52173,98,-0.38999,0.3278,0.09998
13,0.0047,-151.52173,99,-0.38999,0.32875,0.09998
13,0.0047,-151.52173,100,-0.38999,0.32969,0.09998
13,0.0047,-151.52173,101,-0.38999,0.33064,0.09998
13,0.0047,-151.52173,102,-0.38999,0.33158,0.09998
13,0.0047,-151.52173,103,-0.38999,0.33252,0.09998
13,0.0047,-151.52173,104,-0.38999,0.33346,0.09998
13,0.0047,-151.52173,105,-0.38999,0.33439,0.09998
13,0.0047,-151.52173,106,-0.38999,0.33533,0.09998
13,0.0047,-151.52173,107,-0.38999,0.33626,0.09998
13,0.0047,-151.52173,108,-0.38999,0.33719,0.09999
13,0.0047,-151.52173,109,-0.38999,0.33813,0.09998
13,0.0047,-151.52173,110,-0.38999,0.33905,0.09998
13,0.0047,-151.52173,111,-0.38999,0.33998,0.09998
13,0.0047,-151.52173,112,-0.38999,0.34091,0.09998
13,0.0047,-151.52173,113,-0.38999,0.34183,0.09998
13,0.0047,-151.52173,114,-0.38999,0.34275,0.09998
13,0.0047,-151.52173,115,-0.38999,0.34368,0.09998
13,0.0047,-151.52173,116,-0.38999,0.3446,0.09998
13,0.0047,-151.52173,117,-0.38999,0.34551,0.09998
13,0.0047,-151.52173,118,-0.38999,0.34643,0.09998
13,0.0047,-151.52173,119,-0.38999,0.34735,0.09998
13,0.0047,-151.52173,120,-0.38999,0.34826,0.09998
14,9.0e-5,-158.92018,1,0.11042,0.25698,0.03876
14,9.0e-5,-158.92018,2,-0.06599,0.31301,0.15621
14,9.0e-5,-158.92018,3,-0.24063,0.36848,0.25847
14,9.0e-5,-158.92018,4,-0.39,0.38898,0.34564
14,9.0e-5,-158.92018,5,-0.39001,0.37978,0.43246
14,9.0e-5,-158.92018,6,-0.39001,0.37063,0.50484
14,9.0e-5,-158.92018,7,-0.39001,0.36152,0.56288
14,9.0e-5,-158.92018,8,-0.39001,0.35244,0.60667
14,9.0e-5,-158.92018,9,-0.39001,0.34339,0.63628
14,9.0e-5,-158.92018,10,-0.39001,0.33436,0.65177
14,9.0e-5,-158.92018,11,-0.39001,0.32535,0.65317
14,9.0e-5,-158.92018,12,-0.39001,0.31635,0.64053
14,9.0e-5,-158.92018,13,-0.39001,0.30738,0.61387
14,9.0e-5,-158.92018,14,-0.39001,0.29843,0.57324
14,9.0e-5,-158.92018,15,-0.39001,0.28952,0.5187
14,9.0e-5,-158.92018,16,-0.39001,0.28064,0.45035
14,9.0e-5,-158.92018,17,-0.39001,0.2718,0.36827
14,9.0e-5,-158.92018,18,-0.39001,0.263,0.27258
14,9.0e-5,-158.92018,19,-0.39001,0.25425,0.16339
14,9.0e-5,-158.92018,20,-0.39001,0.24979,0.09781
14,9.0e-5,-158.92018,21,-0.39001,0.25064,0.09896
14,9.0e-5,-158.92018,22,-0.39,0.25149,0.0995
14,9.0e-5,-158.92018,23,-0.39,0.25233,0.09976
14,9.0e-5,-158.92018,24,-0.39,0.25318,0.09988
14,9.0e-5,-158.92018,25,-0.39,0.25402,0.09993
14,9.0e-5,-158.92018,26,-0.39,0.25486,0.09996
14,9.0e-5,-158.92018,27,-0.39,0.2557,0.09997
14,9.0e-5,-158.92018,28,-0.39,0.25654,0.09998
14,9.0e-5,-158.92018,29,-0.39,0.25738,0.09998
14,9.0e-5,-158.92018,30,-0.39,0.25822,0.09998
14,9.0e-5,-158.92018,31,-0.39,0.25905,0.09998
14,9.0e-5,-158.92018,32,-0.39,0.25989,0.09998
14,9.0e-5,-158.92018,33,-0.39,0.26072,0.09998
14,9.0e-5,-158.92018,34,-0.39,0.26155,0.09998
14,9.0e-5,-158.92018,35,-0.39,0.26238,0.09998
14,9.0e-5,-158.92018,36,-0.39,0.26321,0.09998
14,9.0e-5,-158.92018,37,-0.39,0.26404,0.09998
14,9.0e-5,-158.92018,38,-0.39,0.26486,0.09998
14,9.0e-5,-158.92018,39,-0.39,0.26569,0.09998
14,9.0e-5,-158.92018,40,-0.39,0.26651,0.09998
14,9.0e-5,-158.92018,41,-0.39,0.26733,0.09998
14,9.0e-5,-158.92018,42,-0.39,0.26815,0.09998
14,9.0e-5,-158.92018,43,-0.39,0.26897,0.09998
14,9.0e-5,-158.92018,44,-0.39,0.26979,0.09998
14,9.0e-5,-158.92018,45,-0.39,0.2706,0.09998
14,9.0e-5,-158.92018,46,-0.39,0.27142,0.09998
14,9.0e-5,-158.92018,47,-0.39,0.27223,0.09998
14,9.0e-5,-158.92018,48,-0.39,0.27305,0.09998
14,9.0e-5,-158.92018,49,-0.39,0.27386,0.09998
14,9.0e-5,-158.92018,50,-0.39,0.27467,0.09998
14,9.0e-5,-158.92018,51,-0.39,0.27547,0.09998
14,9.0e-5,-158.92018,52,-0.39,0.27628,0.09998
14,9.0e-5,-158.92018,53,-0.39,0.27709,0.09998
14,9.0e-5,-158.92018,54,-0.39,0.27789,0.09998
14,9.0e-5,-158.92018,55,-0.39,0.2787,0.09998
14,9.0e-5,-158.92018,56,-0.39,0.2795,0.09998
14,9.0e-5,-158.92018,57,-0.39,0.2803,0.09998
14,9.0e-5,-158.92018,58,-0.39,0.2811,0.09998
14,9.0e-5,-158.92018,59,-0.39,0.2819,0.09998
14,9.0e-5,-158.92018,60,-0.38999,0.28269,0.09998
14,9.0e-5,-158.92018,61,-0.38999,0.28349,0.09998
14,9.0e-5,-158.92018,62,-0.38999,0.28428,0.09998
14,9.0e-5,-158.92018,63,-0.38999,0.28508,0.09998
14,9.0e-5,-158.92018,64,-0.38999,0.28587,0.09998
14,9.0e-5,-158.92018,65,-0.38999,0.28666,0.09998
14,9.0e-5,-158.92018,66,-0.38999,0.28745,0.09998
14,9.0e-5,-158.92018,67,-0.38999,0.28824,0.09998
14,9.0e-5,-158.92018,68,-0.38999,0.28902,0.09998
14,9.0e-5,-158.92018,69,-0.38999,0.28981,0.09998
14,9.0e-5,-158.92018,70,-0.38999,0.29059,0.09998
14,9.0e-5,-158.92018,71,-0.38999,0.29137,0.09998
14,9.0e-5,-158.92018,72,-0.38999,0.29216,0.09998
14,9.0e-5,-158.92018,73,-0.38999,0.29294,0.09998
14,9.0e-5,-158.92018,74,-0.38999,0.29372,0.09998
14,9.0e-5,-158.92018,75,-0.38999,0.29449,0.09998
14,9.0e-5,-158.92018,76,-0.38999,0.29527,0.09998
14,9.0e-5,-158.92018,77,-0.38999,0.29605,0.09998
14,9.0e-5,-158.92018,78,-0.38999,0.29682,0.09998
14,9.0e-5,-158.92018,79,-0.38999,0.29759,0.09998
14,9.0e-5,-158.92018,80,-0.38999,0.29836,0.09998
14,9.0e-5,-158.92018,81,-0.38999,0.29913,0.09998
14,9.0e-5,-158.92018,82,-0.38999,0.2999,0.09998
14,9.0e-5,-158.92018,83,-0.38999,0.30067,0.09998
14,9.0e-5,-158.92018,84,-0.38999,0.30144,0.09998
14,9.0e-5,-158.92018,85,-0.38999,0.3022,0.09998
14,9.0e-5,-158.92018,86,-0.38999,0.30297,0.09998
14,9.0e-5,-158.92018,87,-0.38999,0.30373,0.09998
14,9.0e-5,-158.92018,88,-0.38999,0.30449,0.09998
14,9.0e-5,-158.92018,89,-0.38999,0.30525,0.09998
14,9.0e-5,-158.92018,90,-0.38999,0.30601,0.09998
14,9.0e-5,-158.92018,91,-0.38999,0.30677,0.09998
14,9.0e-5,-158.92018,92,-0.38999,0.30753,0.09998
14,9.0e-5,-158.92018,93,-0.38999,0.30828,0.09998
14,9.0e-5,-158.92018,94,-0.38999,0.30904,0.09998
14,9.0e-5,-158.92018,95,-0.38999,0.30979,0.09998
14,9.0e-5,-158.92018,96,-0.38999,0.31054,0.09998
14,9.0e-5,-158.92018,97,-0.38999,0.31129,0.09998
14,9.0e-5,-158.92018,98,-0.38999,0.31204,0.09998
14,9.0e-5,-158.92018,99,-0.38999,0.31279,0.09998
14,9.0e-5,-158.92018,100,-0.38999,0.31354,0.09998
14,9.0e-5,-158.92018,101,-0.38998,0.31428,0.09998
14,9.0e-5,-158.92018,102,-0.38998,0.31503,0.09998
14,9.0e-5,-158.92018,103,-0.38998,0.31577,0.09998
14,9.0e-5,-158.92018,104,-0.38998,0.31651,0.09998
14,9.0e-5,-158.92018,105,-0.38998,0.31725,0.09998
14,9.0e-5,-158.92018,106,-0.38998,0.31799,0.09998
14,9.0e-5,-158.92018,107,-0.38998,0.31873,0.09998
14,9.0e-5,-158.92018,108,-0.38998,0.31947,0.09998
14,9.0e-5,-158.92018,109,-0.38998,0.32021,0.09998
14,9.0e-5,-158.92018,110,-0.38998,0.32094,0.09998
14,9.0e-5,-158.92018,111,-0.38998,0.32168,0.09998
14,9.0e-5,-158.92018,112,-0.38998,0.32241,0.09998
14,9.0e-5,-158.92018,113,-0.38998,0.32314,0.09998
14,9.0e-5,-158.92018,114,-0.38998,0.32387,0.09998
14,9.0e-5,-158.92018,115,-0.38998,0.3246,0.09998
14,9.0e-5,-158.92018,116,-0.38998,0.32533,0.09998
14,9.0e-5,-158.92018,117,-0.38998,0.32606,0.09998
14,9.0e-5,-158.92018,118,-0.38998,0.32678,0.09998
14,9.0e-5,-158.92018,119,-0.38998,0.32751,0.09998
14,9.0e-5,-158.92018,120,-0.38998,0.32823,0.09998
15,0.00521,-142.10499,1,0.11042,0.25698,0.03936
15,0.00521,-142.10499,2,-0.06598,0.31301,0.15739
15,0.00521,-142.10499,3,-0.24062,0.36848,0.26023
15,0.00521,-142.10499,4,-0.38996,0.38898,0.34794
15,0.00521,-142.10499,5,-0.39001,0.3798,0.43521
15,0.00521,-142.10499,6,-0.39001,0.37066,0.50805
15,0.00521,-142.10499,7,-0.39001,0.36155,0.56655
15,0.00521,-142.10499,8,-0.39001,0.35249,0.61079
15,0.00521,-142.10499,9,-0.39001,0.34344,0.64086
15,0.00521,-142.10499,10,-0.39001,0.33443,0.6568
15,0.00521,-142.10499,11,-0.39001,0.32543,0.65866
15,0.00521,-142.10499,12,-0.39001,0.31644,0.64646
15,0.00521,-142.10499,13,-0.39001,0.30748,0.62025
15,0.00521,-142.10499,14,-0.39001,0.29855,0.58007
15,0.00521,-142.10499,15,-0.39001,0.28964,0.52598
15,0.00521,-142.10499,16,-0.39001,0.28077,0.45807
15,0.00521,-142.10499,17,-0.39001,0.27194,0.37643
15,0.00521,-142.10499,18,-0.39001,0.26315,0.28117
15,0.00521,-142.10499,19,-0.39001,0.25441,0.17241
15,0.00521,-142.10499,20,-0.39001,0.24897,0.09416
15,0.00521,-142.10499,21,-0.39001,0.25002,0.09724
15,0.00521,-142.10499,22,-0.39,0.25106,0.09869
15,0.00521,-142.10499,23,-0.39,0.25211,0.09937
15,0.00521,-142.10499,24,-0.39,0.25315,0.0997
15,0.00521,-142.10499,25,-0.39,0.25419,0.09985
15,0.00521,-142.10499,26,-0.39,0.25523,0.09992
15,0.00521,-142.10499,27,-0.39,0.25627,0.09995
15,0.00521,-142.10499,28,-0.39,0.2573,0.09997
15,0.00521,-142.10499,29,-0.39,0.25834,0.09998
15,0.00521,-142.10499,30,-0.39,0.25937,0.09998
15,0.00521,-142.10499,31,-0.39,0.2604,0.09998
15,0.00521,-142.10499,32,-0.39,0.26143,0.09998
15,0.00521,-142.10499,33,-0.39,0.26246,0.09998
15,0.00521,-142.10499,34,-0.39,0.26348,0.09998
15,0.00521,-142.10499,35,-0.39,0.26451,0.09998
15,0.00521,-142.10499,36,-0.39,0.26553,0.09998
15,0.00521,-142.10499,37,-0.39,0.26655,0.09998
15,0.00521,-142.10499,38,-0.39,0.26757,0.09998
15,0.00521,-142.10499,39,-0.39,0.26859,0.09998
15,0.00521,-142.10499,40,-0.39,0.2696,0.09998
15,0.00521,-142.10499,41,-0.39,0.27062,0.09998
15,0.00521,-142.10499,42,-0.39,0.27163,0.09998
15,0.00521,-142.10499,43,-0.39,0.27264,0.09998
15,0.00521,-142.10499,44,-0.39,0.27365,0.09998
15,0.00521,-142.10499,45,-0.39,0.27466,0.09998
15,0.00521,-142.10499,46,-0.39,0.27566,0.09998
15,0.00521,-142.10499,47,-0.39,0.27666,0.09998
15,0.00521,-142.10499,48,-0.39,0.27767,0.09998
15,0.00521,-142.10499,49,-0.39,0.27867,0.09998
15,0.00521,-142.10499,50,-0.39,0.27967,0.09998
15,0.00521,-142.10499,51,-0.39,0.28066,0.09998
15,0.00521,-142.10499,52,-0.39,0.28166,0.09998
15,0.00521,-142.10499,53,-0.39,0.28265,0.09998
15,0.00521,-142.10499,54,-0.39,0.28364,0.09998
15,0.00521,-142.10499,55,-0.39,0.28464,0.09998
15,0.00521,-142.10499,56,-0.39,0.28562,0.09998
15,0.00521,-142.10499,57,-0.39,0.28661,0.09998
15,0.00521,-142.10499,58,-0.39,0.2876,0.09998
15,0.00521,-142.10499,59,-0.38999,0.28858,0.09998
15,0.00521,-142.10499,60,-0.38999,0.28956,0.09998
15,0.00521,-142.10499,61,-0.38999,0.29054,0.09998
15,0.00521,-142.10499,62,-0.38999,0.29152,0.09998
15,0.00521,-142.10499,63,-0.38999,0.2925,0.09998
15,0.00521,-142.10499,64,-0.38999,0.29348,0.09998
15,0.00521,-142.10499,65,-0.38999,0.29445,0.09998
15,0.00521,-142.10499,66,-0.38999,0.29542,0.09998
15,0.00521,-142.10499,67,-0.38999,0.2964,0.09998
15,0.00521,-142.10499,68,-0.38999,0.29736,0.09998
15,0.00521,-142.10499,69,-0.38999,0.29833,0.09998
15,0.00521,-142.10499,70,-0.38999,0.2993,0.09998
15,0.00521,-142.10499,71,-0.38999,0.30026,0.09998
15,0.00521,-142.10499,72,-0.38999,0.30123,0.09998
15,0.00521,-142.10499,73,-0.38999,0.30219,0.09998
15,0.00521,-142.10499,74,-0.38999,0.30315,0.09998
15,0.00521,-142.10499,75,-0.38999,0.30411,0.09998
15,0.00521,-142.10499,76,-0.38999,0.30506,0.09998
15,0.00521,-142.10499,77,-0.38999,0.30602,0.09998
15,0.00521,-142.10499,78,-0.38999,0.30697,0.09998
15,0.00521,-142.10499,79,-0.38999,0.30792,0.09998
15,0.00521,-142.10499,80,-0.38999,0.30887,0.09998
15,0.00521,-142.10499,81,-0.38999,0.30982,0.09998
15,0.00521,-142.10499,82,-0.38999,0.31077,0.09998
15,0.00521,-142.10499,83,-0.38999,0.31172,0.09998
15,0.00521,-142.10499,84,-0.38999,0.31266,0.09998
15,0.00521,-142.10499,85,-0.38999,0.3136,0.09998
15,0.00521,-142.10499,86,-0.38999,0.31454,0.09998
15,0.00521,-142.10499,87,-0.38999,0.31548,0.09998
15,0.00521,-142.10499,88,-0.38999,0.31642,0.09998
15,0.00521,-142.10499,89,-0.38999,0.31736,0.09998
15,0.00521,-142.10499,90,-0.38999,0.31829,0.09998
15,0.00521,-142.10499,91,-0.38999,0.31923,0.09998
15,0.00521,-142.10499,92,-0.38999,0.32016,0.09998
15,0.00521,-142.10499,93,-0.38999,0.32109,0.09998
15,0.00521,-142.10499,94,-0.38999,0.32202,0.09998
15,0.00521,-142.10499,95,-0.38999,0.32295,0.09998
15,0.00521,-142.10499,96,-0.38999,0.32387,0.09998
15,0.00521,-142.10499,97,-0.38999,0.3248,0.09998
15,0.00521,-142.10499,98,-0.38998,0.32572,0.09998
15,0.00521,-142.10499,99,-0.38998,0.32664,0.09998
15,0.00521,-142.10499,100,-0.38998,0.32756,0.09998
15,0.00521,-142.10499,101,-0.38998,0.32848,0.09999
15,0.00521,-142.10499,102,-0.38998,0.32939,0.09999
15,0.00521,-142.10499,103,-0.38998,0.33031,0.09999
15,0.00521,-142.10499,104,-0.38998,0.33122,0.09999
15,0.00521,-142.10499,105,-0.38998,0.33213,0.09999
15,0.00521,-142.10499,106,-0.38998,0.33305,0.09998
15,0.00521,-142.10499,107,-0.38998,0.33395,0.09998
15,0.00521,-142.10499,108,-0.38998,0.33486,0.09998
15,0.00521,-142.10499,109,-0.38998,0.33577,0.09998
15,0.00521,-142.10499,110,-0.38998,0.33667,0.09998
15,0.00521,-142.10499,111,-0.38998,0.33758,0.09998
15,0.00521,-142.10499,112,-0.38998,0.33848,0.09998
15,0.00521,-142.10499,113,-0.38998,0.33938,0.09998
15,0.00521,-142.10499,114,-0.38998,0.34028,0.09998
15,0.00521,-142.10499,115,-0.38998,0.34117,0.09998
15,0.00521,-142.10499,116,-0.38998,0.34207,0.09998
15,0.00521,-142.10499,117,-0.38998,0.34296,0.09998
15,0.00521,-142.10499,118,-0.38998,0.34386,0.09998
15,0.00521,-142.10499,119,-0.38998,0.34475,0.09998
15,0.00521,-142.10499,120,-0.38998,0.34564,0.09998
16,0.00553,-155.8841,1,0.11042,0.25698,0.0394
16,0.00553,-155.8841,2,-0.06598,0.31301,0.15746
16,0.00553,-155.8841,3,-0.24062,0.36848,0.26034
16,0.00553,-155.8841,4,-0.38996,0.38898,0.34808
16,0.00553,-155.8841,5,-0.39001,0.3798,0.43538
16,0.00553,-155.8841,6,-0.39001,0.37066,0.50825
16,0.00553,-155.8841,7,-0.39001,0.36156,0.56678
16,0.00553,-155.8841,8,-0.39001,0.35249,0.61105
16,0.00553,-155.8841,9,-0.39001,0.34345,0.64114
16,0.00553,-155.8841,10,-0.39001,0.33443,0.65711
16,0.00553,-155.8841,11,-0.39001,0.32543,0.659
16,0.00553,-155.8841,12,-0.39001,0.31645,0.64683
16,0.00553,-155.8841,13,-0.39001,0.30749,0.62065
16,0.00553,-155.8841,14,-0.39001,0.29855,0.58049
16,0.00553,-155.8841,15,-0.39001,0.28965,0.52643
16,0.00553,-155.8841,16,-0.39001,0.28078,0.45855
16,0.00553,-155.8841,17,-0.39001,0.27195,0.37694
16,0.00553,-155.8841,18,-0.39001,0.26316,0.2817
16,0.00553,-155.8841,19,-0.39001,0.25442,0.17297
16,0.00553,-155.8841,20,-0.39001,0.24897,0.09462
16,0.00553,-155.8841,21,-0.39001,0.25,0.09745
16,0.00553,-155.8841,22,-0.39,0.25103,0.09879
16,0.00553,-155.8841,23,-0.39,0.25206,0.09942
16,0.00553,-155.8841,24,-0.39,0.25308,0.09972
16,0.00553,-155.8841,25,-0.39,0.25411,0.09986
16,0.00553,-155.8841,26,-0.39,0.25513,0.09993
16,0.00553,-155.8841,27,-0.39,0.25615,0.09996
16,0.00553,-155.8841,28,-0.39,0.25716,0.09997
16,0.00553,-155.8841,29,-0.39,0.25818,0.09998
16,0.00553,-155.8841,30,-0.39,0.2592,0.09998
16,0.00553,-155.8841,31,-0.39,0.26021,0.09998
16,0.00553,-155.8841,32,-0.39,0.26122,0.09998
16,0.00553,-155.8841,33,-0.39,0.26223,0.09998
16,0.00553,-155.8841,34,-0.39,0.26324,0.09998
16,0.00553,-155.8841,35,-0.39,0.26424,0.09998
16,0.00553,-155.8841,36,-0.39,0.26525,0.09998
16,0.00553,-155.8841,37,-0.39,0.26625,0.09998
16,0.00553,-155.8841,38,-0.39,0.26725,0.09998
16,0.00553,-155.8841,39,-0.39,0.26825,0.09998
16,0.00553,-155.8841,40,-0.39,0.26925,0.09998
16,0.00553,-155.8841,41,-0.39,0.27025,0.09998
16,0.00553,-155.8841,42,-0.39,0.27124,0.09998
16,0.00553,-155.8841,43,-0.39,0.27223,0.09998
16,0.00553,-155.8841,44,-0.39,0.27322,0.09998
16,0.00553,-155.8841,45,-0.39,0.27421,0.09998
16,0.00553,-155.8841,46,-0.39,0.2752,0.09998
16,0.00553,-155.8841,47,-0.39,0.27619,0.09998
16,0.00553,-155.8841,48,-0.39,0.27717,0.09998
16,0.00553,-155.8841,49,-0.39,0.27816,0.09998
16,0.00553,-155.8841,50,-0.39,0.27914,0.09998
16,0.00553,-155.8841,51,-0.39,0.28012,0.09998
16,0.00553,-155.8841,52,-0.39,0.2811,0.09998
16,0.00553,-155.8841,53,-0.39,0.28207,0.09998
16,0.00553,-155.8841,54,-0.39,0.28305,0.09998
16,0.00553,-155.8841,55,-0.39,0.28402,0.09998
16,0.00553,-155.8841,56,-0.39,0.28499,0.09998
16,0.00553,-155.8841,57,-0.39,0.28596,0.09998
16,0.00553,-155.8841,58,-0.39,0.28693,0.09998
16,0.00553,-155.8841,59,-0.39,0.2879,0.09998
16,0.00553,-155.8841,60,-0.39,0.28887,0.09998
16,0.00553,-155.8841,61,-0.39,0.28983,0.09998
16,0.00553,-155.8841,62,-0.39,0.29079,0.09998
16,0.00553,-155.8841,63,-0.39,0.29175,0.09998
16,0.00553,-155.8841,64,-0.39,0.29271,0.09998
16,0.00553,-155.8841,65,-0.39,0.29367,0.09998
16,0.00553,-155.8841,66,-0.39,0.29463,0.09998
16,0.00553,-155.8841,67,-0.39,0.29558,0.09998
16,0.00553,-155.8841,68,-0.39,0.29653,0.09998
16,0.00553,-155.8841,69,-0.39,0.29748,0.09998
16,0.00553,-155.8841,70,-0.39,0.29843,0.09998
16,0.00553,-155.8841,71,-0.39,0.29938,0.09998
16,0.00553,-155.8841,72,-0.39,0.30033,0.09998
16,0.00553,-155.8841,73,-0.38999,0.30127,0.09998
16,0.00553,-155.8841,74,-0.38999,0.30222,0.09998
16,0.00553,-155.8841,75,-0.38999,0.30316,0.09998
16,0.00553,-155.8841,76,-0.38999,0.3041,0.09998
16,0.00553,-155.8841,77,-0.38999,0.30504,0.09998
16,0.00553,-155.8841,78,-0.38999,0.30598,0.09998
16,0.00553,-155.8841,79,-0.38999,0.30691,0.09998
16,0.00553,-155.8841,80,-0.38999,0.30785,0.09998
16,0.00553,-155.8841,81,-0.38999,0.30878,0.09998
16,0.00553,-155.8841,82,-0.38999,0.30971,0.09998
16,0.00553,-155.8841,83,-0.38999,0.31064,0.09998
16,0.00553,-155.8841,84,-0.38999,0.31157,0.09998
16,0.00553,-155.8841,85,-0.38999,0.31249,0.09998
16,0.00553,-155.8841,86,-0.38999,0.31342,0.09998
16,0.00553,-155.8841,87,-0.38999,0.31434,0.09998
16,0.00553,-155.8841,88,-0.38999,0.31527,0.09998
16,0.00553,-155.8841,89,-0.38999,0.31619,0.09998
16,0.00553,-155.8841,90,-0.38999,0.31711,0.09998
16,0.00553,-155.8841,91,-0.38999,0.31802,0.09998
16,0.00553,-155.8841,92,-0.38999,0.31894,0.09998
16,0.00553,-155.8841,93,-0.38999,0.31985,0.09998
16,0.00553,-155.8841,94,-0.38999,0.32077,0.09998
16,0.00553,-155.8841,95,-0.38999,0.32168,0.09998
16,0.00553,-155.8841,96,-0.38999,0.32259,0.09998
16,0.00553,-155.8841,97,-0.38999,0.3235,0.09998
16,0.00553,-155.8841,98,-0.38999,0.3244,0.09998
16,0.00553,-155.8841,99,-0.38999,0.32531,0.09998
16,0.00553,-155.8841,100,-0.38999,0.32621,0.09999
16,0.00553,-155.8841,101,-0.38999,0.32712,0.09999
16,0.00553,-155.8841,102,-0.38999,0.32802,0.09999
16,0.00553,-155.8841,103,-0.38999,0.32892,0.09998
16,0.00553,-155.8841,104,-0.38999,0.32981,0.09998
16,0.00553,-155.8841,105,-0.38999,0.33071,0.09998
16,0.00553,-155.8841,106,-0.38999,0.33161,0.09998
16,0.00553,-155.8841,107,-0.38999,0.3325,0.09998
16,0.00553,-155.8841,108,-0.38999,0.33339,0.09998
16,0.00553,-155.8841,109,-0.38999,0.33428,0.09998
16,0.00553,-155.8841,110,-0.38999,0.33517,0.09998
16,0.00553,-155.8841,111,-0.38999,0.33606,0.09998
16,0.00553,-155.8841,112,-0.38999,0.33695,0.09998
16,0.00553,-155.8841,113,-0.38999,0.33783,0.09998
16,0.00553,-155.8841,114,-0.38999,0.33872,0.09998
16,0.00553,-155.8841,115,-0.38999,0.3396,0.09998
16,0.00553,-155.8841,116,-0.38999,0.34048,0.09998
16,0.00553,-155.8841,117,-0.38999,0.34136,0.09998
16,0.00553,-155.8841,118,-0.38999,0.34224,0.09998
16,0.00553,-155.8841,119,-0.38999,0.34311,0.09998
16,0.00553,-155.8841,120,-0.38999,0.34399,0.09999
17,0.00298,-181.46046,1,0.11042,0.25698,0.0391
17,0.00298,-181.46046,2,-0.06598,0.31301,0.15687
17,0.00298,-181.46046,3,-0.24062,0.36848,0.25946
17,0.00298,-181.46046,4,-0.38998,0.38898,0.34693
17,0.00298,-181.46046,5,-0.39001,0.37979,0.43401
17,0.00298,-181.46046,6,-0.39001,0.37065,0.50665
17,0.00298,-181.46046,7,-0.39001,0.36154,0.56495
17,0.00298,-181.46046,8,-0.39001,0.35247,0.60899
17,0.00298,-181.46046,9,-0.39001,0.34342,0.63886
17,0.00298,-181.46046,10,-0.39001,0.3344,0.65461
17,0.00298,-181.46046,11,-0.39001,0.32539,0.65627
17,0.00298,-181.46046,12,-0.39001,0.3164,0.64388
17,0.00298,-181.46046,13,-0.39001,0.30744,0.61747
17,0.00298,-181.46046,14,-0.39001,0.2985,0.57709
17,0.00298,-181.46046,15,-0.39001,0.28959,0.52281
17,0.00298,-181.46046,16,-0.39001,0.28071,0.4547
17,0.00298,-181.46046,17,-0.39001,0.27188,0.37287
17,0.00298,-181.46046,18,-0.39001,0.26309,0.27742
17,0.00298,-181.46046,19,-0.39001,0.25434,0.16847
17,0.00298,-181.46046,20,-0.39001,0.25027,0.09999
17,0.00298,-181.46046,21,-0.39001,0.252,0.09998
17,0.00298,-181.46046,22,-0.39,0.25371,0.09998
17,0.00298,-181.46046,23,-0.39,0.25543,0.09998
17,0.00298,-181.46046,24,-0.39,0.25714,0.09998
17,0.00298,-181.46046,25,-0.39,0.25885,0.09998
17,0.00298,-181.46046,26,-0.39,0.26055,0.09998
17,0.00298,-181.46046,27,-0.39,0.26225,0.09998
17,0.00298,-181.46046,28,-0.39,0.26395,0.09998
17,0.00298,-181.46046,29,-0.39,0.26564,0.09998
17,0.00298,-181.46046,30,-0.39,0.26733,0.09998
17,0.00298,-181.46046,31,-0.39,0.26902,0.09998
17,0.00298,-181.46046,32,-0.39,0.27071,0.09998
17,0.00298,-181.46046,33,-0.39,0.27239,0.09998
17,0.00298,-181.46046,34,-0.39,0.27407,0.09998
17,0.00298,-181.46046,35,-0.39,0.27574,0.09998
17,0.00298,-181.46046,36,-0.39,0.27741,0.09998
17,0.00298,-181.46046,37,-0.39,0.27908,0.09998
17,0.00298,-181.46046,38,-0.39,0.28075,0.09998
17,0.00298,-181.46046,39,-0.39,0.28241,0.09998
17,0.00298,-181.46046,40,-0.39,0.28407,0.09998
17,0.00298,-181.46046,41,-0.39,0.28572,0.09998
17,0.00298,-181.46046,42,-0.39,0.28738,0.09998
17,0.00298,-181.46046,43,-0.39,0.28903,0.09998
17,0.00298,-181.46046,44,-0.39,0.29067,0.09998
17,0.00298,-181.46046,45,-0.39,0.29232,0.09998
17,0.00298,-181.46046,46,-0.39,0.29396,0.09998
17,0.00298,-181.46046,47,-0.39,0.29559,0.09998
17,0.00298,-181.46046,48,-0.39,0.29723,0.09998
17,0.00298,-181.46046,49,-0.39,0.29886,0.09998
17,0.00298,-181.46046,50,-0.39,0.30049,0.09998
17,0.00298,-181.46046,51,-0.39,0.30211,0.09998
17,0.00298,-181.46046,52,-0.39,0.30373,0.09998
17,0.00298,-181.46046,53,-0.39,0.30535,0.09998
17,0.00298,-181.46046,54,-0.39,0.30697,0.09998
17,0.00298,-181.46046,55,-0.39,0.30858,0.09998
17,0.00298,-181.46046,56,-0.39,0.31019,0.09998
17,0.00298,-181.46046,57,-0.39,0.31179,0.09998
17,0.00298,-181.46046,58,-0.39,0.3134,0.09998
17,0.00298,-181.46046,59,-0.39,0.315,0.09998
17,0.00298,-181.46046,60,-0.39,0.3166,0.09998
17,0.00298,-181.46046,61,-0.39,0.31819,0.09998
17,0.00298,-181.46046,62,-0.39,0.31978,0.09998
17,0.00298,-181.46046,63,-0.39,0.32137,0.09998
17,0.00298,-181.46046,64,-0.39,0.32295,0.09998
17,0.00298,-181.46046,65,-0.39,0.32454,0.09998
17,0.00298,-181.46046,66,-0.39,0.32612,0.09998
17,0.00298,-181.46046,67,-0.39,0.32769,0.09998
17,0.00298,-181.46046,68,-0.39,0.32926,0.09998
17,0.00298,-181.46046,69,-0.39,0.33083,0.09998
17,0.00298,-181.46046,70,-0.39,0.3324,0.09998
17,0.00298,-181.46046,71,-0.39,0.33397,0.09998
17,0.00298,-181.46046,72,-0.39,0.33553,0.09998
17,0.00298,-181.46046,73,-0.39,0.33709,0.09998
17,0.00298,-181.46046,74,-0.39,0.33864,0.09998
17,0.00298,-181.46046,75,-0.39,0.34019,0.09998
17,0.00298,-181.46046,76,-0.39,0.34174,0.09998
17,0.00298,-181.46046,77,-0.39,0.34329,0.09998
17,0.00298,-181.46046,78,-0.39,0.34483,0.09998
17,0.00298,-181.46046,79,-0.39,0.34638,0.09998
17,0.00298,-181.46046,80,-0.39,0.34791,0.09998
17,0.00298,-181.46046,81,-0.39,0.34945,0.09998
17,0.00298,-181.46046,82,-0.39,0.35098,0.09998
17,0.00298,-181.46046,83,-0.39,0.35251,0.09998
17,0.00298,-181.46046,84,-0.39,0.35404,0.09998
17,0.00298,-181.46046,85,-0.39,0.35556,0.09998
17,0.00298,-181.46046,86,-0.39,0.35708,0.09998
17,0.00298,-181.46046,87,-0.39,0.3586,0.09998
17,0.00298,-181.46046,88,-0.39,0.36012,0.09998
17,0.00298,-181.46046,89,-0.39,0.36163,0.09998
17,0.00298,-181.46046,90,-0.39,0.36314,0.09998
17,0.00298,-181.46046,91,-0.39,0.36464,0.09998
17,0.00298,-181.46046,92,-0.39,0.36615,0.09998
17,0.00298,-181.46046,93,-0.39,0.36765,0.09998
17,0.00298,-181.46046,94,-0.39,0.36915,0.09998
17,0.00298,-181.46046,95,-0.39,0.37064,0.09998
17,0.00298,-181.46046,96,-0.39,0.37214,0.09998
17,0.00298,-181.46046,97,-0.39,0.37363,0.09998
17,0.00298,-181.46046,98,-0.39,0.37511,0.09998
17,0.00298,-181.46046,99,-0.39,0.3766,0.09999
17,0.00298,-181.46046,100,-0.39,0.37808,0.09999
17,0.00298,-181.46046,101,-0.39,0.37956,0.09998
17,0.00298,-181.46046,102,-0.39,0.38104,0.09998
17,0.00298,-181.46046,103,-0.39,0.38251,0.09999
17,0.00298,-181.46046,104,-0.39,0.38398,0.09999
17,0.00298,-181.46046,105,-0.39,0.38545,0.09998
17,0.00298,-181.46046,106,-0.39,0.38691,0.09999
17,0.00298,-181.46046,107,-0.39,0.38838,0.09999
17,0.00298,-181.46046,108,-0.39,0.38984,0.09999
17,0.00298,-181.46046,109,-0.39001,0.39,0.09998
17,0.00298,-181.46046,110,-0.39,0.39,0.09998
17,0.00298,-181.46046,111,-0.39,0.39,0.09998
17,0.00298,-181.46046,112,-0.39,0.39,0.09998
17,0.00298,-181.46046,113,-0.39,0.39,0.09998
17,0.00298,-181.46046,114,-0.39,0.39,0.09998
17,0.00298,-181.46046,115,-0.39,0.39,0.09998
17,0.00298,-181.46046,116,-0.39,0.39,0.09998
17,0.00298,-181.46046,117,-0.39,0.39,0.09998
17,0.00298,-181.46046,118,-0.39,0.39,0.09998
17,0.00298,-181.46046,119,-0.39,0.39,0.09998
17,0.00298,-181.46046,120,-0.39,0.39,0.09998
18,0.00553,-165.73174,1,0.11042,0.25698,0.0394
18,0.00553,-165.73174,2,-0.06598,0.31301,0.15746
18,0.00553,-165.73174,3,-0.24062,0.36848,0.26034
18,0.00553,-165.73174,4,-0.38996,0.38898,0.34808
18,0.00553,-165.73174,5,-0.39001,0.3798,0.43538
18,0.00553,-165.73174,6,-0.39001,0.37066,0.50825
18,0.00553,-165.73174,7,-0.39001,0.36156,0.56678
18,0.00553,-165.73174,8,-0.39001,0.35249,0.61105
18,0.00553,-165.73174,9,-0.39001,0.34345,0.64114
18,0.00553,-165.73174,10,-0.39001,0.33443,0.65711
18,0.00553,-165.73174,11,-0.39001,0.32543,0.659
18,0.00553,-165.73174,12,-0.39001,0.31645,0.64683
18,0.00553,-165.73174,13,-0.39001,0.30749,0.62065
18,0.00553,-165.73174,14,-0.39001,0.29855,0.58049
18,0.00553,-165.73174,15,-0.39001,0.28965,0.52643
18,0.00553,-165.73174,16,-0.39001,0.28078,0.45855
18,0.00553,-165.73174,17,-0.39001,0.27195,0.37694
18,0.00553,-165.73174,18,-0.39001,0.26316,0.2817
18,0.00553,-165.73174,19,-0.39001,0.25442,0.17297
18,0.00553,-165.73174,20,-0.39001,0.24897,0.09462
18,0.00553,-165.73174,21,-0.39001,0.25,0.09745
18,0.00553,-165.73174,22,-0.39,0.25103,0.09879
18,0.00553,-165.73174,23,-0.39,0.25206,0.09942
18,0.00553,-165.73174,24,-0.39,0.25308,0.09972
18,0.00553,-165.73174,25,-0.39,0.25411,0.09986
18,0.00553,-165.73174,26,-0.39,0.25513,0.09993
18,0.00553,-165.73174,27,-0.39,0.25615,0.09996
18,0.00553,-165.73174,28,-0.39,0.25716,0.09997
18,0.00553,-165.73174,29,-0.39,0.25818,0.09998
18,0.00553,-165.73174,30,-0.39,0.2592,0.09998
18,0.00553,-165.73174,31,-0.39,0.26021,0.09998
18,0.00553,-165.73174,32,-0.39,0.26122,0.09998
18,0.00553,-165.73174,33,-0.39,0.26223,0.09998
18,0.00553,-165.73174,34,-0.39,0.26324,0.09998
18,0.00553,-165.73174,35,-0.39,0.26424,0.09998
18,0.00553,-165.73174,36,-0.39,0.26525,0.09998
18,0.00553,-165.73174,37,-0.39,0.26625,0.09998
18,0.00553,-165.73174,38,-0.39,0.26725,0.09998
18,0.00553,-165.73174,39,-0.39,0.26825,0.09998
18,0.00553,-165.73174,40,-0.39,0.26925,0.09998
18,0.00553,-165.73174,41,-0.39,0.27025,0.09998
18,0.00553,-165.73174,42,-0.39,0.27124,0.09998
18,0.00553,-165.73174,43,-0.39,0.27223,0.09998
18,0.00553,-165.73174,44,-0.39,0.27322,0.09998
18,0.00553,-165.73174,45,-0.39,0.27421,0.09998
18,0.00553,-165.73174,46,-0.39,0.2752,0.09998
18,0.00553,-165.73174,47,-0.39,0.27619,0.09998
18,0.00553,-165.73174,48,-0.39,0.27717,0.09998
18,0.00553,-165.73174,49,-0.39,0.27816,0.09998
18,0.00553,-165.73174,50,-0.39,0.27914,0.09998
18,0.00553,-165.73174,51,-0.39,0.28012,0.09998
18,0.00553,-165.73174,52,-0.39,0.2811,0.09998
18,0.00553,-165.73174,53,-0.39,0.28207,0.09998
18,0.00553,-165.73174,54,-0.39,0.28305,0.09998
18,0.00553,-165.73174,55,-0.39,0.28402,0.09998
18,0.00553,-165.73174,56,-0.39,0.28499,0.09998
18,0.00553,-165.73174,57,-0.39,0.28596,0.09998
18,0.00553,-165.73174,58,-0.39,0.28693,0.09998
18,0.00553,-165.73174,59,-0.39,0.2879,0.09998
18,0.00553,-165.73174,60,-0.39,0.28887,0.09998
18,0.00553,-165.73174,61,-0.39,0.28983,0.09998
18,0.00553,-165.73174,62,-0.39,0.29079,0.09998
18,0.00553,-165.73174,63,-0.39,0.29175,0.09998
18,0.00553,-165.73174,64,-0.39,0.29271,0.09998
18,0.00553,-165.73174,65,-0.39,0.29367,0.09998
18,0.00553,-165.73174,66,-0.39,0.29463,0.09998
18,0.00553,-165.73174,67,-0.39,0.29558,0.09998
18,0.00553,-165.73174,68,-0.39,0.29653,0.09998
18,0.00553,-165.73174,69,-0.39,0.29748,0.09998
18,0.00553,-165.73174,70,-0.39,0.29843,0.09998
18,0.00553,-165.73174,71,-0.39,0.29938,0.09998
18,0.00553,-165.73174,72,-0.39,0.30033,0.09998
18,0.00553,-165.73174,73,-0.38999,0.30127,0.09998
18,0.00553,-165.73174,74,-0.38999,0.30222,0.09998
18,0.00553,-165.73174,75,-0.38999,0.30316,0.09998
18,0.00553,-165.73174,76,-0.38999,0.3041,0.09998
18,0.00553,-165.73174,77,-0.38999,0.30504,0.09998
18,0.00553,-165.73174,78,-0.38999,0.30598,0.09998
18,0.00553,-165.73174,79,-0.38999,0.30691,0.09998
18,0.00553,-165.73174,80,-0.38999,0.30785,0.09998
18,0.00553,-165.73174,81,-0.38999,0.30878,0.09998
18,0.00553,-165.73174,82,-0.38999,0.30971,0.09998
18,0.00553,-165.73174,83,-0.38999,0.31064,0.09998
18,0.00553,-165.73174,84,-0.38999,0.31157,0.09998
18,0.00553,-165.73174,85,-0.38999,0.31249,0.09998
18,0.00553,-165.73174,86,-0.38999,0.31342,0.09998
18,0.00553,-165.73174,87,-0.38999,0.31434,0.09998
18,0.00553,-165.73174,88,-0.38999,0.31527,0.09998
18,0.00553,-165.73174,89,-0.38999,0.31619,0.09998
18,0.00553,-165.73174,90,-0.38999,0.31711,0.09998
18,0.00553,-165.73174,91,-0.38999,0.31802,0.09998
18,0.00553,-165.73174,92,-0.38999,0.31894,0.09998
18,0.00553,-165.73174,93,-0.38999,0.31985,0.09998
18,0.00553,-165.73174,94,-0.38999,0.32077,0.09998
18,0.00553,-165.73174,95,-0.38999,0.32168,0.09998
18,0.00553,-165.73174,96,-0.38999,0.32259,0.09998
18,0.00553,-165.73174,97,-0.38999,0.3235,0.09998
18,0.00553,-165.73174,98,-0.38999,0.3244,0.09998
18,0.00553,-165.73174,99,-0.38999,0.32531,0.09998
18,0.00553,-165.73174,100,-0.38999,0.32621,0.09999
18,0.00553,-165.73174,101,-0.38999,0.32712,0.09999
18,0.00553,-165.73174,102,-0.38999,0.32802,0.09999
18,0.00553,-165.73174,103,-0.38999,0.32892,0.09998
18,0.00553,-165.73174,104,-0.38999,0.32981,0.09998
18,0.00553,-165.73174,105,-0.38999,0.33071,0.09998
18,0.00553,-165.73174,106,-0.38999,0.33161,0.09998
18,0.00553,-165.73174,107,-0.38999,0.3325,0.09998
18,0.00553,-165.73174,108,-0.38999,0.33339,0.09998
18,0.00553,-165.73174,109,-0.38999,0.33428,0.09998
18,0.00553,-165.73174,110,-0.38999,0.33517,0.09998
18,0.00553,-165.73174,111,-0.38999,0.33606,0.09998
18,0.00553,-165.73174,112,-0.38999,0.33695,0.09998
18,0.00553,-165.73174,113,-0.38999,0.33783,0.09998
18,0.00553,-165.73174,114,-0.38999,0.33872,0.09998
18,0.00553,-165.73174,115,-0.38999,0.3396,0.09998
18,0.00553,-165.73174,116,-0.38999,0.34048,0.09998
18,0.00553,-165.73174,117,-0.38999,0.34136,0.09998
18,0.00553,-165.73174,118,-0.38999,0.34224,0.09998
18,0.00553,-165.73174,119,-0.38999,0.34311,0.09998
18,0.00553,-165.73174,120,-0.38999,0.34399,0.09999
19,0.00119,-169.5388,1,0.11042,0.25698,0.03889
19,0.00119,-169.5388,2,-0.06599,0.31301,0.15646
19,0.00119,-169.5388,3,-0.24062,0.36848,0.25885
19,0.00119,-169.5388,4,-0.38999,0.38898,0.34613
19,0.00119,-169.5388,5,-0.39001,0.37979,0.43305
19,0.00119,-169.5388,6,-0.39001,0.37064,0.50553
19,0.00119,-169.5388,7,-0.39001,0.36153,0.56367
19,0.00119,-169.5388,8,-0.39001,0.35245,0.60755
19,0.00119,-169.5388,9,-0.39001,0.3434,0.63726
19,0.00119,-169.5388,10,-0.39001,0.33437,0.65285
19,0.00119,-169.5388,11,-0.39001,0.32536,0.65435
19,0.00119,-169.5388,12,-0.39001,0.31637,0.64181
19,0.00119,-169.5388,13,-0.39001,0.3074,0.61524
19,0.00119,-169.5388,14,-0.39001,0.29846,0.57471
19,0.00119,-169.5388,15,-0.39001,0.28954,0.52027
19,0.00119,-169.5388,16,-0.39001,0.28067,0.45201
19,0.00119,-169.5388,17,-0.39001,0.27183,0.37003
19,0.00119,-169.5388,18,-0.39001,0.26303,0.27442
19,0.00119,-169.5388,19,-0.39001,0.25429,0.16533
19,0.00119,-169.5388,20,-0.39002,0.24976,0.09922
19,0.00119,-169.5388,21,-0.39001,0.25045,0.09963
19,0.00119,-169.5388,22,-0.38999,0.25115,0.09982
19,0.00119,-169.5388,23,-0.38998,0.25184,0.0999
19,0.00119,-169.5388,24,-0.38997,0.25253,0.09995
19,0.00119,-169.5388,25,-0.38995,0.25322,0.09997
19,0.00119,-169.5388,26,-0.38994,0.25391,0.09998
19,0.00119,-169.5388,27,-0.38993,0.2546,0.09998
19,0.00119,-169.5388,28,-0.38991,0.25529,0.09998
19,0.00119,-169.5388,29,-0.3899,0.25597,0.09998
19,0.00119,-169.5388,30,-0.38989,0.25666,0.09998
19,0.00119,-169.5388,31,-0.38987,0.25734,0.09998
19,0.00119,-169.5388,32,-0.38986,0.25803,0.09998
19,0.00119,-169.5388,33,-0.38985,0.25871,0.09998
19,0.00119,-169.5388,34,-0.38983,0.25939,0.09998
19,0.00119,-169.5388,35,-0.38982,0.26007,0.09998
19,0.00119,-169.5388,36,-0.38981,0.26075,0.09998
19,0.00119,-169.5388,37,-0.38979,0.26142,0.09998
19,0.00119,-169.5388,38,-0.38978,0.2621,0.09998
19,0.00119,-169.5388,39,-0.38977,0.26277,0.09998
19,0.00119,-169.5388,40,-0.38976,0.26345,0.09998
19,0.00119,-169.5388,41,-0.38974,0.26412,0.09998
19,0.00119,-169.5388,42,-0.38973,0.26479,0.09998
19,0.00119,-169.5388,43,-0.38972,0.26546,0.09998
19,0.00119,-169.5388,44,-0.3897,0.26613,0.09998
19,0.00119,-169.5388,45,-0.38969,0.2668,0.09998
19,0.00119,-169.5388,46,-0.38968,0.26747,0.09998
19,0.00119,-169.5388,47,-0.38966,0.26814,0.09998
19,0.00119,-169.5388,48,-0.38965,0.2688,0.09998
19,0.00119,-169.5388,49,-0.38964,0.26946,0.09998
19,0.00119,-169.5388,50,-0.38963,0.27013,0.09998
19,0.00119,-169.5388,51,-0.38961,0.27079,0.09998
19,0.00119,-169.5388,52,-0.3896,0.27145,0.09998
19,0.00119,-169.5388,53,-0.38959,0.27211,0.09998
19,0.00119,-169.5388,54,-0.38957,0.27277,0.09998
19,0.00119,-169.5388,55,-0.38956,0.27343,0.09998
19,0.00119,-169.5388,56,-0.38955,0.27408,0.09998
19,0.00119,-169.5388,57,-0.38954,0.27474,0.09998
19,0.00119,-169.5388,58,-0.38952,0.27539,0.09998
19,0.00119,-169.5388,59,-0.38951,0.27605,0.09998
19,0.00119,-169.5388,60,-0.3895,0.2767,0.09998
19,0.00119,-169.5388,61,-0.38949,0.27735,0.09998
19,0.00119,-169.5388,62,-0.38947,0.278,0.09998
19,0.00119,-169.5388,63,-0.38946,0.27865,0.09998
19,0.00119,-169.5388,64,-0.38945,0.2793,0.09998
19,0.00119,-169.5388,65,-0.38944,0.27994,0.09998
19,0.00119,-169.5388,66,-0.38942,0.28059,0.09998
19,0.00119,-169.5388,67,-0.38941,0.28124,0.09998
19,0.00119,-169.5388,68,-0.3894,0.28188,0.09998
19,0.00119,-169.5388,69,-0.38939,0.28252,0.09998
19,0.00119,-169.5388,70,-0.38937,0.28316,0.09998
19,0.00119,-169.5388,71,-0.38936,0.28381,0.09998
19,0.00119,-169.5388,72,-0.38935,0.28445,0.09998
19,0.00119,-169.5388,73,-0.38934,0.28508,0.09998
19,0.00119,-169.5388,74,-0.38932,0.28572,0.09998
19,0.00119,-169.5388,75,-0.38931,0.28636,0.09998
19,0.00119,-169.5388,76,-0.3893,0.28699,0.09998
19,0.00119,-169.5388,77,-0.38929,0.28763,0.09998
19,0.00119,-169.5388,78,-0.38927,0.28826,0.09998
19,0.00119,-169.5388,79,-0.38926,0.28889,0.09998
19,0.00119,-169.5388,80,-0.38925,0.28953,0.09998
19,0.00119,-169.5388,81,-0.38924,0.29016,0.09998
19,0.00119,-169.5388,82,-0.38922,0.29079,0.09998
19,0.00119,-169.5388,83,-0.38921,0.29141,0.09998
19,0.00119,-169.5388,84,-0.3892,0.29204,0.09998
19,0.00119,-169.5388,85,-0.38919,0.29267,0.09998
19,0.00119,-169.5388,86,-0.38918,0.29329,0.09998
19,0.00119,-169.5388,87,-0.38916,0.29392,0.09998
19,0.00119,-169.5388,88,-0.38915,0.29454,0.09998
19,0.00119,-169.5388,89,-0.38914,0.29516,0.09998
19,0.00119,-169.5388,90,-0.38913,0.29579,0.09998
19,0.00119,-169.5388,91,-0.38912,0.29641,0.09998
19,0.00119,-169.5388,92,-0.3891,0.29703,0.09998
19,0.00119,-169.5388,93,-0.38909,0.29764,0.09998
19,0.00119,-169.5388,94,-0.38908,0.29826,0.09998
19,0.00119,-169.5388,95,-0.38907,0.29888,0.09998
19,0.00119,-169.5388,96,-0.38906,0.29949,0.09998
19,0.00119,-169.5388,97,-0.38904,0.30011,0.09998
19,0.00119,-169.5388,98,-0.38903,0.30072,0.09998
19,0.00119,-169.5388,99,-0.38902,0.30133,0.09998
19,0.00119,-169.5388,100,-0.38901,0.30194,0.09998
19,0.00119,-169.5388,101,-0.389,0.30256,0.09998
19,0.00119,-169.5388,102,-0.38898,0.30316,0.09998
19,0.00119,-169.5388,103,-0.38897,0.30377,0.09998
19,0.00119,-169.5388,104,-0.38896,0.30438,0.09998
19,0.00119,-169.5388,105,-0.38895,0.30499,0.09998
19,0.00119,-169.5388,106,-0.38894,0.30559,0.09998
19,0.00119,-169.5388,107,-0.38893,0.3062,0.09998
19,0.00119,-169.5388,108,-0.38891,0.3068,0.09998
19,0.00119,-169.5388,109,-0.3889,0.3074,0.09998
19,0.00119,-169.5388,110,-0.38889,0.30801,0.09998
19,0.00119,-169.5388,111,-0.38888,0.30861,0.09998
19,0.00119,-169.5388,112,-0.38887,0.30921,0.09998
19,0.00119,-169.5388,113,-0.38886,0.3098,0.09998
19,0.00119,-169.5388,114,-0.38884,0.3104,0.09998
19,0.00119,-169.5388,115,-0.38883,0.311,0.09998
19,0.00119,-169.5388,116,-0.38882,0.31159,0.09998
19,0.00119,-169.5388,117,-0.38881,0.31219,0.09998
19,0.00119,-169.5388,118,-0.3888,0.31278,0.09998
19,0.00119,-169.5388,119,-0.38879,0.31338,0.09998
19,0.00119,-169.5388,120,-0.38878,0.31397,0.09998
20,0.00119,-160.12397,1,0.11042,0.25698,0.03889
20,0.00119,-160.12397,2,-0.06599,0.31301,0.15646
20,0.00119,-160.12397,3,-0.24062,0.36848,0.25885
20,0.00119,-160.12397,4,-0.38999,0.38898,0.34613
20,0.00119,-160.12397,5,-0.39001,0.37979,0.43305
20,0.00119,-160.12397,6,-0.39001,0.37064,0.50553
20,0.00119,-160.12397,7,-0.39001,0.36153,0.56367
20,0.00119,-160.12397,8,-0.39001,0.35245,0.60755
20,0.00119,-160.12397,9,-0.39001,0.3434,0.63726
20,0.00119,-160.12397,10,-0.39001,0.33437,0.65285
20,0.00119,-160.12397,11,-0.39001,0.32536,0.65435
20,0.00119,-160.12397,12,-0.39001,0.31637,0.64181
20,0.00119,-160.12397,13,-0.39001,0.3074,0.61524
20,0.00119,-160.12397,14,-0.39001,0.29846,0.57471
20,0.00119,-160.12397,15,-0.39001,0.28954,0.52027
20,0.00119,-160.12397,16,-0.39001,0.28067,0.45201
20,0.00119,-160.12397,17,-0.39001,0.27183,0.37003
20,0.00119,-160.12397,18,-0.39001,0.26303,0.27442
20,0.00119,-160.12397,19,-0.39001,0.25429,0.16533
20,0.00119,-160.12397,20,-0.39002,0.24976,0.09922
20,0.00119,-160.12397,21,-0.39001,0.25045,0.09963
20,0.00119,-160.12397,22,-0.38999,0.25115,0.09982
20,0.00119,-160.12397,23,-0.38998,0.25184,0.0999
20,0.00119,-160.12397,24,-0.38997,0.25253,0.09995
20,0.00119,-160.12397,25,-0.38995,0.25322,0.09997
20,0.00119,-160.12397,26,-0.38994,0.25391,0.09998
20,0.00119,-160.12397,27,-0.38993,0.2546,0.09998
20,0.00119,-160.12397,28,-0.38991,0.25529,0.09998
20,0.00119,-160.12397,29,-0.3899,0.25597,0.09998
20,0.00119,-160.12397,30,-0.38989,0.25666,0.09998
20,0.00119,-160.12397,31,-0.38987,0.25734,0.09998
20,0.00119,-160.12397,32,-0.38986,0.25803,0.09998
20,0.00119,-160.12397,33,-0.38985,0.25871,0.09998
20,0.00119,-160.12397,34,-0.38983,0.25939,0.09998
20,0.00119,-160.12397,35,-0.38982,0.26007,0.09998
20,0.00119,-160.12397,36,-0.38981,0.26075,0.09998
20,0.00119,-160.12397,37,-0.38979,0.26142,0.09998
20,0.00119,-160.12397,38,-0.38978,0.2621,0.09998
20,0.00119,-160.12397,39,-0.38977,0.26277,0.09998
20,0.00119,-160.12397,40,-0.38976,0.26345,0.09998
20,0.00119,-160.12397,41,-0.38974,0.26412,0.09998
20,0.00119,-160.12397,42,-0.38973,0.26479,0.09998
20,0.00119,-160.12397,43,-0.38972,0.26546,0.09998
20,0.00119,-160.12397,44,-0.3897,0.26613,0.09998
20,0.00119,-160.12397,45,-0.38969,0.2668,0.09998
20,0.00119,-160.12397,46,-0.38968,0.26747,0.09998
20,0.00119,-160.12397,47,-0.38966,0.26814,0.09998
20,0.00119,-160.12397,48,-0.38965,0.2688,0.09998
20,0.00119,-160.12397,49,-0.38964,0.26946,0.09998
20,0.00119,-160.12397,50,-0.38963,0.27013,0.09998
20,0.00119,-160.12397,51,-0.38961,0.27079,0.09998
20,0.00119,-160.12397,52,-0.3896,0.27145,0.09998
20,0.00119,-160.12397,53,-0.38959,0.27211,0.09998
20,0.00119,-160.12397,54,-0.38957,0.27277,0.09998
20,0.00119,-160.12397,55,-0.38956,0.27343,0.09998
20,0.00119,-160.12397,56,-0.38955,0.27408,0.09998
20,0.00119,-160.12397,57,-0.38954,0.27474,0.09998
20,0.00119,-160.12397,58,-0.38952,0.27539,0.09998
20,0.00119,-160.12397,59,-0.38951,0.27605,0.09998
20,0.00119,-160.12397,60,-0.3895,0.2767,0.09998
20,0.00119,-160.12397,61,-0.38949,0.27735,0.09998
20,0.00119,-160.12397,62,-0.38947,0.278,0.09998
20,0.00119,-160.12397,63,-0.38946,0.27865,0.09998
20,0.00119,-160.12397,64,-0.38945,0.2793,0.09998
20,0.00119,-160.12397,65,-0.38944,0.27994,0.09998
20,0.00119,-160.12397,66,-0.38942,0.28059,0.09998
20,0.00119,-160.12397,67,-0.38941,0.28124,0.09998
20,0.00119,-160.12397,68,-0.3894,0.28188,0.09998
20,0.00119,-160.12397,69,-0.38939,0.28252,0.09998
20,0.00119,-160.12397,70,-0.38937,0.28316,0.09998
20,0.00119,-160.12397,71,-0.38936,0.28381,0.09998
20,0.00119,-160.12397,72,-0.38935,0.28445,0.09998
20,0.00119,-160.12397,73,-0.38934,0.28508,0.09998
20,0.00119,-160.12397,74,-0.38932,0.28572,0.09998
20,0.00119,-160.12397,75,-0.38931,0.28636,0.09998
20,0.00119,-160.12397,76,-0.3893,0.28699,0.09998
20,0.00119,-160.12397,77,-0.38929,0.28763,0.09998
20,0.00119,-160.12397,78,-0.38927,0.28826,0.09998
20,0.00119,-160.12397,79,-0.38926,0.28889,0.09998
20,0.00119,-160.12397,80,-0.38925,0.28953,0.09998
20,0.00119,-160.12397,81,-0.38924,0.29016,0.09998
20,0.00119,-160.12397,82,-0.38922,0.29079,0.09998
20,0.00119,-160.12397,83,-0.38921,0.29141,0.09998
20,0.00119,-160.12397,84,-0.3892,0.29204,0.09998
20,0.00119,-160.12397,85,-0.38919,0.29267,0.09998
20,0.00119,-160.12397,86,-0.38918,0.29329,0.09998
20,0.00119,-160.12397,87,-0.38916,0.29392,0.09998
20,0.00119,-160.12397,88,-0.38915,0.29454,0.09998
20,0.00119,-160.12397,89,-0.38914,0.29516,0.09998
20,0.00119,-160.12397,90,-0.38913,0.29579,0.09998
20,0.00119,-160.12397,91,-0.38912,0.29641,0.09998
20,0.00119,-160.12397,92,-0.3891,0.29703,0.09998
20,0.00119,-160.12397,93,-0.38909,0.29764,0.09998
20,0.00119,-160.12397,94,-0.38908,0.29826,0.09998
20,0.00119,-160.12397,95,-0.38907,0.29888,0.09998
20,0.00119,-160.12397,96,-0.38906,0.29949,0.09998
20,0.00119,-160.12397,97,-0.38904,0.30011,0.09998
20,0.00119,-160.12397,98,-0.38903,0.30072,0.09998
20,0.00119,-160.12397,99,-0.38902,0.30133,0.09998
20,0.00119,-160.12397,100,-0.38901,0.30194,0.09998
20,0.00119,-160.12397,101,-0.389,0.30256,0.09998
20,0.00119,-160.12397,102,-0.38898,0.30316,0.09998
20,0.00119,-160.12397,103,-0.38897,0.30377,0.09998
20,0.00119,-160.12397,104,-0.38896,0.30438,0.09998
20,0.00119,-160.12397,105,-0.38895,0.30499,0.09998
20,0.00119,-160.12397,106,-0.38894,0.30559,0.09998
20,0.00119,-160.12397,107,-0.38893,0.3062,0.09998
20,0.00119,-160.12397,108,-0.38891,0.3068,0.09998
20,0.00119,-160.12397,109,-0.3889,0.3074,0.09998
20,0.00119,-160.12397,110,-0.38889,0.30801,0.09998
20,0.00119,-160.12397,111,-0.38888,0.30861,0.09998
20,0.00119,-160.12397,112,-0.38887,0.30921,0.09998
20,0.00119,-160.12397,113,-0.38886,0.3098,0.09998
20,0.00119,-160.12397,114,-0.38884,0.3104,0.09998
20,0.00119,-160.12397,115,-0.38883,0.311,0.09998
20,0.00119,-160.12397,116,-0.38882,0.31159,0.09998
20,0.00119,-160.12397,117,-0.38881,0.31219,0.09998
20,0.00119,-160.12397,118,-0.3888,0.31278,0.09998
20,0.00119,-160.12397,119,-0.38879,0.31338,0.09998
20,0.00119,-160.12397,120,-0.38878,0.31397,0.09998
