particle,elasticity,weight,frame,x,y,z
1,0.68513,-503.49624,1,-0.36724,0.2163,0.58964
1,0.68513,-503.49624,2,-0.41431,0.18883,0.87559
1,0.68513,-503.49624,3,-0.39461,0.17515,0.90017
1,0.68513,-503.49624,4,-0.38277,0.1685,0.81723
1,0.68513,-503.49624,5,-0.37099,0.16189,0.72096
1,0.68513,-503.49624,6,-0.35928,0.15531,0.61146
1,0.68513,-503.49624,7,-0.34764,0.14877,0.48888
1,0.68513,-503.49624,8,-0.33607,0.14227,0.35336
1,0.68513,-503.49624,9,-0.32459,0.13582,0.20505
1,0.68513,-503.49624,10,-0.31377,0.12638,0.05651
1,0.68513,-503.49624,11,-0.29977,0.10012,0.09411
1,0.68513,-503.49624,12,-0.28567,0.07581,0.12531
1,0.68513,-503.49624,13,-0.2716,0.05158,0.14263
1,0.68513,-503.49624,14,-0.25758,0.02742,0.14613
1,0.68513,-503.49624,15,-0.24359,0.00331,0.13584
1,0.68513,-503.49624,16,-0.22965,-0.02071,0.1118
1,0.68513,-503.49624,17,-0.21484,-0.04483,0.07772
1,0.68513,-503.49624,18,-0.19216,-0.06745,0.07014
1,0.68513,-503.49624,19,-0.17342,-0.08762,0.07547
1,0.68513,-503.49624,20,-0.15696,-0.1076,0.07594
1,0.68513,-503.49624,21,-0.14132,-0.12678,0.06738
1,0.68513,-503.49624,22,-0.12998,-0.14378,0.06644
1,0.68513,-503.49624,23,-0.12059,-0.15875,0.06352
1,0.68513,-503.49624,24,-0.11296,-0.17252,0.05618
1,0.68513,-503.49624,25,-0.10585,-0.18386,0.05123
1,0.68513,-503.49624,26,-0.09914,-0.19157,0.05407
1,0.68513,-503.49624,27,-0.09336,-0.19845,0.04936
1,0.68513,-503.49624,28,-0.09006,-0.20204,0.04909
1,0.68513,-503.49624,29,-0.08809,-0.20288,0.04955
1,0.68513,-503.49624,30,-0.08804,-0.20286,0.04978
1,0.68513,-503.49624,31,-0.08805,-0.20284,0.04989
1,0.68513,-503.49624,32,-0.08804,-0.20283,0.04994
1,0.68513,-503.49624,33,-0.08804,-0.20282,0.04996
1,0.68513,-503.49624,34,-0.08804,-0.20282,0.04997
1,0.68513,-503.49624,35,-0.08804,-0.20282,0.04998
1,0.68513,-503.49624,36,-0.08804,-0.20282,0.04998
1,0.68513,-503.49624,37,-0.08804,-0.20282,0.04998
1,0.68513,-503.49624,38,-0.08804,-0.20282,0.04998
1,0.68513,-503.49624,39,-0.08804,-0.20282,0.04998
1,0.68513,-503.49624,40,-0.08804,-0.20282,0.04998
1,0.68513,-503.49624,41,-0.08804,-0.20282,0.04998
1,0.68513,-503.49624,42,-0.08804,-0.20282,0.04998
1,0.68513,-503.49624,43,-0.08804,-0.20282,0.04998
1,0.68513,-503.49624,44,-0.08804,-0.20282,0.04998
1,0.68513,-503.49624,45,-0.08804,-0.20282,0.04998
1,0.68513,-503.49624,46,-0.08804,-0.20282,0.04998
1,0.68513,-503.49624,47,-0.08804,-0.20282,0.04998
1,0.68513,-503.49624,48,-0.08804,-0.20282,0.04998
1,0.68513,-503.49624,49,-0.08804,-0.20282,0.04998
1,0.68513,-503.49624,50,-0.08804,-0.20282,0.04998
1,0.68513,-503.49624,51,-0.08804,-0.20282,0.04998
1,0.68513,-503.49624,52,-0.08804,-0.20282,0.04998
1,0.68513,-503.49624,53,-0.08804,-0.20282,0.04998
1,0.68513,-503.49624,54,-0.08804,-0.20282,0.04998
1,0.68513,-503.49624,55,-0.08804,-0.20282,0.04998
1,0.68513,-503.49624,56,-0.08804,-0.20282,0.04998
1,0.68513,-503.49624,57,-0.08804,-0.20282,0.04998
1,0.68513,-503.49624,58,-0.08804,-0.20282,0.04998
1,0.68513,-503.49624,59,-0.08804,-0.20282,0.04998
1,0.68513,-503.49624,60,-0.08804,-0.20282,0.04998
1,0.68513,-503.49624,61,-0.08804,-0.20282,0.04998
1,0.68513,-503.49624,62,-0.08804,-0.20282,0.04998
1,0.68513,-503.49624,63,-0.08804,-0.20282,0.04998
1,0.68513,-503.49624,64,-0.08804,-0.20282,0.04998
1,0.68513,-503.49624,65,-0.08804,-0.20282,0.04998
1,0.68513,-503.49624,66,-0.08804,-0.20282,0.04998
1,0.68513,-503.49624,67,-0.08804,-0.20282,0.04998
1,0.68513,-503.49624,68,-0.08804,-0.20282,0.04998
1,0.68513,-503.49624,69,-0.08804,-0.20282,0.04998
1,0.68513,-503.49624,70,-0.08804,-0.20282,0.04998
1,0.68513,-503.49624,71,-0.08804,-0.20282,0.04998
1,0.68513,-503.49624,72,-0.08804,-0.20282,0.04998
1,0.68513,-503.49624,73,-0.08804,-0.20282,0.04998
1,0.68513,-503.49624,74,-0.08804,-0.20282,0.04998
1,0.68513,-503.49624,75,-0.08804,-0.20282,0.04998
1,0.68513,-503.49624,76,-0.08804,-0.20282,0.04998
1,0.68513,-503.49624,77,-0.08804,-0.20282,0.04998
1,0.68513,-503.49624,78,-0.08804,-0.20282,0.04998
1,0.68513,-503.49624,79,-0.08804,-0.20282,0.04998
1,0.68513,-503.49624,80,-0.08804,-0.20282,0.04998
1,0.68513,-503.49624,81,-0.08804,-0.20282,0.04998
1,0.68513,-503.49624,82,-0.08804,-0.20282,0.04998
1,0.68513,-503.49624,83,-0.08804,-0.20282,0.04998
1,0.68513,-503.49624,84,-0.08804,-0.20282,0.04998
1,0.68513,-503.49624,85,-0.08804,-0.20282,0.04998
1,0.68513,-503.49624,86,-0.08804,-0.20282,0.04998
1,0.68513,-503.49624,87,-0.08804,-0.20282,0.04998
1,0.68513,-503.49624,88,-0.08804,-0.20282,0.04998
1,0.68513,-503.49624,89,-0.08804,-0.20282,0.04998
1,0.68513,-503.49624,90,-0.08804,-0.20282,0.04998
1,0.68513,-503.49624,91,-0.08804,-0.20282,0.04998
1,0.68513,-503.49624,92,-0.08804,-0.20282,0.04998
1,0.68513,-503.49624,93,-0.08804,-0.20282,0.04998
1,0.68513,-503.49624,94,-0.08804,-0.20282,0.04998
1,0.68513,-503.49624,95,-0.08804,-0.20282,0.04998
1,0.68513,-503.49624,96,-0.08804,-0.20282,0.04998
1,0.68513,-503.49624,97,-0.08804,-0.20282,0.04998
1,0.68513,-503.49624,98,-0.08804,-0.20282,0.04998
1,0.68513,-503.49624,99,-0.08804,-0.20282,0.04998
1,0.68513,-503.49624,100,-0.08804,-0.20282,0.04998
1,0.68513,-503.49624,101,-0.08804,-0.20282,0.04998
2,0.68355,-517.0738,1,-0.36724,0.2163,0.58964
2,0.68355,-517.0738,2,-0.41434,0.18882,0.8756
2,0.68355,-517.0738,3,-0.39472,0.17513,0.90031
2,0.68355,-517.0738,4,-0.38296,0.16845,0.81755
2,0.68355,-517.0738,5,-0.37126,0.16181,0.72145
2,0.68355,-517.0738,6,-0.35962,0.1552,0.61212
2,0.68355,-517.0738,7,-0.34805,0.14864,0.48971
2,0.68355,-517.0738,8,-0.33657,0.14211,0.35436
2,0.68355,-517.0738,9,-0.32516,0.13564,0.20622
2,0.68355,-517.0738,10,-0.31446,0.12614,0.05801
2,0.68355,-517.0738,11,-0.29744,0.09923,0.09938
2,0.68355,-517.0738,12,-0.27917,0.07661,0.14442
2,0.68355,-517.0738,13,-0.26095,0.05407,0.17553
2,0.68355,-517.0738,14,-0.2428,0.0316,0.19276
2,0.68355,-517.0738,15,-0.22469,0.0092,0.19617
2,0.68355,-517.0738,16,-0.20663,-0.01314,0.1858
2,0.68355,-517.0738,17,-0.18862,-0.03542,0.16167
2,0.68355,-517.0738,18,-0.17067,-0.05764,0.12385
2,0.68355,-517.0738,19,-0.15278,-0.07977,0.07239
2,0.68355,-517.0738,20,-0.12904,-0.10311,0.07695
2,0.68355,-517.0738,21,-0.10541,-0.1242,0.07779
2,0.68355,-517.0738,22,-0.08407,-0.14077,0.08481
2,0.68355,-517.0738,23,-0.06279,-0.15729,0.07803
2,0.68355,-517.0738,24,-0.04184,-0.17227,0.06362
2,0.68355,-517.0738,25,-0.02474,-0.18547,0.05397
2,0.68355,-517.0738,26,-0.01137,-0.19547,0.05144
2,0.68355,-517.0738,27,-0.0009,-0.20388,0.05018
2,0.68355,-517.0738,28,0.00665,-0.2111,0.0495
2,0.68355,-517.0738,29,0.01138,-0.21683,0.04942
2,0.68355,-517.0738,30,0.01385,-0.22088,0.04897
2,0.68355,-517.0738,31,0.01478,-0.22257,0.04915
2,0.68355,-517.0738,32,0.01468,-0.22255,0.04959
2,0.68355,-517.0738,33,0.01461,-0.22251,0.0498
2,0.68355,-517.0738,34,0.01458,-0.22249,0.0499
2,0.68355,-517.0738,35,0.01457,-0.22248,0.04994
2,0.68355,-517.0738,36,0.01456,-0.22248,0.04997
2,0.68355,-517.0738,37,0.01456,-0.22247,0.04998
2,0.68355,-517.0738,38,0.01456,-0.22247,0.04998
2,0.68355,-517.0738,39,0.01456,-0.22247,0.04998
2,0.68355,-517.0738,40,0.01456,-0.22247,0.04998
2,0.68355,-517.0738,41,0.01456,-0.22247,0.04998
2,0.68355,-517.0738,42,0.01456,-0.22247,0.04998
2,0.68355,-517.0738,43,0.01456,-0.22247,0.04998
2,0.68355,-517.0738,44,0.01456,-0.22247,0.04998
2,0.68355,-517.0738,45,0.01456,-0.22247,0.04998
2,0.68355,-517.0738,46,0.01456,-0.22247,0.04998
2,0.68355,-517.0738,47,0.01456,-0.22247,0.04998
2,0.68355,-517.0738,48,0.01456,-0.22247,0.04998
2,0.68355,-517.0738,49,0.01456,-0.22247,0.04998
2,0.68355,-517.0738,50,0.01456,-0.22247,0.04998
2,0.68355,-517.0738,51,0.01456,-0.22247,0.04998
2,0.68355,-517.0738,52,0.01456,-0.22246,0.04998
2,0.68355,-517.0738,53,0.01456,-0.22246,0.04998
2,0.68355,-517.0738,54,0.01456,-0.22246,0.04998
2,0.68355,-517.0738,55,0.01456,-0.22246,0.04998
2,0.68355,-517.0738,56,0.01456,-0.22246,0.04998
2,0.68355,-517.0738,57,0.01456,-0.22246,0.04998
2,0.68355,-517.0738,58,0.01456,-0.22246,0.04998
2,0.68355,-517.0738,59,0.01456,-0.22246,0.04998
2,0.68355,-517.0738,60,0.01456,-0.22246,0.04998
2,0.68355,-517.0738,61,0.01456,-0.22246,0.04998
2,0.68355,-517.0738,62,0.01456,-0.22246,0.04998
2,0.68355,-517.0738,63,0.01456,-0.22246,0.04998
2,0.68355,-517.0738,64,0.01456,-0.22246,0.04998
2,0.68355,-517.0738,65,0.01456,-0.22246,0.04998
2,0.68355,-517.0738,66,0.01456,-0.22246,0.04998
2,0.68355,-517.0738,67,0.01456,-0.22246,0.04998
2,0.68355,-517.0738,68,0.01456,-0.22246,0.04998
2,0.68355,-517.0738,69,0.01456,-0.22246,0.04998
2,0.68355,-517.0738,70,0.01456,-0.22246,0.04998
2,0.68355,-517.0738,71,0.01456,-0.22246,0.04998
2,0.68355,-517.0738,72,0.01456,-0.22246,0.04998
2,0.68355,-517.0738,73,0.01456,-0.22246,0.04998
2,0.68355,-517.0738,74,0.01456,-0.22246,0.04998
2,0.68355,-517.0738,75,0.01456,-0.22246,0.04998
2,0.68355,-517.0738,76,0.01456,-0.22246,0.04998
2,0.68355,-517.0738,77,0.01456,-0.22246,0.04998
2,0.68355,-517.0738,78,0.01456,-0.22246,0.04998
2,0.68355,-517.0738,79,0.01456,-0.22246,0.04998
2,0.68355,-517.0738,80,0.01456,-0.22246,0.04998
2,0.68355,-517.0738,81,0.01456,-0.22246,0.04998
2,0.68355,-517.0738,82,0.01456,-0.22246,0.04998
2,0.68355,-517.0738,83,0.01456,-0.22245,0.04998
2,0.68355,-517.0738,84,0.01456,-0.22245,0.04998
2,0.68355,-517.0738,85,0.01456,-0.22245,0.04998
2,0.68355,-517.0738,86,0.01456,-0.22245,0.04998
2,0.68355,-517.0738,87,0.01456,-0.22245,0.04998
2,0.68355,-517.0738,88,0.01456,-0.22245,0.04998
2,0.68355,-517.0738,89,0.01456,-0.22245,0.04998
2,0.68355,-517.0738,90,0.01456,-0.22245,0.04998
2,0.68355,-517.0738,91,0.01456,-0.22245,0.04998
2,0.68355,-517.0738,92,0.01456,-0.22245,0.04998
2,0.68355,-517.0738,93,0.01456,-0.22245,0.04998
2,0.68355,-517.0738,94,0.01456,-0.22245,0.04998
2,0.68355,-517.0738,95,0.01456,-0.22245,0.04998
2,0.68355,-517.0738,96,0.01456,-0.22245,0.04998
2,0.68355,-517.0738,97,0.01456,-0.22245,0.04998
2,0.68355,-517.0738,98,0.01456,-0.22245,0.04998
2,0.68355,-517.0738,99,0.01456,-0.22245,0.04998
2,0.68355,-517.0738,100,0.01456,-0.22245,0.04998
2,0.68355,-517.0738,101,0.01456,-0.22245,0.04998
3,0.68513,-503.49624,1,-0.36724,0.2163,0.58964
3,0.68513,-503.49624,2,-0.41431,0.18883,0.87559
3,0.68513,-503.49624,3,-0.39461,0.17515,0.90017
3,0.68513,-503.49624,4,-0.38277,0.1685,0.81723
3,0.68513,-503.49624,5,-0.37099,0.16189,0.72096
3,0.68513,-503.49624,6,-0.35928,0.15531,0.61146
3,0.68513,-503.49624,7,-0.34764,0.14877,0.48888
3,0.68513,-503.49624,8,-0.33607,0.14227,0.35336
3,0.68513,-503.49624,9,-0.32459,0.13582,0.20505
3,0.68513,-503.49624,10,-0.31377,0.12638,0.05651
3,0.68513,-503.49624,11,-0.29977,0.10012,0.09411
3,0.68513,-503.49624,12,-0.28567,0.07581,0.12531
3,0.68513,-503.49624,13,-0.2716,0.05158,0.14263
3,0.68513,-503.49624,14,-0.25758,0.02742,0.14613
3,0.68513,-503.49624,15,-0.24359,0.00331,0.13584
3,0.68513,-503.49624,16,-0.22965,-0.02071,0.1118
3,0.68513,-503.49624,17,-0.21484,-0.04483,0.07772
3,0.68513,-503.49624,18,-0.19216,-0.06745,0.07014
3,0.68513,-503.49624,19,-0.17342,-0.08762,0.07547
3,0.68513,-503.49624,20,-0.15696,-0.1076,0.07594
3,0.68513,-503.49624,21,-0.14132,-0.12678,0.06738
3,0.68513,-503.49624,22,-0.12998,-0.14378,0.06644
3,0.68513,-503.49624,23,-0.12059,-0.15875,0.06352
3,0.68513,-503.49624,24,-0.11296,-0.17252,0.05618
3,0.68513,-503.49624,25,-0.10585,-0.18386,0.05123
3,0.68513,-503.49624,26,-0.09914,-0.19157,0.05407
3,0.68513,-503.49624,27,-0.09336,-0.19845,0.04936
3,0.68513,-503.49624,28,-0.09006,-0.20204,0.04909
3,0.68513,-503.49624,29,-0.08809,-0.20288,0.04955
3,0.68513,-503.49624,30,-0.08804,-0.20286,0.04978
3,0.68513,-503.49624,31,-0.08805,-0.20284,0.04989
3,0.68513,-503.49624,32,-0.08804,-0.20283,0.04994
3,0.68513,-503.49624,33,-0.08804,-0.20282,0.04996
3,0.68513,-503.49624,34,-0.08804,-0.20282,0.04997
3,0.68513,-503.49624,35,-0.08804,-0.20282,0.04998
3,0.68513,-503.49624,36,-0.08804,-0.20282,0.04998
3,0.68513,-503.49624,37,-0.08804,-0.20282,0.04998
3,0.68513,-503.49624,38,-0.08804,-0.20282,0.04998
3,0.68513,-503.49624,39,-0.08804,-0.20282,0.04998
3,0.68513,-503.49624,40,-0.08804,-0.20282,0.04998
3,0.68513,-503.49624,41,-0.08804,-0.20282,0.04998
3,0.68513,-503.49624,42,-0.08804,-0.20282,0.04998
3,0.68513,-503.49624,43,-0.08804,-0.20282,0.04998
3,0.68513,-503.49624,44,-0.08804,-0.20282,0.04998
3,0.68513,-503.49624,45,-0.08804,-0.20282,0.04998
3,0.68513,-503.49624,46,-0.08804,-0.20282,0.04998
3,0.68513,-503.49624,47,-0.08804,-0.20282,0.04998
3,0.68513,-503.49624,48,-0.08804,-0.20282,0.04998
3,0.68513,-503.49624,49,-0.08804,-0.20282,0.04998
3,0.68513,-503.49624,50,-0.08804,-0.20282,0.04998
3,0.68513,-503.49624,51,-0.08804,-0.20282,0.04998
3,0.68513,-503.49624,52,-0.08804,-0.20282,0.04998
3,0.68513,-503.49624,53,-0.08804,-0.20282,0.04998
3,0.68513,-503.49624,54,-0.08804,-0.20282,0.04998
3,0.68513,-503.49624,55,-0.08804,-0.20282,0.04998
3,0.68513,-503.49624,56,-0.08804,-0.20282,0.04998
3,0.68513,-503.49624,57,-0.08804,-0.20282,0.04998
3,0.68513,-503.49624,58,-0.08804,-0.20282,0.04998
3,0.68513,-503.49624,59,-0.08804,-0.20282,0.04998
3,0.68513,-503.49624,60,-0.08804,-0.20282,0.04998
3,0.68513,-503.49624,61,-0.08804,-0.20282,0.04998
3,0.68513,-503.49624,62,-0.08804,-0.20282,0.04998
3,0.68513,-503.49624,63,-0.08804,-0.20282,0.04998
3,0.68513,-503.49624,64,-0.08804,-0.20282,0.04998
3,0.68513,-503.49624,65,-0.08804,-0.20282,0.04998
3,0.68513,-503.49624,66,-0.08804,-0.20282,0.04998
3,0.68513,-503.49624,67,-0.08804,-0.20282,0.04998
3,0.68513,-503.49624,68,-0.08804,-0.20282,0.04998
3,0.68513,-503.49624,69,-0.08804,-0.20282,0.04998
3,0.68513,-503.49624,70,-0.08804,-0.20282,0.04998
3,0.68513,-503.49624,71,-0.08804,-0.20282,0.04998
3,0.68513,-503.49624,72,-0.08804,-0.20282,0.04998
3,0.68513,-503.49624,73,-0.08804,-0.20282,0.04998
3,0.68513,-503.49624,74,-0.08804,-0.20282,0.04998
3,0.68513,-503.49624,75,-0.08804,-0.20282,0.04998
3,0.68513,-503.49624,76,-0.08804,-0.20282,0.04998
3,0.68513,-503.49624,77,-0.08804,-0.20282,0.04998
3,0.68513,-503.49624,78,-0.08804,-0.20282,0.04998
3,0.68513,-503.49624,79,-0.08804,-0.20282,0.04998
3,0.68513,-503.49624,80,-0.08804,-0.20282,0.04998
3,0.68513,-503.49624,81,-0.08804,-0.20282,0.04998
3,0.68513,-503.49624,82,-0.08804,-0.20282,0.04998
3,0.68513,-503.49624,83,-0.08804,-0.20282,0.04998
3,0.68513,-503.49624,84,-0.08804,-0.20282,0.04998
3,0.68513,-503.49624,85,-0.08804,-0.20282,0.04998
3,0.68513,-503.49624,86,-0.08804,-0.20282,0.04998
3,0.68513,-503.49624,87,-0.08804,-0.20282,0.04998
3,0.68513,-503.49624,88,-0.08804,-0.20282,0.04998
3,0.68513,-503.49624,89,-0.08804,-0.20282,0.04998
3,0.68513,-503.49624,90,-0.08804,-0.20282,0.04998
3,0.68513,-503.49624,91,-0.08804,-0.20282,0.04998
3,0.68513,-503.49624,92,-0.08804,-0.20282,0.04998
3,0.68513,-503.49624,93,-0.08804,-0.20282,0.04998
3,0.68513,-503.49624,94,-0.08804,-0.20282,0.04998
3,0.68513,-503.49624,95,-0.08804,-0.20282,0.04998
3,0.68513,-503.49624,96,-0.08804,-0.20282,0.04998
3,0.68513,-503.49624,97,-0.08804,-0.20282,0.04998
3,0.68513,-503.49624,98,-0.08804,-0.20282,0.04998
3,0.68513,-503.49624,99,-0.08804,-0.20282,0.04998
3,0.68513,-503.49624,100,-0.08804,-0.20282,0.04998
3,0.68513,-503.49624,101,-0.08804,-0.20282,0.04998
4,0.68513,-503.49624,1,-0.36724,0.2163,0.58964
4,0.68513,-503.49624,2,-0.41431,0.18883,0.87559
4,0.68513,-503.49624,3,-0.39461,0.17515,0.90017
4,0.68513,-503.49624,4,-0.38277,0.1685,0.81723
4,0.68513,-503.49624,5,-0.37099,0.16189,0.72096
4,0.68513,-503.49624,6,-0.35928,0.15531,0.61146
4,0.68513,-503.49624,7,-0.34764,0.14877,0.48888
4,0.68513,-503.49624,8,-0.33607,0.14227,0.35336
4,0.68513,-503.49624,9,-0.32459,0.13582,0.20505
4,0.68513,-503.49624,10,-0.31377,0.12638,0.05651
4,0.68513,-503.49624,11,-0.29977,0.10012,0.09411
4,0.68513,-503.49624,12,-0.28567,0.07581,0.12531
4,0.68513,-503.49624,13,-0.2716,0.05158,0.14263
4,0.68513,-503.49624,14,-0.25758,0.02742,0.14613
4,0.68513,-503.49624,15,-0.24359,0.00331,0.13584
4,0.68513,-503.49624,16,-0.22965,-0.02071,0.1118
4,0.68513,-503.49624,17,-0.21484,-0.04483,0.07772
4,0.68513,-503.49624,18,-0.19216,-0.06745,0.07014
4,0.68513,-503.49624,19,-0.17342,-0.08762,0.07547
4,0.68513,-503.49624,20,-0.15696,-0.1076,0.07594
4,0.68513,-503.49624,21,-0.14132,-0.12678,0.06738
4,0.68513,-503.49624,22,-0.12998,-0.14378,0.06644
4,0.68513,-503.49624,23,-0.12059,-0.15875,0.06352
4,0.68513,-503.49624,24,-0.11296,-0.17252,0.05618
4,0.68513,-503.49624,25,-0.10585,-0.18386,0.05123
4,0.68513,-503.49624,26,-0.09914,-0.19157,0.05407
4,0.68513,-503.49624,27,-0.09336,-0.19845,0.04936
4,0.68513,-503.49624,28,-0.09006,-0.20204,0.04909
4,0.68513,-503.49624,29,-0.08809,-0.20288,0.04955
4,0.68513,-503.49624,30,-0.08804,-0.20286,0.04978
4,0.68513,-503.49624,31,-0.08805,-0.20284,0.04989
4,0.68513,-503.49624,32,-0.08804,-0.20283,0.04994
4,0.68513,-503.49624,33,-0.08804,-0.20282,0.04996
4,0.68513,-503.49624,34,-0.08804,-0.20282,0.04997
4,0.68513,-503.49624,35,-0.08804,-0.20282,0.04998
4,0.68513,-503.49624,36,-0.08804,-0.20282,0.04998
4,0.68513,-503.49624,37,-0.08804,-0.20282,0.04998
4,0.68513,-503.49624,38,-0.08804,-0.20282,0.04998
4,0.68513,-503.49624,39,-0.08804,-0.20282,0.04998
4,0.68513,-503.49624,40,-0.08804,-0.20282,0.04998
4,0.68513,-503.49624,41,-0.08804,-0.20282,0.04998
4,0.68513,-503.49624,42,-0.08804,-0.20282,0.04998
4,0.68513,-503.49624,43,-0.08804,-0.20282,0.04998
4,0.68513,-503.49624,44,-0.08804,-0.20282,0.04998
4,0.68513,-503.49624,45,-0.08804,-0.20282,0.04998
4,0.68513,-503.49624,46,-0.08804,-0.20282,0.04998
4,0.68513,-503.49624,47,-0.08804,-0.20282,0.04998
4,0.68513,-503.49624,48,-0.08804,-0.20282,0.04998
4,0.68513,-503.49624,49,-0.08804,-0.20282,0.04998
4,0.68513,-503.49624,50,-0.08804,-0.20282,0.04998
4,0.68513,-503.49624,51,-0.08804,-0.20282,0.04998
4,0.68513,-503.49624,52,-0.08804,-0.20282,0.04998
4,0.68513,-503.49624,53,-0.08804,-0.20282,0.04998
4,0.68513,-503.49624,54,-0.08804,-0.20282,0.04998
4,0.68513,-503.49624,55,-0.08804,-0.20282,0.04998
4,0.68513,-503.49624,56,-0.08804,-0.20282,0.04998
4,0.68513,-503.49624,57,-0.08804,-0.20282,0.04998
4,0.68513,-503.49624,58,-0.08804,-0.20282,0.04998
4,0.68513,-503.49624,59,-0.08804,-0.20282,0.04998
4,0.68513,-503.49624,60,-0.08804,-0.20282,0.04998
4,0.68513,-503.49624,61,-0.08804,-0.20282,0.04998
4,0.68513,-503.49624,62,-0.08804,-0.20282,0.04998
4,0.68513,-503.49624,63,-0.08804,-0.20282,0.04998
4,0.68513,-503.49624,64,-0.08804,-0.20282,0.04998
4,0.68513,-503.49624,65,-0.08804,-0.20282,0.04998
4,0.68513,-503.49624,66,-0.08804,-0.20282,0.04998
4,0.68513,-503.49624,67,-0.08804,-0.20282,0.04998
4,0.68513,-503.49624,68,-0.08804,-0.20282,0.04998
4,0.68513,-503.49624,69,-0.08804,-0.20282,0.04998
4,0.68513,-503.49624,70,-0.08804,-0.20282,0.04998
4,0.68513,-503.49624,71,-0.08804,-0.20282,0.04998
4,0.68513,-503.49624,72,-0.08804,-0.20282,0.04998
4,0.68513,-503.49624,73,-0.08804,-0.20282,0.04998
4,0.68513,-503.49624,74,-0.08804,-0.20282,0.04998
4,0.68513,-503.49624,75,-0.08804,-0.20282,0.04998
4,0.68513,-503.49624,76,-0.08804,-0.20282,0.04998
4,0.68513,-503.49624,77,-0.08804,-0.20282,0.04998
4,0.68513,-503.49624,78,-0.08804,-0.20282,0.04998
4,0.68513,-503.49624,79,-0.08804,-0.20282,0.04998
4,0.68513,-503.49624,80,-0.08804,-0.20282,0.04998
4,0.68513,-503.49624,81,-0.08804,-0.20282,0.04998
4,0.68513,-503.49624,82,-0.08804,-0.20282,0.04998
4,0.68513,-503.49624,83,-0.08804,-0.20282,0.04998
4,0.68513,-503.49624,84,-0.08804,-0.20282,0.04998
4,0.68513,-503.49624,85,-0.08804,-0.20282,0.04998
4,0.68513,-503.49624,86,-0.08804,-0.20282,0.04998
4,0.68513,-503.49624,87,-0.08804,-0.20282,0.04998
4,0.68513,-503.49624,88,-0.08804,-0.20282,0.04998
4,0.68513,-503.49624,89,-0.08804,-0.20282,0.04998
4,0.68513,-503.49624,90,-0.08804,-0.20282,0.04998
4,0.68513,-503.49624,91,-0.08804,-0.20282,0.04998
4,0.68513,-503.49624,92,-0.08804,-0.20282,0.04998
4,0.68513,-503.49624,93,-0.08804,-0.20282,0.04998
4,0.68513,-503.49624,94,-0.08804,-0.20282,0.04998
4,0.68513,-503.49624,95,-0.08804,-0.20282,0.04998
4,0.68513,-503.49624,96,-0.08804,-0.20282,0.04998
4,0.68513,-503.49624,97,-0.08804,-0.20282,0.04998
4,0.68513,-503.49624,98,-0.08804,-0.20282,0.04998
4,0.68513,-503.49624,99,-0.08804,-0.20282,0.04998
4,0.68513,-503.49624,100,-0.08804,-0.20282,0.04998
4,0.68513,-503.49624,101,-0.08804,-0.20282,0.04998
5,0.68355,-517.0738,1,-0.36724,0.2163,0.58964
5,0.68355,-517.0738,2,-0.41434,0.18882,0.8756
5,0.68355,-517.0738,3,-0.39472,0.17513,0.90031
5,0.68355,-517.0738,4,-0.38296,0.16845,0.81755
5,0.68355,-517.0738,5,-0.37126,0.16181,0.72145
5,0.68355,-517.0738,6,-0.35962,0.1552,0.61212
5,0.68355,-517.0738,7,-0.34805,0.14864,0.48971
5,0.68355,-517.0738,8,-0.33657,0.14211,0.35436
5,0.68355,-517.0738,9,-0.32516,0.13564,0.20622
5,0.68355,-517.0738,10,-0.31446,0.12614,0.05801
5,0.68355,-517.0738,11,-0.29744,0.09923,0.09938
5,0.68355,-517.0738,12,-0.27917,0.07661,0.14442
5,0.68355,-517.0738,13,-0.26095,0.05407,0.17553
5,0.68355,-517.0738,14,-0.2428,0.0316,0.19276
5,0.68355,-517.0738,15,-0.22469,0.0092,0.19617
5,0.68355,-517.0738,16,-0.20663,-0.01314,0.1858
5,0.68355,-517.0738,17,-0.18862,-0.03542,0.16167
5,0.68355,-517.0738,18,-0.17067,-0.05764,0.12385
5,0.68355,-517.0738,19,-0.15278,-0.07977,0.07239
5,0.68355,-517.0738,20,-0.12904,-0.10311,0.07695
5,0.68355,-517.0738,21,-0.10541,-0.1242,0.07779
5,0.68355,-517.0738,22,-0.08407,-0.14077,0.08481
5,0.68355,-517.0738,23,-0.06279,-0.15729,0.07803
5,0.68355,-517.0738,24,-0.04184,-0.17227,0.06362
5,0.68355,-517.0738,25,-0.02474,-0.18547,0.05397
5,0.68355,-517.0738,26,-0.01137,-0.19547,0.05144
5,0.68355,-517.0738,27,-0.0009,-0.20388,0.05018
5,0.68355,-517.0738,28,0.00665,-0.2111,0.0495
5,0.68355,-517.0738,29,0.01138,-0.21683,0.04942
5,0.68355,-517.0738,30,0.01385,-0.22088,0.04897
5,0.68355,-517.0738,31,0.01478,-0.22257,0.04915
5,0.68355,-517.0738,32,0.01468,-0.22255,0.04959
5,0.68355,-517.0738,33,0.01461,-0.22251,0.0498
5,0.68355,-517.0738,34,0.01458,-0.22249,0.0499
5,0.68355,-517.0738,35,0.01457,-0.22248,0.04994
5,0.68355,-517.0738,36,0.01456,-0.22248,0.04997
5,0.68355,-517.0738,37,0.01456,-0.22247,0.04998
5,0.68355,-517.0738,38,0.01456,-0.22247,0.04998
5,0.68355,-517.0738,39,0.01456,-0.22247,0.04998
5,0.68355,-517.0738,40,0.01456,-0.22247,0.04998
5,0.68355,-517.0738,41,0.01456,-0.22247,0.04998
5,0.68355,-517.0738,42,0.01456,-0.22247,0.04998
5,0.68355,-517.0738,43,0.01456,-0.22247,0.04998
5,0.68355,-517.0738,44,0.01456,-0.22247,0.04998
5,0.68355,-517.0738,45,0.01456,-0.22247,0.04998
5,0.68355,-517.0738,46,0.01456,-0.22247,0.04998
5,0.68355,-517.0738,47,0.01456,-0.22247,0.04998
5,0.68355,-517.0738,48,0.01456,-0.22247,0.04998
5,0.68355,-517.0738,49,0.01456,-0.22247,0.04998
5,0.68355,-517.0738,50,0.01456,-0.22247,0.04998
5,0.68355,-517.0738,51,0.01456,-0.22247,0.04998
5,0.68355,-517.0738,52,0.01456,-0.22246,0.04998
5,0.68355,-517.0738,53,0.01456,-0.22246,0.04998
5,0.68355,-517.0738,54,0.01456,-0.22246,0.04998
5,0.68355,-517.0738,55,0.01456,-0.22246,0.04998
5,0.68355,-517.0738,56,0.01456,-0.22246,0.04998
5,0.68355,-517.0738,57,0.01456,-0.22246,0.04998
5,0.68355,-517.0738,58,0.01456,-0.22246,0.04998
5,0.68355,-517.0738,59,0.01456,-0.22246,0.04998
5,0.68355,-517.0738,60,0.01456,-0.22246,0.04998
5,0.68355,-517.0738,61,0.01456,-0.22246,0.04998
5,0.68355,-517.0738,62,0.01456,-0.22246,0.04998
5,0.68355,-517.0738,63,0.01456,-0.22246,0.04998
5,0.68355,-517.0738,64,0.01456,-0.22246,0.04998
5,0.68355,-517.0738,65,0.01456,-0.22246,0.04998
5,0.68355,-517.0738,66,0.01456,-0.22246,0.04998
5,0.68355,-517.0738,67,0.01456,-0.22246,0.04998
5,0.68355,-517.0738,68,0.01456,-0.22246,0.04998
5,0.68355,-517.0738,69,0.01456,-0.22246,0.04998
5,0.68355,-517.0738,70,0.01456,-0.22246,0.04998
5,0.68355,-517.0738,71,0.01456,-0.22246,0.04998
5,0.68355,-517.0738,72,0.01456,-0.22246,0.04998
5,0.68355,-517.0738,73,0.01456,-0.22246,0.04998
5,0.68355,-517.0738,74,0.01456,-0.22246,0.04998
5,0.68355,-517.0738,75,0.01456,-0.22246,0.04998
5,0.68355,-517.0738,76,0.01456,-0.22246,0.04998
5,0.68355,-517.0738,77,0.01456,-0.22246,0.04998
5,0.68355,-517.0738,78,0.01456,-0.22246,0.04998
5,0.68355,-517.0738,79,0.01456,-0.22246,0.04998
5,0.68355,-517.0738,80,0.01456,-0.22246,0.04998
5,0.68355,-517.0738,81,0.01456,-0.22246,0.04998
5,0.68355,-517.0738,82,0.01456,-0.22246,0.04998
5,0.68355,-517.0738,83,0.01456,-0.22245,0.04998
5,0.68355,-517.0738,84,0.01456,-0.22245,0.04998
5,0.68355,-517.0738,85,0.01456,-0.22245,0.04998
5,0.68355,-517.0738,86,0.01456,-0.22245,0.04998
5,0.68355,-517.0738,87,0.01456,-0.22245,0.04998
5,0.68355,-517.0738,88,0.01456,-0.22245,0.04998
5,0.68355,-517.0738,89,0.01456,-0.22245,0.04998
5,0.68355,-517.0738,90,0.01456,-0.22245,0.04998
5,0.68355,-517.0738,91,0.01456,-0.22245,0.04998
5,0.68355,-517.0738,92,0.01456,-0.22245,0.04998
5,0.68355,-517.0738,93,0.01456,-0.22245,0.04998
5,0.68355,-517.0738,94,0.01456,-0.22245,0.04998
5,0.68355,-517.0738,95,0.01456,-0.22245,0.04998
5,0.68355,-517.0738,96,0.01456,-0.22245,0.04998
5,0.68355,-517.0738,97,0.01456,-0.22245,0.04998
5,0.68355,-517.0738,98,0.01456,-0.22245,0.04998
5,0.68355,-517.0738,99,0.01456,-0.22245,0.04998
5,0.68355,-517.0738,100,0.01456,-0.22245,0.04998
5,0.68355,-517.0738,101,0.01456,-0.22245,0.04998
6,0.68355,-517.0738,1,-0.36724,0.2163,0.58964
6,0.68355,-517.0738,2,-0.41434,0.18882,0.8756
6,0.68355,-517.0738,3,-0.39472,0.17513,0.90031
6,0.68355,-517.0738,4,-0.38296,0.16845,0.81755
6,0.68355,-517.0738,5,-0.37126,0.16181,0.72145
6,0.68355,-517.0738,6,-0.35962,0.1552,0.61212
6,0.68355,-517.0738,7,-0.34805,0.14864,0.48971
6,0.68355,-517.0738,8,-0.33657,0.14211,0.35436
6,0.68355,-517.0738,9,-0.32516,0.13564,0.20622
6,0.68355,-517.0738,10,-0.31446,0.12614,0.05801
6,0.68355,-517.0738,11,-0.29744,0.09923,0.09938
6,0.68355,-517.0738,12,-0.27917,0.07661,0.14442
6,0.68355,-517.0738,13,-0.26095,0.05407,0.17553
6,0.68355,-517.0738,14,-0.2428,0.0316,0.19276
6,0.68355,-517.0738,15,-0.22469,0.0092,0.19617
6,0.68355,-517.0738,16,-0.20663,-0.01314,0.1858
6,0.68355,-517.0738,17,-0.18862,-0.03542,0.16167
6,0.68355,-517.0738,18,-0.17067,-0.05764,0.12385
6,0.68355,-517.0738,19,-0.15278,-0.07977,0.07239
6,0.68355,-517.0738,20,-0.12904,-0.10311,0.07695
6,0.68355,-517.0738,21,-0.10541,-0.1242,0.07779
6,0.68355,-517.0738,22,-0.08407,-0.14077,0.08481
6,0.68355,-517.0738,23,-0.06279,-0.15729,0.07803
6,0.68355,-517.0738,24,-0.04184,-0.17227,0.06362
6,0.68355,-517.0738,25,-0.02474,-0.18547,0.05397
6,0.68355,-517.0738,26,-0.01137,-0.19547,0.05144
6,0.68355,-517.0738,27,-0.0009,-0.20388,0.05018
6,0.68355,-517.0738,28,0.00665,-0.2111,0.0495
6,0.68355,-517.0738,29,0.01138,-0.21683,0.04942
6,0.68355,-517.0738,30,0.01385,-0.22088,0.04897
6,0.68355,-517.0738,31,0.01478,-0.22257,0.04915
6,0.68355,-517.0738,32,0.01468,-0.22255,0.04959
6,0.68355,-517.0738,33,0.01461,-0.22251,0.0498
6,0.68355,-517.0738,34,0.01458,-0.22249,0.0499
6,0.68355,-517.0738,35,0.01457,-0.22248,0.04994
6,0.68355,-517.0738,36,0.01456,-0.22248,0.04997
6,0.68355,-517.0738,37,0.01456,-0.22247,0.04998
6,0.68355,-517.0738,38,0.01456,-0.22247,0.04998
6,0.68355,-517.0738,39,0.01456,-0.22247,0.04998
6,0.68355,-517.0738,40,0.01456,-0.22247,0.04998
6,0.68355,-517.0738,41,0.01456,-0.22247,0.04998
6,0.68355,-517.0738,42,0.01456,-0.22247,0.04998
6,0.68355,-517.0738,43,0.01456,-0.22247,0.04998
6,0.68355,-517.0738,44,0.01456,-0.22247,0.04998
6,0.68355,-517.0738,45,0.01456,-0.22247,0.04998
6,0.68355,-517.0738,46,0.01456,-0.22247,0.04998
6,0.68355,-517.0738,47,0.01456,-0.22247,0.04998
6,0.68355,-517.0738,48,0.01456,-0.22247,0.04998
6,0.68355,-517.0738,49,0.01456,-0.22247,0.04998
6,0.68355,-517.0738,50,0.01456,-0.22247,0.04998
6,0.68355,-517.0738,51,0.01456,-0.22247,0.04998
6,0.68355,-517.0738,52,0.01456,-0.22246,0.04998
6,0.68355,-517.0738,53,0.01456,-0.22246,0.04998
6,0.68355,-517.0738,54,0.01456,-0.22246,0.04998
6,0.68355,-517.0738,55,0.01456,-0.22246,0.04998
6,0.68355,-517.0738,56,0.01456,-0.22246,0.04998
6,0.68355,-517.0738,57,0.01456,-0.22246,0.04998
6,0.68355,-517.0738,58,0.01456,-0.22246,0.04998
6,0.68355,-517.0738,59,0.01456,-0.22246,0.04998
6,0.68355,-517.0738,60,0.01456,-0.22246,0.04998
6,0.68355,-517.0738,61,0.01456,-0.22246,0.04998
6,0.68355,-517.0738,62,0.01456,-0.22246,0.04998
6,0.68355,-517.0738,63,0.01456,-0.22246,0.04998
6,0.68355,-517.0738,64,0.01456,-0.22246,0.04998
6,0.68355,-517.0738,65,0.01456,-0.22246,0.04998
6,0.68355,-517.0738,66,0.01456,-0.22246,0.04998
6,0.68355,-517.0738,67,0.01456,-0.22246,0.04998
6,0.68355,-517.0738,68,0.01456,-0.22246,0.04998
6,0.68355,-517.0738,69,0.01456,-0.22246,0.04998
6,0.68355,-517.0738,70,0.01456,-0.22246,0.04998
6,0.68355,-517.0738,71,0.01456,-0.22246,0.04998
6,0.68355,-517.0738,72,0.01456,-0.22246,0.04998
6,0.68355,-517.0738,73,0.01456,-0.22246,0.04998
6,0.68355,-517.0738,74,0.01456,-0.22246,0.04998
6,0.68355,-517.0738,75,0.01456,-0.22246,0.04998
6,0.68355,-517.0738,76,0.01456,-0.22246,0.04998
6,0.68355,-517.0738,77,0.01456,-0.22246,0.04998
6,0.68355,-517.0738,78,0.01456,-0.22246,0.04998
6,0.68355,-517.0738,79,0.01456,-0.22246,0.04998
6,0.68355,-517.0738,80,0.01456,-0.22246,0.04998
6,0.68355,-517.0738,81,0.01456,-0.22246,0.04998
6,0.68355,-517.0738,82,0.01456,-0.22246,0.04998
6,0.68355,-517.0738,83,0.01456,-0.22245,0.04998
6,0.68355,-517.0738,84,0.01456,-0.22245,0.04998
6,0.68355,-517.0738,85,0.01456,-0.22245,0.04998
6,0.68355,-517.0738,86,0.01456,-0.22245,0.04998
6,0.68355,-517.0738,87,0.01456,-0.22245,0.04998
6,0.68355,-517.0738,88,0.01456,-0.22245,0.04998
6,0.68355,-517.0738,89,0.01456,-0.22245,0.04998
6,0.68355,-517.0738,90,0.01456,-0.22245,0.04998
6,0.68355,-517.0738,91,0.01456,-0.22245,0.04998
6,0.68355,-517.0738,92,0.01456,-0.22245,0.04998
6,0.68355,-517.0738,93,0.01456,-0.22245,0.04998
6,0.68355,-517.0738,94,0.01456,-0.22245,0.04998
6,0.68355,-517.0738,95,0.01456,-0.22245,0.04998
6,0.68355,-517.0738,96,0.01456,-0.22245,0.04998
6,0.68355,-517.0738,97,0.01456,-0.22245,0.04998
6,0.68355,-517.0738,98,0.01456,-0.22245,0.04998
6,0.68355,-517.0738,99,0.01456,-0.22245,0.04998
6,0.68355,-517.0738,100,0.01456,-0.22245,0.04998
6,0.68355,-517.0738,101,0.01456,-0.22245,0.04998
7,0.68355,-517.0738,1,-0.36724,0.2163,0.58964
7,0.68355,-517.0738,2,-0.41434,0.18882,0.8756
7,0.68355,-517.0738,3,-0.39472,0.17513,0.90031
7,0.68355,-517.0738,4,-0.38296,0.16845,0.81755
7,0.68355,-517.0738,5,-0.37126,0.16181,0.72145
7,0.68355,-517.0738,6,-0.35962,0.1552,0.61212
7,0.68355,-517.0738,7,-0.34805,0.14864,0.48971
7,0.68355,-517.0738,8,-0.33657,0.14211,0.35436
7,0.68355,-517.0738,9,-0.32516,0.13564,0.20622
7,0.68355,-517.0738,10,-0.31446,0.12614,0.05801
7,0.68355,-517.0738,11,-0.29744,0.09923,0.09938
7,0.68355,-517.0738,12,-0.27917,0.07661,0.14442
7,0.68355,-517.0738,13,-0.26095,0.05407,0.17553
7,0.68355,-517.0738,14,-0.2428,0.0316,0.19276
7,0.68355,-517.0738,15,-0.22469,0.0092,0.19617
7,0.68355,-517.0738,16,-0.20663,-0.01314,0.1858
7,0.68355,-517.0738,17,-0.18862,-0.03542,0.16167
7,0.68355,-517.0738,18,-0.17067,-0.05764,0.12385
7,0.68355,-517.0738,19,-0.15278,-0.07977,0.07239
7,0.68355,-517.0738,20,-0.12904,-0.10311,0.07695
7,0.68355,-517.0738,21,-0.10541,-0.1242,0.07779
7,0.68355,-517.0738,22,-0.08407,-0.14077,0.08481
7,0.68355,-517.0738,23,-0.06279,-0.15729,0.07803
7,0.68355,-517.0738,24,-0.04184,-0.17227,0.06362
7,0.68355,-517.0738,25,-0.02474,-0.18547,0.05397
7,0.68355,-517.0738,26,-0.01137,-0.19547,0.05144
7,0.68355,-517.0738,27,-0.0009,-0.20388,0.05018
7,0.68355,-517.0738,28,0.00665,-0.2111,0.0495
7,0.68355,-517.0738,29,0.01138,-0.21683,0.04942
7,0.68355,-517.0738,30,0.01385,-0.22088,0.04897
7,0.68355,-517.0738,31,0.01478,-0.22257,0.04915
7,0.68355,-517.0738,32,0.01468,-0.22255,0.04959
7,0.68355,-517.0738,33,0.01461,-0.22251,0.0498
7,0.68355,-517.0738,34,0.01458,-0.22249,0.0499
7,0.68355,-517.0738,35,0.01457,-0.22248,0.04994
7,0.68355,-517.0738,36,0.01456,-0.22248,0.04997
7,0.68355,-517.0738,37,0.01456,-0.22247,0.04998
7,0.68355,-517.0738,38,0.01456,-0.22247,0.04998
7,0.68355,-517.0738,39,0.01456,-0.22247,0.04998
7,0.68355,-517.0738,40,0.01456,-0.22247,0.04998
7,0.68355,-517.0738,41,0.01456,-0.22247,0.04998
7,0.68355,-517.0738,42,0.01456,-0.22247,0.04998
7,0.68355,-517.0738,43,0.01456,-0.22247,0.04998
7,0.68355,-517.0738,44,0.01456,-0.22247,0.04998
7,0.68355,-517.0738,45,0.01456,-0.22247,0.04998
7,0.68355,-517.0738,46,0.01456,-0.22247,0.04998
7,0.68355,-517.0738,47,0.01456,-0.22247,0.04998
7,0.68355,-517.0738,48,0.01456,-0.22247,0.04998
7,0.68355,-517.0738,49,0.01456,-0.22247,0.04998
7,0.68355,-517.0738,50,0.01456,-0.22247,0.04998
7,0.68355,-517.0738,51,0.01456,-0.22247,0.04998
7,0.68355,-517.0738,52,0.01456,-0.22246,0.04998
7,0.68355,-517.0738,53,0.01456,-0.22246,0.04998
7,0.68355,-517.0738,54,0.01456,-0.22246,0.04998
7,0.68355,-517.0738,55,0.01456,-0.22246,0.04998
7,0.68355,-517.0738,56,0.01456,-0.22246,0.04998
7,0.68355,-517.0738,57,0.01456,-0.22246,0.04998
7,0.68355,-517.0738,58,0.01456,-0.22246,0.04998
7,0.68355,-517.0738,59,0.01456,-0.22246,0.04998
7,0.68355,-517.0738,60,0.01456,-0.22246,0.04998
7,0.68355,-517.0738,61,0.01456,-0.22246,0.04998
7,0.68355,-517.0738,62,0.01456,-0.22246,0.04998
7,0.68355,-517.0738,63,0.01456,-0.22246,0.04998
7,0.68355,-517.0738,64,0.01456,-0.22246,0.04998
7,0.68355,-517.0738,65,0.01456,-0.22246,0.04998
7,0.68355,-517.0738,66,0.01456,-0.22246,0.04998
7,0.68355,-517.0738,67,0.01456,-0.22246,0.04998
7,0.68355,-517.0738,68,0.01456,-0.22246,0.04998
7,0.68355,-517.0738,69,0.01456,-0.22246,0.04998
7,0.68355,-517.0738,70,0.01456,-0.22246,0.04998
7,0.68355,-517.0738,71,0.01456,-0.22246,0.04998
7,0.68355,-517.0738,72,0.01456,-0.22246,0.04998
7,0.68355,-517.0738,73,0.01456,-0.22246,0.04998
7,0.68355,-517.0738,74,0.01456,-0.22246,0.04998
7,0.68355,-517.0738,75,0.01456,-0.22246,0.04998
7,0.68355,-517.0738,76,0.01456,-0.22246,0.04998
7,0.68355,-517.0738,77,0.01456,-0.22246,0.04998
7,0.68355,-517.0738,78,0.01456,-0.22246,0.04998
7,0.68355,-517.0738,79,0.01456,-0.22246,0.04998
7,0.68355,-517.0738,80,0.01456,-0.22246,0.04998
7,0.68355,-517.0738,81,0.01456,-0.22246,0.04998
7,0.68355,-517.0738,82,0.01456,-0.22246,0.04998
7,0.68355,-517.0738,83,0.01456,-0.22245,0.04998
7,0.68355,-517.0738,84,0.01456,-0.22245,0.04998
7,0.68355,-517.0738,85,0.01456,-0.22245,0.04998
7,0.68355,-517.0738,86,0.01456,-0.22245,0.04998
7,0.68355,-517.0738,87,0.01456,-0.22245,0.04998
7,0.68355,-517.0738,88,0.01456,-0.22245,0.04998
7,0.68355,-517.0738,89,0.01456,-0.22245,0.04998
7,0.68355,-517.0738,90,0.01456,-0.22245,0.04998
7,0.68355,-517.0738,91,0.01456,-0.22245,0.04998
7,0.68355,-517.0738,92,0.01456,-0.22245,0.04998
7,0.68355,-517.0738,93,0.01456,-0.22245,0.04998
7,0.68355,-517.0738,94,0.01456,-0.22245,0.04998
7,0.68355,-517.0738,95,0.01456,-0.22245,0.04998
7,0.68355,-517.0738,96,0.01456,-0.22245,0.04998
7,0.68355,-517.0738,97,0.01456,-0.22245,0.04998
7,0.68355,-517.0738,98,0.01456,-0.22245,0.04998
7,0.68355,-517.0738,99,0.01456,-0.22245,0.04998
7,0.68355,-517.0738,100,0.01456,-0.22245,0.04998
7,0.68355,-517.0738,101,0.01456,-0.22245,0.04998
8,0.68513,-503.49624,1,-0.36724,0.2163,0.58964
8,0.68513,-503.49624,2,-0.41431,0.18883,0.87559
8,0.68513,-503.49624,3,-0.39461,0.17515,0.90017
8,0.68513,-503.49624,4,-0.38277,0.1685,0.81723
8,0.68513,-503.49624,5,-0.37099,0.16189,0.72096
8,0.68513,-503.49624,6,-0.35928,0.15531,0.61146
8,0.68513,-503.49624,7,-0.34764,0.14877,0.48888
8,0.68513,-503.49624,8,-0.33607,0.14227,0.35336
8,0.68513,-503.49624,9,-0.32459,0.13582,0.20505
8,0.68513,-503.49624,10,-0.31377,0.12638,0.05651
8,0.68513,-503.49624,11,-0.29977,0.10012,0.09411
8,0.68513,-503.49624,12,-0.28567,0.07581,0.12531
8,0.68513,-503.49624,13,-0.2716,0.05158,0.14263
8,0.68513,-503.49624,14,-0.25758,0.02742,0.14613
8,0.68513,-503.49624,15,-0.24359,0.00331,0.13584
8,0.68513,-503.49624,16,-0.22965,-0.02071,0.1118
8,0.68513,-503.49624,17,-0.21484,-0.04483,0.07772
8,0.68513,-503.49624,18,-0.19216,-0.06745,0.07014
8,0.68513,-503.49624,19,-0.17342,-0.08762,0.07547
8,0.68513,-503.49624,20,-0.15696,-0.1076,0.07594
8,0.68513,-503.49624,21,-0.14132,-0.12678,0.06738
8,0.68513,-503.49624,22,-0.12998,-0.14378,0.06644
8,0.68513,-503.49624,23,-0.12059,-0.15875,0.06352
8,0.68513,-503.49624,24,-0.11296,-0.17252,0.05618
8,0.68513,-503.49624,25,-0.10585,-0.18386,0.05123
8,0.68513,-503.49624,26,-0.09914,-0.19157,0.05407
8,0.68513,-503.49624,27,-0.09336,-0.19845,0.04936
8,0.68513,-503.49624,28,-0.09006,-0.20204,0.04909
8,0.68513,-503.49624,29,-0.08809,-0.20288,0.04955
8,0.68513,-503.49624,30,-0.08804,-0.20286,0.04978
8,0.68513,-503.49624,31,-0.08805,-0.20284,0.04989
8,0.68513,-503.49624,32,-0.08804,-0.20283,0.04994
8,0.68513,-503.49624,33,-0.08804,-0.20282,0.04996
8,0.68513,-503.49624,34,-0.08804,-0.20282,0.04997
8,0.68513,-503.49624,35,-0.08804,-0.20282,0.04998
8,0.68513,-503.49624,36,-0.08804,-0.20282,0.04998
8,0.68513,-503.49624,37,-0.08804,-0.20282,0.04998
8,0.68513,-503.49624,38,-0.08804,-0.20282,0.04998
8,0.68513,-503.49624,39,-0.08804,-0.20282,0.04998
8,0.68513,-503.49624,40,-0.08804,-0.20282,0.04998
8,0.68513,-503.49624,41,-0.08804,-0.20282,0.04998
8,0.68513,-503.49624,42,-0.08804,-0.20282,0.04998
8,0.68513,-503.49624,43,-0.08804,-0.20282,0.04998
8,0.68513,-503.49624,44,-0.08804,-0.20282,0.04998
8,0.68513,-503.49624,45,-0.08804,-0.20282,0.04998
8,0.68513,-503.49624,46,-0.08804,-0.20282,0.04998
8,0.68513,-503.49624,47,-0.08804,-0.20282,0.04998
8,0.68513,-503.49624,48,-0.08804,-0.20282,0.04998
8,0.68513,-503.49624,49,-0.08804,-0.20282,0.04998
8,0.68513,-503.49624,50,-0.08804,-0.20282,0.04998
8,0.68513,-503.49624,51,-0.08804,-0.20282,0.04998
8,0.68513,-503.49624,52,-0.08804,-0.20282,0.04998
8,0.68513,-503.49624,53,-0.08804,-0.20282,0.04998
8,0.68513,-503.49624,54,-0.08804,-0.20282,0.04998
8,0.68513,-503.49624,55,-0.08804,-0.20282,0.04998
8,0.68513,-503.49624,56,-0.08804,-0.20282,0.04998
8,0.68513,-503.49624,57,-0.08804,-0.20282,0.04998
8,0.68513,-503.49624,58,-0.08804,-0.20282,0.04998
8,0.68513,-503.49624,59,-0.08804,-0.20282,0.04998
8,0.68513,-503.49624,60,-0.08804,-0.20282,0.04998
8,0.68513,-503.49624,61,-0.08804,-0.20282,0.04998
8,0.68513,-503.49624,62,-0.08804,-0.20282,0.04998
8,0.68513,-503.49624,63,-0.08804,-0.20282,0.04998
8,0.68513,-503.49624,64,-0.08804,-0.20282,0.04998
8,0.68513,-503.49624,65,-0.08804,-0.20282,0.04998
8,0.68513,-503.49624,66,-0.08804,-0.20282,0.04998
8,0.68513,-503.49624,67,-0.08804,-0.20282,0.04998
8,0.68513,-503.49624,68,-0.08804,-0.20282,0.04998
8,0.68513,-503.49624,69,-0.08804,-0.20282,0.04998
8,0.68513,-503.49624,70,-0.08804,-0.20282,0.04998
8,0.68513,-503.49624,71,-0.08804,-0.20282,0.04998
8,0.68513,-503.49624,72,-0.08804,-0.20282,0.04998
8,0.68513,-503.49624,73,-0.08804,-0.20282,0.04998
8,0.68513,-503.49624,74,-0.08804,-0.20282,0.04998
8,0.68513,-503.49624,75,-0.08804,-0.20282,0.04998
8,0.68513,-503.49624,76,-0.08804,-0.20282,0.04998
8,0.68513,-503.49624,77,-0.08804,-0.20282,0.04998
8,0.68513,-503.49624,78,-0.08804,-0.20282,0.04998
8,0.68513,-503.49624,79,-0.08804,-0.20282,0.04998
8,0.68513,-503.49624,80,-0.08804,-0.20282,0.04998
8,0.68513,-503.49624,81,-0.08804,-0.20282,0.04998
8,0.68513,-503.49624,82,-0.08804,-0.20282,0.04998
8,0.68513,-503.49624,83,-0.08804,-0.20282,0.04998
8,0.68513,-503.49624,84,-0.08804,-0.20282,0.04998
8,0.68513,-503.49624,85,-0.08804,-0.20282,0.04998
8,0.68513,-503.49624,86,-0.08804,-0.20282,0.04998
8,0.68513,-503.49624,87,-0.08804,-0.20282,0.04998
8,0.68513,-503.49624,88,-0.08804,-0.20282,0.04998
8,0.68513,-503.49624,89,-0.08804,-0.20282,0.04998
8,0.68513,-503.49624,90,-0.08804,-0.20282,0.04998
8,0.68513,-503.49624,91,-0.08804,-0.20282,0.04998
8,0.68513,-503.49624,92,-0.08804,-0.20282,0.04998
8,0.68513,-503.49624,93,-0.08804,-0.20282,0.04998
8,0.68513,-503.49624,94,-0.08804,-0.20282,0.04998
8,0.68513,-503.49624,95,-0.08804,-0.20282,0.04998
8,0.68513,-503.49624,96,-0.08804,-0.20282,0.04998
8,0.68513,-503.49624,97,-0.08804,-0.20282,0.04998
8,0.68513,-503.49624,98,-0.08804,-0.20282,0.04998
8,0.68513,-503.49624,99,-0.08804,-0.20282,0.04998
8,0.68513,-503.49624,100,-0.08804,-0.20282,0.04998
8,0.68513,-503.49624,101,-0.08804,-0.20282,0.04998
9,0.68513,-503.49624,1,-0.36724,0.2163,0.58964
9,0.68513,-503.49624,2,-0.41431,0.18883,0.87559
9,0.68513,-503.49624,3,-0.39461,0.17515,0.90017
9,0.68513,-503.49624,4,-0.38277,0.1685,0.81723
9,0.68513,-503.49624,5,-0.37099,0.16189,0.72096
9,0.68513,-503.49624,6,-0.35928,0.15531,0.61146
9,0.68513,-503.49624,7,-0.34764,0.14877,0.48888
9,0.68513,-503.49624,8,-0.33607,0.14227,0.35336
9,0.68513,-503.49624,9,-0.32459,0.13582,0.20505
9,0.68513,-503.49624,10,-0.31377,0.12638,0.05651
9,0.68513,-503.49624,11,-0.29977,0.10012,0.09411
9,0.68513,-503.49624,12,-0.28567,0.07581,0.12531
9,0.68513,-503.49624,13,-0.2716,0.05158,0.14263
9,0.68513,-503.49624,14,-0.25758,0.02742,0.14613
9,0.68513,-503.49624,15,-0.24359,0.00331,0.13584
9,0.68513,-503.49624,16,-0.22965,-0.02071,0.1118
9,0.68513,-503.49624,17,-0.21484,-0.04483,0.07772
9,0.68513,-503.49624,18,-0.19216,-0.06745,0.07014
9,0.68513,-503.49624,19,-0.17342,-0.08762,0.07547
9,0.68513,-503.49624,20,-0.15696,-0.1076,0.07594
9,0.68513,-503.49624,21,-0.14132,-0.12678,0.06738
9,0.68513,-503.49624,22,-0.12998,-0.14378,0.06644
9,0.68513,-503.49624,23,-0.12059,-0.15875,0.06352
9,0.68513,-503.49624,24,-0.11296,-0.17252,0.05618
9,0.68513,-503.49624,25,-0.10585,-0.18386,0.05123
9,0.68513,-503.49624,26,-0.09914,-0.19157,0.05407
9,0.68513,-503.49624,27,-0.09336,-0.19845,0.04936
9,0.68513,-503.49624,28,-0.09006,-0.20204,0.04909
9,0.68513,-503.49624,29,-0.08809,-0.20288,0.04955
9,0.68513,-503.49624,30,-0.08804,-0.20286,0.04978
9,0.68513,-503.49624,31,-0.08805,-0.20284,0.04989
9,0.68513,-503.49624,32,-0.08804,-0.20283,0.04994
9,0.68513,-503.49624,33,-0.08804,-0.20282,0.04996
9,0.68513,-503.49624,34,-0.08804,-0.20282,0.04997
9,0.68513,-503.49624,35,-0.08804,-0.20282,0.04998
9,0.68513,-503.49624,36,-0.08804,-0.20282,0.04998
9,0.68513,-503.49624,37,-0.08804,-0.20282,0.04998
9,0.68513,-503.49624,38,-0.08804,-0.20282,0.04998
9,0.68513,-503.49624,39,-0.08804,-0.20282,0.04998
9,0.68513,-503.49624,40,-0.08804,-0.20282,0.04998
9,0.68513,-503.49624,41,-0.08804,-0.20282,0.04998
9,0.68513,-503.49624,42,-0.08804,-0.20282,0.04998
9,0.68513,-503.49624,43,-0.08804,-0.20282,0.04998
9,0.68513,-503.49624,44,-0.08804,-0.20282,0.04998
9,0.68513,-503.49624,45,-0.08804,-0.20282,0.04998
9,0.68513,-503.49624,46,-0.08804,-0.20282,0.04998
9,0.68513,-503.49624,47,-0.08804,-0.20282,0.04998
9,0.68513,-503.49624,48,-0.08804,-0.20282,0.04998
9,0.68513,-503.49624,49,-0.08804,-0.20282,0.04998
9,0.68513,-503.49624,50,-0.08804,-0.20282,0.04998
9,0.68513,-503.49624,51,-0.08804,-0.20282,0.04998
9,0.68513,-503.49624,52,-0.08804,-0.20282,0.04998
9,0.68513,-503.49624,53,-0.08804,-0.20282,0.04998
9,0.68513,-503.49624,54,-0.08804,-0.20282,0.04998
9,0.68513,-503.49624,55,-0.08804,-0.20282,0.04998
9,0.68513,-503.49624,56,-0.08804,-0.20282,0.04998
9,0.68513,-503.49624,57,-0.08804,-0.20282,0.04998
9,0.68513,-503.49624,58,-0.08804,-0.20282,0.04998
9,0.68513,-503.49624,59,-0.08804,-0.20282,0.04998
9,0.68513,-503.49624,60,-0.08804,-0.20282,0.04998
9,0.68513,-503.49624,61,-0.08804,-0.20282,0.04998
9,0.68513,-503.49624,62,-0.08804,-0.20282,0.04998
9,0.68513,-503.49624,63,-0.08804,-0.20282,0.04998
9,0.68513,-503.49624,64,-0.08804,-0.20282,0.04998
9,0.68513,-503.49624,65,-0.08804,-0.20282,0.04998
9,0.68513,-503.49624,66,-0.08804,-0.20282,0.04998
9,0.68513,-503.49624,67,-0.08804,-0.20282,0.04998
9,0.68513,-503.49624,68,-0.08804,-0.20282,0.04998
9,0.68513,-503.49624,69,-0.08804,-0.20282,0.04998
9,0.68513,-503.49624,70,-0.08804,-0.20282,0.04998
9,0.68513,-503.49624,71,-0.08804,-0.20282,0.04998
9,0.68513,-503.49624,72,-0.08804,-0.20282,0.04998
9,0.68513,-503.49624,73,-0.08804,-0.20282,0.04998
9,0.68513,-503.49624,74,-0.08804,-0.20282,0.04998
9,0.68513,-503.49624,75,-0.08804,-0.20282,0.04998
9,0.68513,-503.49624,76,-0.08804,-0.20282,0.04998
9,0.68513,-503.49624,77,-0.08804,-0.20282,0.04998
9,0.68513,-503.49624,78,-0.08804,-0.20282,0.04998
9,0.68513,-503.49624,79,-0.08804,-0.20282,0.04998
9,0.68513,-503.49624,80,-0.08804,-0.20282,0.04998
9,0.68513,-503.49624,81,-0.08804,-0.20282,0.04998
9,0.68513,-503.49624,82,-0.08804,-0.20282,0.04998
9,0.68513,-503.49624,83,-0.08804,-0.20282,0.04998
9,0.68513,-503.49624,84,-0.08804,-0.20282,0.04998
9,0.68513,-503.49624,85,-0.08804,-0.20282,0.04998
9,0.68513,-503.49624,86,-0.08804,-0.20282,0.04998
9,0.68513,-503.49624,87,-0.08804,-0.20282,0.04998
9,0.68513,-503.49624,88,-0.08804,-0.20282,0.04998
9,0.68513,-503.49624,89,-0.08804,-0.20282,0.04998
9,0.68513,-503.49624,90,-0.08804,-0.20282,0.04998
9,0.68513,-503.49624,91,-0.08804,-0.20282,0.04998
9,0.68513,-503.49624,92,-0.08804,-0.20282,0.04998
9,0.68513,-503.49624,93,-0.08804,-0.20282,0.04998
9,0.68513,-503.49624,94,-0.08804,-0.20282,0.04998
9,0.68513,-503.49624,95,-0.08804,-0.20282,0.04998
9,0.68513,-503.49624,96,-0.08804,-0.20282,0.04998
9,0.68513,-503.49624,97,-0.08804,-0.20282,0.04998
9,0.68513,-503.49624,98,-0.08804,-0.20282,0.04998
9,0.68513,-503.49624,99,-0.08804,-0.20282,0.04998
9,0.68513,-503.49624,100,-0.08804,-0.20282,0.04998
9,0.68513,-503.49624,101,-0.08804,-0.20282,0.04998
10,0.68513,-503.49624,1,-0.36724,0.2163,0.58964
10,0.68513,-503.49624,2,-0.41431,0.18883,0.87559
10,0.68513,-503.49624,3,-0.39461,0.17515,0.90017
10,0.68513,-503.49624,4,-0.38277,0.1685,0.81723
10,0.68513,-503.49624,5,-0.37099,0.16189,0.72096
10,0.68513,-503.49624,6,-0.35928,0.15531,0.61146
10,0.68513,-503.49624,7,-0.34764,0.14877,0.48888
10,0.68513,-503.49624,8,-0.33607,0.14227,0.35336
10,0.68513,-503.49624,9,-0.32459,0.13582,0.20505
10,0.68513,-503.49624,10,-0.31377,0.12638,0.05651
10,0.68513,-503.49624,11,-0.29977,0.10012,0.09411
10,0.68513,-503.49624,12,-0.28567,0.07581,0.12531
10,0.68513,-503.49624,13,-0.2716,0.05158,0.14263
10,0.68513,-503.49624,14,-0.25758,0.02742,0.14613
10,0.68513,-503.49624,15,-0.24359,0.00331,0.13584
10,0.68513,-503.49624,16,-0.22965,-0.02071,0.1118
10,0.68513,-503.49624,17,-0.21484,-0.04483,0.07772
10,0.68513,-503.49624,18,-0.19216,-0.06745,0.07014
10,0.68513,-503.49624,19,-0.17342,-0.08762,0.07547
10,0.68513,-503.49624,20,-0.15696,-0.1076,0.07594
10,0.68513,-503.49624,21,-0.14132,-0.12678,0.06738
10,0.68513,-503.49624,22,-0.12998,-0.14378,0.06644
10,0.68513,-503.49624,23,-0.12059,-0.15875,0.06352
10,0.68513,-503.49624,24,-0.11296,-0.17252,0.05618
10,0.68513,-503.49624,25,-0.10585,-0.18386,0.05123
10,0.68513,-503.49624,26,-0.09914,-0.19157,0.05407
10,0.68513,-503.49624,27,-0.09336,-0.19845,0.04936
10,0.68513,-503.49624,28,-0.09006,-0.20204,0.04909
10,0.68513,-503.49624,29,-0.08809,-0.20288,0.04955
10,0.68513,-503.49624,30,-0.08804,-0.20286,0.04978
10,0.68513,-503.49624,31,-0.08805,-0.20284,0.04989
10,0.68513,-503.49624,32,-0.08804,-0.20283,0.04994
10,0.68513,-503.49624,33,-0.08804,-0.20282,0.04996
10,0.68513,-503.49624,34,-0.08804,-0.20282,0.04997
10,0.68513,-503.49624,35,-0.08804,-0.20282,0.04998
10,0.68513,-503.49624,36,-0.08804,-0.20282,0.04998
10,0.68513,-503.49624,37,-0.08804,-0.20282,0.04998
10,0.68513,-503.49624,38,-0.08804,-0.20282,0.04998
10,0.68513,-503.49624,39,-0.08804,-0.20282,0.04998
10,0.68513,-503.49624,40,-0.08804,-0.20282,0.04998
10,0.68513,-503.49624,41,-0.08804,-0.20282,0.04998
10,0.68513,-503.49624,42,-0.08804,-0.20282,0.04998
10,0.68513,-503.49624,43,-0.08804,-0.20282,0.04998
10,0.68513,-503.49624,44,-0.08804,-0.20282,0.04998
10,0.68513,-503.49624,45,-0.08804,-0.20282,0.04998
10,0.68513,-503.49624,46,-0.08804,-0.20282,0.04998
10,0.68513,-503.49624,47,-0.08804,-0.20282,0.04998
10,0.68513,-503.49624,48,-0.08804,-0.20282,0.04998
10,0.68513,-503.49624,49,-0.08804,-0.20282,0.04998
10,0.68513,-503.49624,50,-0.08804,-0.20282,0.04998
10,0.68513,-503.49624,51,-0.08804,-0.20282,0.04998
10,0.68513,-503.49624,52,-0.08804,-0.20282,0.04998
10,0.68513,-503.49624,53,-0.08804,-0.20282,0.04998
10,0.68513,-503.49624,54,-0.08804,-0.20282,0.04998
10,0.68513,-503.49624,55,-0.08804,-0.20282,0.04998
10,0.68513,-503.49624,56,-0.08804,-0.20282,0.04998
10,0.68513,-503.49624,57,-0.08804,-0.20282,0.04998
10,0.68513,-503.49624,58,-0.08804,-0.20282,0.04998
10,0.68513,-503.49624,59,-0.08804,-0.20282,0.04998
10,0.68513,-503.49624,60,-0.08804,-0.20282,0.04998
10,0.68513,-503.49624,61,-0.08804,-0.20282,0.04998
10,0.68513,-503.49624,62,-0.08804,-0.20282,0.04998
10,0.68513,-503.49624,63,-0.08804,-0.20282,0.04998
10,0.68513,-503.49624,64,-0.08804,-0.20282,0.04998
10,0.68513,-503.49624,65,-0.08804,-0.20282,0.04998
10,0.68513,-503.49624,66,-0.08804,-0.20282,0.04998
10,0.68513,-503.49624,67,-0.08804,-0.20282,0.04998
10,0.68513,-503.49624,68,-0.08804,-0.20282,0.04998
10,0.68513,-503.49624,69,-0.08804,-0.20282,0.04998
10,0.68513,-503.49624,70,-0.08804,-0.20282,0.04998
10,0.68513,-503.49624,71,-0.08804,-0.20282,0.04998
10,0.68513,-503.49624,72,-0.08804,-0.20282,0.04998
10,0.68513,-503.49624,73,-0.08804,-0.20282,0.04998
10,0.68513,-503.49624,74,-0.08804,-0.20282,0.04998
10,0.68513,-503.49624,75,-0.08804,-0.20282,0.04998
10,0.68513,-503.49624,76,-0.08804,-0.20282,0.04998
10,0.68513,-503.49624,77,-0.08804,-0.20282,0.04998
10,0.68513,-503.49624,78,-0.08804,-0.20282,0.04998
10,0.68513,-503.49624,79,-0.08804,-0.20282,0.04998
10,0.68513,-503.49624,80,-0.08804,-0.20282,0.04998
10,0.68513,-503.49624,81,-0.08804,-0.20282,0.04998
10,0.68513,-503.49624,82,-0.08804,-0.20282,0.04998
10,0.68513,-503.49624,83,-0.08804,-0.20282,0.04998
10,0.68513,-503.49624,84,-0.08804,-0.20282,0.04998
10,0.68513,-503.49624,85,-0.08804,-0.20282,0.04998
10,0.68513,-503.49624,86,-0.08804,-0.20282,0.04998
10,0.68513,-503.49624,87,-0.08804,-0.20282,0.04998
10,0.68513,-503.49624,88,-0.08804,-0.20282,0.04998
10,0.68513,-503.49624,89,-0.08804,-0.20282,0.04998
10,0.68513,-503.49624,90,-0.08804,-0.20282,0.04998
10,0.68513,-503.49624,91,-0.08804,-0.20282,0.04998
10,0.68513,-503.49624,92,-0.08804,-0.20282,0.04998
10,0.68513,-503.49624,93,-0.08804,-0.20282,0.04998
10,0.68513,-503.49624,94,-0.08804,-0.20282,0.04998
10,0.68513,-503.49624,95,-0.08804,-0.20282,0.04998
10,0.68513,-503.49624,96,-0.08804,-0.20282,0.04998
10,0.68513,-503.49624,97,-0.08804,-0.20282,0.04998
10,0.68513,-503.49624,98,-0.08804,-0.20282,0.04998
10,0.68513,-503.49624,99,-0.08804,-0.20282,0.04998
10,0.68513,-503.49624,100,-0.08804,-0.20282,0.04998
10,0.68513,-503.49624,101,-0.08804,-0.20282,0.04998
11,0.68355,-517.0738,1,-0.36724,0.2163,0.58964
11,0.68355,-517.0738,2,-0.41434,0.18882,0.8756
11,0.68355,-517.0738,3,-0.39472,0.17513,0.90031
11,0.68355,-517.0738,4,-0.38296,0.16845,0.81755
11,0.68355,-517.0738,5,-0.37126,0.16181,0.72145
11,0.68355,-517.0738,6,-0.35962,0.1552,0.61212
11,0.68355,-517.0738,7,-0.34805,0.14864,0.48971
11,0.68355,-517.0738,8,-0.33657,0.14211,0.35436
11,0.68355,-517.0738,9,-0.32516,0.13564,0.20622
11,0.68355,-517.0738,10,-0.31446,0.12614,0.05801
11,0.68355,-517.0738,11,-0.29744,0.09923,0.09938
11,0.68355,-517.0738,12,-0.27917,0.07661,0.14442
11,0.68355,-517.0738,13,-0.26095,0.05407,0.17553
11,0.68355,-517.0738,14,-0.2428,0.0316,0.19276
11,0.68355,-517.0738,15,-0.22469,0.0092,0.19617
11,0.68355,-517.0738,16,-0.20663,-0.01314,0.1858
11,0.68355,-517.0738,17,-0.18862,-0.03542,0.16167
11,0.68355,-517.0738,18,-0.17067,-0.05764,0.12385
11,0.68355,-517.0738,19,-0.15278,-0.07977,0.07239
11,0.68355,-517.0738,20,-0.12904,-0.10311,0.07695
11,0.68355,-517.0738,21,-0.10541,-0.1242,0.07779
11,0.68355,-517.0738,22,-0.08407,-0.14077,0.08481
11,0.68355,-517.0738,23,-0.06279,-0.15729,0.07803
11,0.68355,-517.0738,24,-0.04184,-0.17227,0.06362
11,0.68355,-517.0738,25,-0.02474,-0.18547,0.05397
11,0.68355,-517.0738,26,-0.01137,-0.19547,0.05144
11,0.68355,-517.0738,27,-0.0009,-0.20388,0.05018
11,0.68355,-517.0738,28,0.00665,-0.2111,0.0495
11,0.68355,-517.0738,29,0.01138,-0.21683,0.04942
11,0.68355,-517.0738,30,0.01385,-0.22088,0.04897
11,0.68355,-517.0738,31,0.01478,-0.22257,0.04915
11,0.68355,-517.0738,32,0.01468,-0.22255,0.04959
11,0.68355,-517.0738,33,0.01461,-0.22251,0.0498
11,0.68355,-517.0738,34,0.01458,-0.22249,0.0499
11,0.68355,-517.0738,35,0.01457,-0.22248,0.04994
11,0.68355,-517.0738,36,0.01456,-0.22248,0.04997
11,0.68355,-517.0738,37,0.01456,-0.22247,0.04998
11,0.68355,-517.0738,38,0.01456,-0.22247,0.04998
11,0.68355,-517.0738,39,0.01456,-0.22247,0.04998
11,0.68355,-517.0738,40,0.01456,-0.22247,0.04998
11,0.68355,-517.0738,41,0.01456,-0.22247,0.04998
11,0.68355,-517.0738,42,0.01456,-0.22247,0.04998
11,0.68355,-517.0738,43,0.01456,-0.22247,0.04998
11,0.68355,-517.0738,44,0.01456,-0.22247,0.04998
11,0.68355,-517.0738,45,0.01456,-0.22247,0.04998
11,0.68355,-517.0738,46,0.01456,-0.22247,0.04998
11,0.68355,-517.0738,47,0.01456,-0.22247,0.04998
11,0.68355,-517.0738,48,0.01456,-0.22247,0.04998
11,0.68355,-517.0738,49,0.01456,-0.22247,0.04998
11,0.68355,-517.0738,50,0.01456,-0.22247,0.04998
11,0.68355,-517.0738,51,0.01456,-0.22247,0.04998
11,0.68355,-517.0738,52,0.01456,-0.22246,0.04998
11,0.68355,-517.0738,53,0.01456,-0.22246,0.04998
11,0.68355,-517.0738,54,0.01456,-0.22246,0.04998
11,0.68355,-517.0738,55,0.01456,-0.22246,0.04998
11,0.68355,-517.0738,56,0.01456,-0.22246,0.04998
11,0.68355,-517.0738,57,0.01456,-0.22246,0.04998
11,0.68355,-517.0738,58,0.01456,-0.22246,0.04998
11,0.68355,-517.0738,59,0.01456,-0.22246,0.04998
11,0.68355,-517.0738,60,0.01456,-0.22246,0.04998
11,0.68355,-517.0738,61,0.01456,-0.22246,0.04998
11,0.68355,-517.0738,62,0.01456,-0.22246,0.04998
11,0.68355,-517.0738,63,0.01456,-0.22246,0.04998
11,0.68355,-517.0738,64,0.01456,-0.22246,0.04998
11,0.68355,-517.0738,65,0.01456,-0.22246,0.04998
11,0.68355,-517.0738,66,0.01456,-0.22246,0.04998
11,0.68355,-517.0738,67,0.01456,-0.22246,0.04998
11,0.68355,-517.0738,68,0.01456,-0.22246,0.04998
11,0.68355,-517.0738,69,0.01456,-0.22246,0.04998
11,0.68355,-517.0738,70,0.01456,-0.22246,0.04998
11,0.68355,-517.0738,71,0.01456,-0.22246,0.04998
11,0.68355,-517.0738,72,0.01456,-0.22246,0.04998
11,0.68355,-517.0738,73,0.01456,-0.22246,0.04998
11,0.68355,-517.0738,74,0.01456,-0.22246,0.04998
11,0.68355,-517.0738,75,0.01456,-0.22246,0.04998
11,0.68355,-517.0738,76,0.01456,-0.22246,0.04998
11,0.68355,-517.0738,77,0.01456,-0.22246,0.04998
11,0.68355,-517.0738,78,0.01456,-0.22246,0.04998
11,0.68355,-517.0738,79,0.01456,-0.22246,0.04998
11,0.68355,-517.0738,80,0.01456,-0.22246,0.04998
11,0.68355,-517.0738,81,0.01456,-0.22246,0.04998
11,0.68355,-517.0738,82,0.01456,-0.22246,0.04998
11,0.68355,-517.0738,83,0.01456,-0.22245,0.04998
11,0.68355,-517.0738,84,0.01456,-0.22245,0.04998
11,0.68355,-517.0738,85,0.01456,-0.22245,0.04998
11,0.68355,-517.0738,86,0.01456,-0.22245,0.04998
11,0.68355,-517.0738,87,0.01456,-0.22245,0.04998
11,0.68355,-517.0738,88,0.01456,-0.22245,0.04998
11,0.68355,-517.0738,89,0.01456,-0.22245,0.04998
11,0.68355,-517.0738,90,0.01456,-0.22245,0.04998
11,0.68355,-517.0738,91,0.01456,-0.22245,0.04998
11,0.68355,-517.0738,92,0.01456,-0.22245,0.04998
11,0.68355,-517.0738,93,0.01456,-0.22245,0.04998
11,0.68355,-517.0738,94,0.01456,-0.22245,0.04998
11,0.68355,-517.0738,95,0.01456,-0.22245,0.04998
11,0.68355,-517.0738,96,0.01456,-0.22245,0.04998
11,0.68355,-517.0738,97,0.01456,-0.22245,0.04998
11,0.68355,-517.0738,98,0.01456,-0.22245,0.04998
11,0.68355,-517.0738,99,0.01456,-0.22245,0.04998
11,0.68355,-517.0738,100,0.01456,-0.22245,0.04998
11,0.68355,-517.0738,101,0.01456,-0.22245,0.04998
12,0.68513,-503.49624,1,-0.36724,0.2163,0.58964
12,0.68513,-503.49624,2,-0.41431,0.18883,0.87559
12,0.68513,-503.49624,3,-0.39461,0.17515,0.90017
12,0.68513,-503.49624,4,-0.38277,0.1685,0.81723
12,0.68513,-503.49624,5,-0.37099,0.16189,0.72096
12,0.68513,-503.49624,6,-0.35928,0.15531,0.61146
12,0.68513,-503.49624,7,-0.34764,0.14877,0.48888
12,0.68513,-503.49624,8,-0.33607,0.14227,0.35336
12,0.68513,-503.49624,9,-0.32459,0.13582,0.20505
12,0.68513,-503.49624,10,-0.31377,0.12638,0.05651
12,0.68513,-503.49624,11,-0.29977,0.10012,0.09411
12,0.68513,-503.49624,12,-0.28567,0.07581,0.12531
12,0.68513,-503.49624,13,-0.2716,0.05158,0.14263
12,0.68513,-503.49624,14,-0.25758,0.02742,0.14613
12,0.68513,-503.49624,15,-0.24359,0.00331,0.13584
12,0.68513,-503.49624,16,-0.22965,-0.02071,0.1118
12,0.68513,-503.49624,17,-0.21484,-0.04483,0.07772
12,0.68513,-503.49624,18,-0.19216,-0.06745,0.07014
12,0.68513,-503.49624,19,-0.17342,-0.08762,0.07547
12,0.68513,-503.49624,20,-0.15696,-0.1076,0.07594
12,0.68513,-503.49624,21,-0.14132,-0.12678,0.06738
12,0.68513,-503.49624,22,-0.12998,-0.14378,0.06644
12,0.68513,-503.49624,23,-0.12059,-0.15875,0.06352
12,0.68513,-503.49624,24,-0.11296,-0.17252,0.05618
12,0.68513,-503.49624,25,-0.10585,-0.18386,0.05123
12,0.68513,-503.49624,26,-0.09914,-0.19157,0.05407
12,0.68513,-503.49624,27,-0.09336,-0.19845,0.04936
12,0.68513,-503.49624,28,-0.09006,-0.20204,0.04909
12,0.68513,-503.49624,29,-0.08809,-0.20288,0.04955
12,0.68513,-503.49624,30,-0.08804,-0.20286,0.04978
12,0.68513,-503.49624,31,-0.08805,-0.20284,0.04989
12,0.68513,-503.49624,32,-0.08804,-0.20283,0.04994
12,0.68513,-503.49624,33,-0.08804,-0.20282,0.04996
12,0.68513,-503.49624,34,-0.08804,-0.20282,0.04997
12,0.68513,-503.49624,35,-0.08804,-0.20282,0.04998
12,0.68513,-503.49624,36,-0.08804,-0.20282,0.04998
12,0.68513,-503.49624,37,-0.08804,-0.20282,0.04998
12,0.68513,-503.49624,38,-0.08804,-0.20282,0.04998
12,0.68513,-503.49624,39,-0.08804,-0.20282,0.04998
12,0.68513,-503.49624,40,-0.08804,-0.20282,0.04998
12,0.68513,-503.49624,41,-0.08804,-0.20282,0.04998
12,0.68513,-503.49624,42,-0.08804,-0.20282,0.04998
12,0.68513,-503.49624,43,-0.08804,-0.20282,0.04998
12,0.68513,-503.49624,44,-0.08804,-0.20282,0.04998
12,0.68513,-503.49624,45,-0.08804,-0.20282,0.04998
12,0.68513,-503.49624,46,-0.08804,-0.20282,0.04998
12,0.68513,-503.49624,47,-0.08804,-0.20282,0.04998
12,0.68513,-503.49624,48,-0.08804,-0.20282,0.04998
12,0.68513,-503.49624,49,-0.08804,-0.20282,0.04998
12,0.68513,-503.49624,50,-0.08804,-0.20282,0.04998
12,0.68513,-503.49624,51,-0.08804,-0.20282,0.04998
12,0.68513,-503.49624,52,-0.08804,-0.20282,0.04998
12,0.68513,-503.49624,53,-0.08804,-0.20282,0.04998
12,0.68513,-503.49624,54,-0.08804,-0.20282,0.04998
12,0.68513,-503.49624,55,-0.08804,-0.20282,0.04998
12,0.68513,-503.49624,56,-0.08804,-0.20282,0.04998
12,0.68513,-503.49624,57,-0.08804,-0.20282,0.04998
12,0.68513,-503.49624,58,-0.08804,-0.20282,0.04998
12,0.68513,-503.49624,59,-0.08804,-0.20282,0.04998
12,0.68513,-503.49624,60,-0.08804,-0.20282,0.04998
12,0.68513,-503.49624,61,-0.08804,-0.20282,0.04998
12,0.68513,-503.49624,62,-0.08804,-0.20282,0.04998
12,0.68513,-503.49624,63,-0.08804,-0.20282,0.04998
12,0.68513,-503.49624,64,-0.08804,-0.20282,0.04998
12,0.68513,-503.49624,65,-0.08804,-0.20282,0.04998
12,0.68513,-503.49624,66,-0.08804,-0.20282,0.04998
12,0.68513,-503.49624,67,-0.08804,-0.20282,0.04998
12,0.68513,-503.49624,68,-0.08804,-0.20282,0.04998
12,0.68513,-503.49624,69,-0.08804,-0.20282,0.04998
12,0.68513,-503.49624,70,-0.08804,-0.20282,0.04998
12,0.68513,-503.49624,71,-0.08804,-0.20282,0.04998
12,0.68513,-503.49624,72,-0.08804,-0.20282,0.04998
12,0.68513,-503.49624,73,-0.08804,-0.20282,0.04998
12,0.68513,-503.49624,74,-0.08804,-0.20282,0.04998
12,0.68513,-503.49624,75,-0.08804,-0.20282,0.04998
12,0.68513,-503.49624,76,-0.08804,-0.20282,0.04998
12,0.68513,-503.49624,77,-0.08804,-0.20282,0.04998
12,0.68513,-503.49624,78,-0.08804,-0.20282,0.04998
12,0.68513,-503.49624,79,-0.08804,-0.20282,0.04998
12,0.68513,-503.49624,80,-0.08804,-0.20282,0.04998
12,0.68513,-503.49624,81,-0.08804,-0.20282,0.04998
12,0.68513,-503.49624,82,-0.08804,-0.20282,0.04998
12,0.68513,-503.49624,83,-0.08804,-0.20282,0.04998
12,0.68513,-503.49624,84,-0.08804,-0.20282,0.04998
12,0.68513,-503.49624,85,-0.08804,-0.20282,0.04998
12,0.68513,-503.49624,86,-0.08804,-0.20282,0.04998
12,0.68513,-503.49624,87,-0.08804,-0.20282,0.04998
12,0.68513,-503.49624,88,-0.08804,-0.20282,0.04998
12,0.68513,-503.49624,89,-0.08804,-0.20282,0.04998
12,0.68513,-503.49624,90,-0.08804,-0.20282,0.04998
12,0.68513,-503.49624,91,-0.08804,-0.20282,0.04998
12,0.68513,-503.49624,92,-0.08804,-0.20282,0.04998
12,0.68513,-503.49624,93,-0.08804,-0.20282,0.04998
12,0.68513,-503.49624,94,-0.08804,-0.20282,0.04998
12,0.68513,-503.49624,95,-0.08804,-0.20282,0.04998
12,0.68513,-503.49624,96,-0.08804,-0.20282,0.04998
12,0.68513,-503.49624,97,-0.08804,-0.20282,0.04998
12,0.68513,-503.49624,98,-0.08804,-0.20282,0.04998
12,0.68513,-503.49624,99,-0.08804,-0.20282,0.04998
12,0.68513,-503.49624,100,-0.08804,-0.20282,0.04998
12,0.68513,-503.49624,101,-0.08804,-0.20282,0.04998
13,0.68355,-517.0738,1,-0.36724,0.2163,0.58964
13,0.68355,-517.0738,2,-0.41434,0.18882,0.8756
13,0.68355,-517.0738,3,-0.39472,0.17513,0.90031
13,0.68355,-517.0738,4,-0.38296,0.16845,0.81755
13,0.68355,-517.0738,5,-0.37126,0.16181,0.72145
13,0.68355,-517.0738,6,-0.35962,0.1552,0.61212
13,0.68355,-517.0738,7,-0.34805,0.14864,0.48971
13,0.68355,-517.0738,8,-0.33657,0.14211,0.35436
13,0.68355,-517.0738,9,-0.32516,0.13564,0.20622
13,0.68355,-517.0738,10,-0.31446,0.12614,0.05801
13,0.68355,-517.0738,11,-0.29744,0.09923,0.09938
13,0.68355,-517.0738,12,-0.27917,0.07661,0.14442
13,0.68355,-517.0738,13,-0.26095,0.05407,0.17553
13,0.68355,-517.0738,14,-0.2428,0.0316,0.19276
13,0.68355,-517.0738,15,-0.22469,0.0092,0.19617
13,0.68355,-517.0738,16,-0.20663,-0.01314,0.1858
13,0.68355,-517.0738,17,-0.18862,-0.03542,0.16167
13,0.68355,-517.0738,18,-0.17067,-0.05764,0.12385
13,0.68355,-517.0738,19,-0.15278,-0.07977,0.07239
13,0.68355,-517.0738,20,-0.12904,-0.10311,0.07695
13,0.68355,-517.0738,21,-0.10541,-0.1242,0.07779
13,0.68355,-517.0738,22,-0.08407,-0.14077,0.08481
13,0.68355,-517.0738,23,-0.06279,-0.15729,0.07803
13,0.68355,-517.0738,24,-0.04184,-0.17227,0.06362
13,0.68355,-517.0738,25,-0.02474,-0.18547,0.05397
13,0.68355,-517.0738,26,-0.01137,-0.19547,0.05144
13,0.68355,-517.0738,27,-0.0009,-0.20388,0.05018
13,0.68355,-517.0738,28,0.00665,-0.2111,0.0495
13,0.68355,-517.0738,29,0.01138,-0.21683,0.04942
13,0.68355,-517.0738,30,0.01385,-0.22088,0.04897
13,0.68355,-517.0738,31,0.01478,-0.22257,0.04915
13,0.68355,-517.0738,32,0.01468,-0.22255,0.04959
13,0.68355,-517.0738,33,0.01461,-0.22251,0.0498
13,0.68355,-517.0738,34,0.01458,-0.22249,0.0499
13,0.68355,-517.0738,35,0.01457,-0.22248,0.04994
13,0.68355,-517.0738,36,0.01456,-0.22248,0.04997
13,0.68355,-517.0738,37,0.01456,-0.22247,0.04998
13,0.68355,-517.0738,38,0.01456,-0.22247,0.04998
13,0.68355,-517.0738,39,0.01456,-0.22247,0.04998
13,0.68355,-517.0738,40,0.01456,-0.22247,0.04998
13,0.68355,-517.0738,41,0.01456,-0.22247,0.04998
13,0.68355,-517.0738,42,0.01456,-0.22247,0.04998
13,0.68355,-517.0738,43,0.01456,-0.22247,0.04998
13,0.68355,-517.0738,44,0.01456,-0.22247,0.04998
13,0.68355,-517.0738,45,0.01456,-0.22247,0.04998
13,0.68355,-517.0738,46,0.01456,-0.22247,0.04998
13,0.68355,-517.0738,47,0.01456,-0.22247,0.04998
13,0.68355,-517.0738,48,0.01456,-0.22247,0.04998
13,0.68355,-517.0738,49,0.01456,-0.22247,0.04998
13,0.68355,-517.0738,50,0.01456,-0.22247,0.04998
13,0.68355,-517.0738,51,0.01456,-0.22247,0.04998
13,0.68355,-517.0738,52,0.01456,-0.22246,0.04998
13,0.68355,-517.0738,53,0.01456,-0.22246,0.04998
13,0.68355,-517.0738,54,0.01456,-0.22246,0.04998
13,0.68355,-517.0738,55,0.01456,-0.22246,0.04998
13,0.68355,-517.0738,56,0.01456,-0.22246,0.04998
13,0.68355,-517.0738,57,0.01456,-0.22246,0.04998
13,0.68355,-517.0738,58,0.01456,-0.22246,0.04998
13,0.68355,-517.0738,59,0.01456,-0.22246,0.04998
13,0.68355,-517.0738,60,0.01456,-0.22246,0.04998
13,0.68355,-517.0738,61,0.01456,-0.22246,0.04998
13,0.68355,-517.0738,62,0.01456,-0.22246,0.04998
13,0.68355,-517.0738,63,0.01456,-0.22246,0.04998
13,0.68355,-517.0738,64,0.01456,-0.22246,0.04998
13,0.68355,-517.0738,65,0.01456,-0.22246,0.04998
13,0.68355,-517.0738,66,0.01456,-0.22246,0.04998
13,0.68355,-517.0738,67,0.01456,-0.22246,0.04998
13,0.68355,-517.0738,68,0.01456,-0.22246,0.04998
13,0.68355,-517.0738,69,0.01456,-0.22246,0.04998
13,0.68355,-517.0738,70,0.01456,-0.22246,0.04998
13,0.68355,-517.0738,71,0.01456,-0.22246,0.04998
13,0.68355,-517.0738,72,0.01456,-0.22246,0.04998
13,0.68355,-517.0738,73,0.01456,-0.22246,0.04998
13,0.68355,-517.0738,74,0.01456,-0.22246,0.04998
13,0.68355,-517.0738,75,0.01456,-0.22246,0.04998
13,0.68355,-517.0738,76,0.01456,-0.22246,0.04998
13,0.68355,-517.0738,77,0.01456,-0.22246,0.04998
13,0.68355,-517.0738,78,0.01456,-0.22246,0.04998
13,0.68355,-517.0738,79,0.01456,-0.22246,0.04998
13,0.68355,-517.0738,80,0.01456,-0.22246,0.04998
13,0.68355,-517.0738,81,0.01456,-0.22246,0.04998
13,0.68355,-517.0738,82,0.01456,-0.22246,0.04998
13,0.68355,-517.0738,83,0.01456,-0.22245,0.04998
13,0.68355,-517.0738,84,0.01456,-0.22245,0.04998
13,0.68355,-517.0738,85,0.01456,-0.22245,0.04998
13,0.68355,-517.0738,86,0.01456,-0.22245,0.04998
13,0.68355,-517.0738,87,0.01456,-0.22245,0.04998
13,0.68355,-517.0738,88,0.01456,-0.22245,0.04998
13,0.68355,-517.0738,89,0.01456,-0.22245,0.04998
13,0.68355,-517.0738,90,0.01456,-0.22245,0.04998
13,0.68355,-517.0738,91,0.01456,-0.22245,0.04998
13,0.68355,-517.0738,92,0.01456,-0.22245,0.04998
13,0.68355,-517.0738,93,0.01456,-0.22245,0.04998
13,0.68355,-517.0738,94,0.01456,-0.22245,0.04998
13,0.68355,-517.0738,95,0.01456,-0.22245,0.04998
13,0.68355,-517.0738,96,0.01456,-0.22245,0.04998
13,0.68355,-517.0738,97,0.01456,-0.22245,0.04998
13,0.68355,-517.0738,98,0.01456,-0.22245,0.04998
13,0.68355,-517.0738,99,0.01456,-0.22245,0.04998
13,0.68355,-517.0738,100,0.01456,-0.22245,0.04998
13,0.68355,-517.0738,101,0.01456,-0.22245,0.04998
14,0.68161,-486.24838,1,-0.36724,0.2163,0.58964
14,0.68161,-486.24838,2,-0.41439,0.18882,0.87561
14,0.68161,-486.24838,3,-0.39486,0.1751,0.90048
14,0.68161,-486.24838,4,-0.38319,0.16839,0.81794
14,0.68161,-486.24838,5,-0.37158,0.16171,0.72205
14,0.68161,-486.24838,6,-0.36004,0.15508,0.61294
14,0.68161,-486.24838,7,-0.34857,0.14848,0.49073
14,0.68161,-486.24838,8,-0.33717,0.14192,0.35559
14,0.68161,-486.24838,9,-0.32586,0.13541,0.20766
14,0.68161,-486.24838,10,-0.31531,0.12584,0.05985
14,0.68161,-486.24838,11,-0.29986,0.0976,0.09936
14,0.68161,-486.24838,12,-0.28344,0.07342,0.14129
14,0.68161,-486.24838,13,-0.26707,0.04933,0.1693
14,0.68161,-486.24838,14,-0.25074,0.0253,0.18345
14,0.68161,-486.24838,15,-0.23447,0.00134,0.18379
14,0.68161,-486.24838,16,-0.21823,-0.02255,0.17035
14,0.68161,-486.24838,17,-0.20205,-0.04638,0.14317
14,0.68161,-486.24838,18,-0.18592,-0.07013,0.1023
14,0.68161,-486.24838,19,-0.17078,-0.09132,0.07133
14,0.68161,-486.24838,20,-0.16023,-0.10865,0.08896
14,0.68161,-486.24838,21,-0.1497,-0.12594,0.09277
14,0.68161,-486.24838,22,-0.1392,-0.14319,0.0828
14,0.68161,-486.24838,23,-0.12879,-0.15999,0.0668
14,0.68161,-486.24838,24,-0.1212,-0.17584,0.05874
14,0.68161,-486.24838,25,-0.11317,-0.18774,0.05429
14,0.68161,-486.24838,26,-0.10547,-0.19612,0.05334
14,0.68161,-486.24838,27,-0.09882,-0.20316,0.05061
14,0.68161,-486.24838,28,-0.09342,-0.20753,0.0493
14,0.68161,-486.24838,29,-0.08927,-0.20978,0.04943
14,0.68161,-486.24838,30,-0.08686,-0.21029,0.04945
14,0.68161,-486.24838,31,-0.08677,-0.2105,0.04971
14,0.68161,-486.24838,32,-0.08697,-0.21065,0.04985
14,0.68161,-486.24838,33,-0.08697,-0.21055,0.04992
14,0.68161,-486.24838,34,-0.08698,-0.21052,0.04995
14,0.68161,-486.24838,35,-0.08698,-0.21051,0.04997
14,0.68161,-486.24838,36,-0.08698,-0.2105,0.04998
14,0.68161,-486.24838,37,-0.08698,-0.2105,0.04998
14,0.68161,-486.24838,38,-0.08698,-0.2105,0.04998
14,0.68161,-486.24838,39,-0.08698,-0.2105,0.04998
14,0.68161,-486.24838,40,-0.08698,-0.2105,0.04998
14,0.68161,-486.24838,41,-0.08698,-0.2105,0.04998
14,0.68161,-486.24838,42,-0.08698,-0.2105,0.04998
14,0.68161,-486.24838,43,-0.08698,-0.2105,0.04998
14,0.68161,-486.24838,44,-0.08698,-0.2105,0.04998
14,0.68161,-486.24838,45,-0.08698,-0.2105,0.04998
14,0.68161,-486.24838,46,-0.08698,-0.2105,0.04998
14,0.68161,-486.24838,47,-0.08698,-0.2105,0.04998
14,0.68161,-486.24838,48,-0.08698,-0.2105,0.04998
14,0.68161,-486.24838,49,-0.08698,-0.2105,0.04998
14,0.68161,-486.24838,50,-0.08698,-0.21051,0.04998
14,0.68161,-486.24838,51,-0.08698,-0.21051,0.04998
14,0.68161,-486.24838,52,-0.08697,-0.21051,0.04998
14,0.68161,-486.24838,53,-0.08697,-0.21051,0.04998
14,0.68161,-486.24838,54,-0.08697,-0.21051,0.04998
14,0.68161,-486.24838,55,-0.08697,-0.21051,0.04998
14,0.68161,-486.24838,56,-0.08697,-0.21051,0.04998
14,0.68161,-486.24838,57,-0.08697,-0.21051,0.04998
14,0.68161,-486.24838,58,-0.08697,-0.21051,0.04998
14,0.68161,-486.24838,59,-0.08697,-0.21051,0.04998
14,0.68161,-486.24838,60,-0.08697,-0.21051,0.04998
14,0.68161,-486.24838,61,-0.08697,-0.21051,0.04998
14,0.68161,-486.24838,62,-0.08697,-0.21051,0.04998
14,0.68161,-486.24838,63,-0.08697,-0.21051,0.04998
14,0.68161,-486.24838,64,-0.08697,-0.21052,0.04998
14,0.68161,-486.24838,65,-0.08696,-0.21052,0.04998
14,0.68161,-486.24838,66,-0.08696,-0.21052,0.04998
14,0.68161,-486.24838,67,-0.08696,-0.21052,0.04998
14,0.68161,-486.24838,68,-0.08696,-0.21052,0.04998
14,0.68161,-486.24838,69,-0.08696,-0.21052,0.04998
14,0.68161,-486.24838,70,-0.08696,-0.21052,0.04998
14,0.68161,-486.24838,71,-0.08696,-0.21052,0.04998
14,0.68161,-486.24838,72,-0.08696,-0.21052,0.04998
14,0.68161,-486.24838,73,-0.08696,-0.21052,0.04998
14,0.68161,-486.24838,74,-0.08696,-0.21052,0.04998
14,0.68161,-486.24838,75,-0.08696,-0.21052,0.04998
14,0.68161,-486.24838,76,-0.08696,-0.21052,0.04998
14,0.68161,-486.24838,77,-0.08696,-0.21053,0.04998
14,0.68161,-486.24838,78,-0.08696,-0.21053,0.04998
14,0.68161,-486.24838,79,-0.08695,-0.21053,0.04998
14,0.68161,-486.24838,80,-0.08695,-0.21053,0.04998
14,0.68161,-486.24838,81,-0.08695,-0.21053,0.04998
14,0.68161,-486.24838,82,-0.08695,-0.21053,0.04998
14,0.68161,-486.24838,83,-0.08695,-0.21053,0.04998
14,0.68161,-486.24838,84,-0.08695,-0.21053,0.04998
14,0.68161,-486.24838,85,-0.08695,-0.21053,0.04998
14,0.68161,-486.24838,86,-0.08695,-0.21053,0.04998
14,0.68161,-486.24838,87,-0.08695,-0.21053,0.04998
14,0.68161,-486.24838,88,-0.08695,-0.21053,0.04998
14,0.68161,-486.24838,89,-0.08695,-0.21053,0.04998
14,0.68161,-486.24838,90,-0.08695,-0.21053,0.04998
14,0.68161,-486.24838,91,-0.08695,-0.21054,0.04998
14,0.68161,-486.24838,92,-0.08695,-0.21054,0.04998
14,0.68161,-486.24838,93,-0.08694,-0.21054,0.04998
14,0.68161,-486.24838,94,-0.08694,-0.21054,0.04998
14,0.68161,-486.24838,95,-0.08694,-0.21054,0.04998
14,0.68161,-486.24838,96,-0.08694,-0.21054,0.04998
14,0.68161,-486.24838,97,-0.08694,-0.21054,0.04998
14,0.68161,-486.24838,98,-0.08694,-0.21054,0.04998
14,0.68161,-486.24838,99,-0.08694,-0.21054,0.04998
14,0.68161,-486.24838,100,-0.08694,-0.21054,0.04998
14,0.68161,-486.24838,101,-0.08694,-0.21054,0.04998
15,0.68513,-503.49624,1,-0.36724,0.2163,0.58964
15,0.68513,-503.49624,2,-0.41431,0.18883,0.87559
15,0.68513,-503.49624,3,-0.39461,0.17515,0.90017
15,0.68513,-503.49624,4,-0.38277,0.1685,0.81723
15,0.68513,-503.49624,5,-0.37099,0.16189,0.72096
15,0.68513,-503.49624,6,-0.35928,0.15531,0.61146
15,0.68513,-503.49624,7,-0.34764,0.14877,0.48888
15,0.68513,-503.49624,8,-0.33607,0.14227,0.35336
15,0.68513,-503.49624,9,-0.32459,0.13582,0.20505
15,0.68513,-503.49624,10,-0.31377,0.12638,0.05651
15,0.68513,-503.49624,11,-0.29977,0.10012,0.09411
15,0.68513,-503.49624,12,-0.28567,0.07581,0.12531
15,0.68513,-503.49624,13,-0.2716,0.05158,0.14263
15,0.68513,-503.49624,14,-0.25758,0.02742,0.14613
15,0.68513,-503.49624,15,-0.24359,0.00331,0.13584
15,0.68513,-503.49624,16,-0.22965,-0.02071,0.1118
15,0.68513,-503.49624,17,-0.21484,-0.04483,0.07772
15,0.68513,-503.49624,18,-0.19216,-0.06745,0.07014
15,0.68513,-503.49624,19,-0.17342,-0.08762,0.07547
15,0.68513,-503.49624,20,-0.15696,-0.1076,0.07594
15,0.68513,-503.49624,21,-0.14132,-0.12678,0.06738
15,0.68513,-503.49624,22,-0.12998,-0.14378,0.06644
15,0.68513,-503.49624,23,-0.12059,-0.15875,0.06352
15,0.68513,-503.49624,24,-0.11296,-0.17252,0.05618
15,0.68513,-503.49624,25,-0.10585,-0.18386,0.05123
15,0.68513,-503.49624,26,-0.09914,-0.19157,0.05407
15,0.68513,-503.49624,27,-0.09336,-0.19845,0.04936
15,0.68513,-503.49624,28,-0.09006,-0.20204,0.04909
15,0.68513,-503.49624,29,-0.08809,-0.20288,0.04955
15,0.68513,-503.49624,30,-0.08804,-0.20286,0.04978
15,0.68513,-503.49624,31,-0.08805,-0.20284,0.04989
15,0.68513,-503.49624,32,-0.08804,-0.20283,0.04994
15,0.68513,-503.49624,33,-0.08804,-0.20282,0.04996
15,0.68513,-503.49624,34,-0.08804,-0.20282,0.04997
15,0.68513,-503.49624,35,-0.08804,-0.20282,0.04998
15,0.68513,-503.49624,36,-0.08804,-0.20282,0.04998
15,0.68513,-503.49624,37,-0.08804,-0.20282,0.04998
15,0.68513,-503.49624,38,-0.08804,-0.20282,0.04998
15,0.68513,-503.49624,39,-0.08804,-0.20282,0.04998
15,0.68513,-503.49624,40,-0.08804,-0.20282,0.04998
15,0.68513,-503.49624,41,-0.08804,-0.20282,0.04998
15,0.68513,-503.49624,42,-0.08804,-0.20282,0.04998
15,0.68513,-503.49624,43,-0.08804,-0.20282,0.04998
15,0.68513,-503.49624,44,-0.08804,-0.20282,0.04998
15,0.68513,-503.49624,45,-0.08804,-0.20282,0.04998
15,0.68513,-503.49624,46,-0.08804,-0.20282,0.04998
15,0.68513,-503.49624,47,-0.08804,-0.20282,0.04998
15,0.68513,-503.49624,48,-0.08804,-0.20282,0.04998
15,0.68513,-503.49624,49,-0.08804,-0.20282,0.04998
15,0.68513,-503.49624,50,-0.08804,-0.20282,0.04998
15,0.68513,-503.49624,51,-0.08804,-0.20282,0.04998
15,0.68513,-503.49624,52,-0.08804,-0.20282,0.04998
15,0.68513,-503.49624,53,-0.08804,-0.20282,0.04998
15,0.68513,-503.49624,54,-0.08804,-0.20282,0.04998
15,0.68513,-503.49624,55,-0.08804,-0.20282,0.04998
15,0.68513,-503.49624,56,-0.08804,-0.20282,0.04998
15,0.68513,-503.49624,57,-0.08804,-0.20282,0.04998
15,0.68513,-503.49624,58,-0.08804,-0.20282,0.04998
15,0.68513,-503.49624,59,-0.08804,-0.20282,0.04998
15,0.68513,-503.49624,60,-0.08804,-0.20282,0.04998
15,0.68513,-503.49624,61,-0.08804,-0.20282,0.04998
15,0.68513,-503.49624,62,-0.08804,-0.20282,0.04998
15,0.68513,-503.49624,63,-0.08804,-0.20282,0.04998
15,0.68513,-503.49624,64,-0.08804,-0.20282,0.04998
15,0.68513,-503.49624,65,-0.08804,-0.20282,0.04998
15,0.68513,-503.49624,66,-0.08804,-0.20282,0.04998
15,0.68513,-503.49624,67,-0.08804,-0.20282,0.04998
15,0.68513,-503.49624,68,-0.08804,-0.20282,0.04998
15,0.68513,-503.49624,69,-0.08804,-0.20282,0.04998
15,0.68513,-503.49624,70,-0.08804,-0.20282,0.04998
15,0.68513,-503.49624,71,-0.08804,-0.20282,0.04998
15,0.68513,-503.49624,72,-0.08804,-0.20282,0.04998
15,0.68513,-503.49624,73,-0.08804,-0.20282,0.04998
15,0.68513,-503.49624,74,-0.08804,-0.20282,0.04998
15,0.68513,-503.49624,75,-0.08804,-0.20282,0.04998
15,0.68513,-503.49624,76,-0.08804,-0.20282,0.04998
15,0.68513,-503.49624,77,-0.08804,-0.20282,0.04998
15,0.68513,-503.49624,78,-0.08804,-0.20282,0.04998
15,0.68513,-503.49624,79,-0.08804,-0.20282,0.04998
15,0.68513,-503.49624,80,-0.08804,-0.20282,0.04998
15,0.68513,-503.49624,81,-0.08804,-0.20282,0.04998
15,0.68513,-503.49624,82,-0.08804,-0.20282,0.04998
15,0.68513,-503.49624,83,-0.08804,-0.20282,0.04998
15,0.68513,-503.49624,84,-0.08804,-0.20282,0.04998
15,0.68513,-503.49624,85,-0.08804,-0.20282,0.04998
15,0.68513,-503.49624,86,-0.08804,-0.20282,0.04998
15,0.68513,-503.49624,87,-0.08804,-0.20282,0.04998
15,0.68513,-503.49624,88,-0.08804,-0.20282,0.04998
15,0.68513,-503.49624,89,-0.08804,-0.20282,0.04998
15,0.68513,-503.49624,90,-0.08804,-0.20282,0.04998
15,0.68513,-503.49624,91,-0.08804,-0.20282,0.04998
15,0.68513,-503.49624,92,-0.08804,-0.20282,0.04998
15,0.68513,-503.49624,93,-0.08804,-0.20282,0.04998
15,0.68513,-503.49624,94,-0.08804,-0.20282,0.04998
15,0.68513,-503.49624,95,-0.08804,-0.20282,0.04998
15,0.68513,-503.49624,96,-0.08804,-0.20282,0.04998
15,0.68513,-503.49624,97,-0.08804,-0.20282,0.04998
15,0.68513,-503.49624,98,-0.08804,-0.20282,0.04998
15,0.68513,-503.49624,99,-0.08804,-0.20282,0.04998
15,0.68513,-503.49624,100,-0.08804,-0.20282,0.04998
15,0.68513,-503.49624,101,-0.08804,-0.20282,0.04998
16,0.68513,-503.49624,1,-0.36724,0.2163,0.58964
16,0.68513,-503.49624,2,-0.41431,0.18883,0.87559
16,0.68513,-503.49624,3,-0.39461,0.17515,0.90017
16,0.68513,-503.49624,4,-0.38277,0.1685,0.81723
16,0.68513,-503.49624,5,-0.37099,0.16189,0.72096
16,0.68513,-503.49624,6,-0.35928,0.15531,0.61146
16,0.68513,-503.49624,7,-0.34764,0.14877,0.48888
16,0.68513,-503.49624,8,-0.33607,0.14227,0.35336
16,0.68513,-503.49624,9,-0.32459,0.13582,0.20505
16,0.68513,-503.49624,10,-0.31377,0.12638,0.05651
16,0.68513,-503.49624,11,-0.29977,0.10012,0.09411
16,0.68513,-503.49624,12,-0.28567,0.07581,0.12531
16,0.68513,-503.49624,13,-0.2716,0.05158,0.14263
16,0.68513,-503.49624,14,-0.25758,0.02742,0.14613
16,0.68513,-503.49624,15,-0.24359,0.00331,0.13584
16,0.68513,-503.49624,16,-0.22965,-0.02071,0.1118
16,0.68513,-503.49624,17,-0.21484,-0.04483,0.07772
16,0.68513,-503.49624,18,-0.19216,-0.06745,0.07014
16,0.68513,-503.49624,19,-0.17342,-0.08762,0.07547
16,0.68513,-503.49624,20,-0.15696,-0.1076,0.07594
16,0.68513,-503.49624,21,-0.14132,-0.12678,0.06738
16,0.68513,-503.49624,22,-0.12998,-0.14378,0.06644
16,0.68513,-503.49624,23,-0.12059,-0.15875,0.06352
16,0.68513,-503.49624,24,-0.11296,-0.17252,0.05618
16,0.68513,-503.49624,25,-0.10585,-0.18386,0.05123
16,0.68513,-503.49624,26,-0.09914,-0.19157,0.05407
16,0.68513,-503.49624,27,-0.09336,-0.19845,0.04936
16,0.68513,-503.49624,28,-0.09006,-0.20204,0.04909
16,0.68513,-503.49624,29,-0.08809,-0.20288,0.04955
16,0.68513,-503.49624,30,-0.08804,-0.20286,0.04978
16,0.68513,-503.49624,31,-0.08805,-0.20284,0.04989
16,0.68513,-503.49624,32,-0.08804,-0.20283,0.04994
16,0.68513,-503.49624,33,-0.08804,-0.20282,0.04996
16,0.68513,-503.49624,34,-0.08804,-0.20282,0.04997
16,0.68513,-503.49624,35,-0.08804,-0.20282,0.04998
16,0.68513,-503.49624,36,-0.08804,-0.20282,0.04998
16,0.68513,-503.49624,37,-0.08804,-0.20282,0.04998
16,0.68513,-503.49624,38,-0.08804,-0.20282,0.04998
16,0.68513,-503.49624,39,-0.08804,-0.20282,0.04998
16,0.68513,-503.49624,40,-0.08804,-0.20282,0.04998
16,0.68513,-503.49624,41,-0.08804,-0.20282,0.04998
16,0.68513,-503.49624,42,-0.08804,-0.20282,0.04998
16,0.68513,-503.49624,43,-0.08804,-0.20282,0.04998
16,0.68513,-503.49624,44,-0.08804,-0.20282,0.04998
16,0.68513,-503.49624,45,-0.08804,-0.20282,0.04998
16,0.68513,-503.49624,46,-0.08804,-0.20282,0.04998
16,0.68513,-503.49624,47,-0.08804,-0.20282,0.04998
16,0.68513,-503.49624,48,-0.08804,-0.20282,0.04998
16,0.68513,-503.49624,49,-0.08804,-0.20282,0.04998
16,0.68513,-503.49624,50,-0.08804,-0.20282,0.04998
16,0.68513,-503.49624,51,-0.08804,-0.20282,0.04998
16,0.68513,-503.49624,52,-0.08804,-0.20282,0.04998
16,0.68513,-503.49624,53,-0.08804,-0.20282,0.04998
16,0.68513,-503.49624,54,-0.08804,-0.20282,0.04998
16,0.68513,-503.49624,55,-0.08804,-0.20282,0.04998
16,0.68513,-503.49624,56,-0.08804,-0.20282,0.04998
16,0.68513,-503.49624,57,-0.08804,-0.20282,0.04998
16,0.68513,-503.49624,58,-0.08804,-0.20282,0.04998
16,0.68513,-503.49624,59,-0.08804,-0.20282,0.04998
16,0.68513,-503.49624,60,-0.08804,-0.20282,0.04998
16,0.68513,-503.49624,61,-0.08804,-0.20282,0.04998
16,0.68513,-503.49624,62,-0.08804,-0.20282,0.04998
16,0.68513,-503.49624,63,-0.08804,-0.20282,0.04998
16,0.68513,-503.49624,64,-0.08804,-0.20282,0.04998
16,0.68513,-503.49624,65,-0.08804,-0.20282,0.04998
16,0.68513,-503.49624,66,-0.08804,-0.20282,0.04998
16,0.68513,-503.49624,67,-0.08804,-0.20282,0.04998
16,0.68513,-503.49624,68,-0.08804,-0.20282,0.04998
16,0.68513,-503.49624,69,-0.08804,-0.20282,0.04998
16,0.68513,-503.49624,70,-0.08804,-0.20282,0.04998
16,0.68513,-503.49624,71,-0.08804,-0.20282,0.04998
16,0.68513,-503.49624,72,-0.08804,-0.20282,0.04998
16,0.68513,-503.49624,73,-0.08804,-0.20282,0.04998
16,0.68513,-503.49624,74,-0.08804,-0.20282,0.04998
16,0.68513,-503.49624,75,-0.08804,-0.20282,0.04998
16,0.68513,-503.49624,76,-0.08804,-0.20282,0.04998
16,0.68513,-503.49624,77,-0.08804,-0.20282,0.04998
16,0.68513,-503.49624,78,-0.08804,-0.20282,0.04998
16,0.68513,-503.49624,79,-0.08804,-0.20282,0.04998
16,0.68513,-503.49624,80,-0.08804,-0.20282,0.04998
16,0.68513,-503.49624,81,-0.08804,-0.20282,0.04998
16,0.68513,-503.49624,82,-0.08804,-0.20282,0.04998
16,0.68513,-503.49624,83,-0.08804,-0.20282,0.04998
16,0.68513,-503.49624,84,-0.08804,-0.20282,0.04998
16,0.68513,-503.49624,85,-0.08804,-0.20282,0.04998
16,0.68513,-503.49624,86,-0.08804,-0.20282,0.04998
16,0.68513,-503.49624,87,-0.08804,-0.20282,0.04998
16,0.68513,-503.49624,88,-0.08804,-0.20282,0.04998
16,0.68513,-503.49624,89,-0.08804,-0.20282,0.04998
16,0.68513,-503.49624,90,-0.08804,-0.20282,0.04998
16,0.68513,-503.49624,91,-0.08804,-0.20282,0.04998
16,0.68513,-503.49624,92,-0.08804,-0.20282,0.04998
16,0.68513,-503.49624,93,-0.08804,-0.20282,0.04998
16,0.68513,-503.49624,94,-0.08804,-0.20282,0.04998
16,0.68513,-503.49624,95,-0.08804,-0.20282,0.04998
16,0.68513,-503.49624,96,-0.08804,-0.20282,0.04998
16,0.68513,-503.49624,97,-0.08804,-0.20282,0.04998
16,0.68513,-503.49624,98,-0.08804,-0.20282,0.04998
16,0.68513,-503.49624,99,-0.08804,-0.20282,0.04998
16,0.68513,-503.49624,100,-0.08804,-0.20282,0.04998
16,0.68513,-503.49624,101,-0.08804,-0.20282,0.04998
17,0.68355,-517.0738,1,-0.36724,0.2163,0.58964
17,0.68355,-517.0738,2,-0.41434,0.18882,0.8756
17,0.68355,-517.0738,3,-0.39472,0.17513,0.90031
17,0.68355,-517.0738,4,-0.38296,0.16845,0.81755
17,0.68355,-517.0738,5,-0.37126,0.16181,0.72145
17,0.68355,-517.0738,6,-0.35962,0.1552,0.61212
17,0.68355,-517.0738,7,-0.34805,0.14864,0.48971
17,0.68355,-517.0738,8,-0.33657,0.14211,0.35436
17,0.68355,-517.0738,9,-0.32516,0.13564,0.20622
17,0.68355,-517.0738,10,-0.31446,0.12614,0.05801
17,0.68355,-517.0738,11,-0.29744,0.09923,0.09938
17,0.68355,-517.0738,12,-0.27917,0.07661,0.14442
17,0.68355,-517.0738,13,-0.26095,0.05407,0.17553
17,0.68355,-517.0738,14,-0.2428,0.0316,0.19276
17,0.68355,-517.0738,15,-0.22469,0.0092,0.19617
17,0.68355,-517.0738,16,-0.20663,-0.01314,0.1858
17,0.68355,-517.0738,17,-0.18862,-0.03542,0.16167
17,0.68355,-517.0738,18,-0.17067,-0.05764,0.12385
17,0.68355,-517.0738,19,-0.15278,-0.07977,0.07239
17,0.68355,-517.0738,20,-0.12904,-0.10311,0.07695
17,0.68355,-517.0738,21,-0.10541,-0.1242,0.07779
17,0.68355,-517.0738,22,-0.08407,-0.14077,0.08481
17,0.68355,-517.0738,23,-0.06279,-0.15729,0.07803
17,0.68355,-517.0738,24,-0.04184,-0.17227,0.06362
17,0.68355,-517.0738,25,-0.02474,-0.18547,0.05397
17,0.68355,-517.0738,26,-0.01137,-0.19547,0.05144
17,0.68355,-517.0738,27,-0.0009,-0.20388,0.05018
17,0.68355,-517.0738,28,0.00665,-0.2111,0.0495
17,0.68355,-517.0738,29,0.01138,-0.21683,0.04942
17,0.68355,-517.0738,30,0.01385,-0.22088,0.04897
17,0.68355,-517.0738,31,0.01478,-0.22257,0.04915
17,0.68355,-517.0738,32,0.01468,-0.22255,0.04959
17,0.68355,-517.0738,33,0.01461,-0.22251,0.0498
17,0.68355,-517.0738,34,0.01458,-0.22249,0.0499
17,0.68355,-517.0738,35,0.01457,-0.22248,0.04994
17,0.68355,-517.0738,36,0.01456,-0.22248,0.04997
17,0.68355,-517.0738,37,0.01456,-0.22247,0.04998
17,0.68355,-517.0738,38,0.01456,-0.22247,0.04998
17,0.68355,-517.0738,39,0.01456,-0.22247,0.04998
17,0.68355,-517.0738,40,0.01456,-0.22247,0.04998
17,0.68355,-517.0738,41,0.01456,-0.22247,0.04998
17,0.68355,-517.0738,42,0.01456,-0.22247,0.04998
17,0.68355,-517.0738,43,0.01456,-0.22247,0.04998
17,0.68355,-517.0738,44,0.01456,-0.22247,0.04998
17,0.68355,-517.0738,45,0.01456,-0.22247,0.04998
17,0.68355,-517.0738,46,0.01456,-0.22247,0.04998
17,0.68355,-517.0738,47,0.01456,-0.22247,0.04998
17,0.68355,-517.0738,48,0.01456,-0.22247,0.04998
17,0.68355,-517.0738,49,0.01456,-0.22247,0.04998
17,0.68355,-517.0738,50,0.01456,-0.22247,0.04998
17,0.68355,-517.0738,51,0.01456,-0.22247,0.04998
17,0.68355,-517.0738,52,0.01456,-0.22246,0.04998
17,0.68355,-517.0738,53,0.01456,-0.22246,0.04998
17,0.68355,-517.0738,54,0.01456,-0.22246,0.04998
17,0.68355,-517.0738,55,0.01456,-0.22246,0.04998
17,0.68355,-517.0738,56,0.01456,-0.22246,0.04998
17,0.68355,-517.0738,57,0.01456,-0.22246,0.04998
17,0.68355,-517.0738,58,0.01456,-0.22246,0.04998
17,0.68355,-517.0738,59,0.01456,-0.22246,0.04998
17,0.68355,-517.0738,60,0.01456,-0.22246,0.04998
17,0.68355,-517.0738,61,0.01456,-0.22246,0.04998
17,0.68355,-517.0738,62,0.01456,-0.22246,0.04998
17,0.68355,-517.0738,63,0.01456,-0.22246,0.04998
17,0.68355,-517.0738,64,0.01456,-0.22246,0.04998
17,0.68355,-517.0738,65,0.01456,-0.22246,0.04998
17,0.68355,-517.0738,66,0.01456,-0.22246,0.04998
17,0.68355,-517.0738,67,0.01456,-0.22246,0.04998
17,0.68355,-517.0738,68,0.01456,-0.22246,0.04998
17,0.68355,-517.0738,69,0.01456,-0.22246,0.04998
17,0.68355,-517.0738,70,0.01456,-0.22246,0.04998
17,0.68355,-517.0738,71,0.01456,-0.22246,0.04998
17,0.68355,-517.0738,72,0.01456,-0.22246,0.04998
17,0.68355,-517.0738,73,0.01456,-0.22246,0.04998
17,0.68355,-517.0738,74,0.01456,-0.22246,0.04998
17,0.68355,-517.0738,75,0.01456,-0.22246,0.04998
17,0.68355,-517.0738,76,0.01456,-0.22246,0.04998
17,0.68355,-517.0738,77,0.01456,-0.22246,0.04998
17,0.68355,-517.0738,78,0.01456,-0.22246,0.04998
17,0.68355,-517.0738,79,0.01456,-0.22246,0.04998
17,0.68355,-517.0738,80,0.01456,-0.22246,0.04998
17,0.68355,-517.0738,81,0.01456,-0.22246,0.04998
17,0.68355,-517.0738,82,0.01456,-0.22246,0.04998
17,0.68355,-517.0738,83,0.01456,-0.22245,0.04998
17,0.68355,-517.0738,84,0.01456,-0.22245,0.04998
17,0.68355,-517.0738,85,0.01456,-0.22245,0.04998
17,0.68355,-517.0738,86,0.01456,-0.22245,0.04998
17,0.68355,-517.0738,87,0.01456,-0.22245,0.04998
17,0.68355,-517.0738,88,0.01456,-0.22245,0.04998
17,0.68355,-517.0738,89,0.01456,-0.22245,0.04998
17,0.68355,-517.0738,90,0.01456,-0.22245,0.04998
17,0.68355,-517.0738,91,0.01456,-0.22245,0.04998
17,0.68355,-517.0738,92,0.01456,-0.22245,0.04998
17,0.68355,-517.0738,93,0.01456,-0.22245,0.04998
17,0.68355,-517.0738,94,0.01456,-0.22245,0.04998
17,0.68355,-517.0738,95,0.01456,-0.22245,0.04998
17,0.68355,-517.0738,96,0.01456,-0.22245,0.04998
17,0.68355,-517.0738,97,0.01456,-0.22245,0.04998
17,0.68355,-517.0738,98,0.01456,-0.22245,0.04998
17,0.68355,-517.0738,99,0.01456,-0.22245,0.04998
17,0.68355,-517.0738,100,0.01456,-0.22245,0.04998
17,0.68355,-517.0738,101,0.01456,-0.22245,0.04998
18,0.68513,-503.49624,1,-0.36724,0.2163,0.58964
18,0.68513,-503.49624,2,-0.41431,0.18883,0.87559
18,0.68513,-503.49624,3,-0.39461,0.17515,0.90017
18,0.68513,-503.49624,4,-0.38277,0.1685,0.81723
18,0.68513,-503.49624,5,-0.37099,0.16189,0.72096
18,0.68513,-503.49624,6,-0.35928,0.15531,0.61146
18,0.68513,-503.49624,7,-0.34764,0.14877,0.48888
18,0.68513,-503.49624,8,-0.33607,0.14227,0.35336
18,0.68513,-503.49624,9,-0.32459,0.13582,0.20505
18,0.68513,-503.49624,10,-0.31377,0.12638,0.05651
18,0.68513,-503.49624,11,-0.29977,0.10012,0.09411
18,0.68513,-503.49624,12,-0.28567,0.07581,0.12531
18,0.68513,-503.49624,13,-0.2716,0.05158,0.14263
18,0.68513,-503.49624,14,-0.25758,0.02742,0.14613
18,0.68513,-503.49624,15,-0.24359,0.00331,0.13584
18,0.68513,-503.49624,16,-0.22965,-0.02071,0.1118
18,0.68513,-503.49624,17,-0.21484,-0.04483,0.07772
18,0.68513,-503.49624,18,-0.19216,-0.06745,0.07014
18,0.68513,-503.49624,19,-0.17342,-0.08762,0.07547
18,0.68513,-503.49624,20,-0.15696,-0.1076,0.07594
18,0.68513,-503.49624,21,-0.14132,-0.12678,0.06738
18,0.68513,-503.49624,22,-0.12998,-0.14378,0.06644
18,0.68513,-503.49624,23,-0.12059,-0.15875,0.06352
18,0.68513,-503.49624,24,-0.11296,-0.17252,0.05618
18,0.68513,-503.49624,25,-0.10585,-0.18386,0.05123
18,0.68513,-503.49624,26,-0.09914,-0.19157,0.05407
18,0.68513,-503.49624,27,-0.09336,-0.19845,0.04936
18,0.68513,-503.49624,28,-0.09006,-0.20204,0.04909
18,0.68513,-503.49624,29,-0.08809,-0.20288,0.04955
18,0.68513,-503.49624,30,-0.08804,-0.20286,0.04978
18,0.68513,-503.49624,31,-0.08805,-0.20284,0.04989
18,0.68513,-503.49624,32,-0.08804,-0.20283,0.04994
18,0.68513,-503.49624,33,-0.08804,-0.20282,0.04996
18,0.68513,-503.49624,34,-0.08804,-0.20282,0.04997
18,0.68513,-503.49624,35,-0.08804,-0.20282,0.04998
18,0.68513,-503.49624,36,-0.08804,-0.20282,0.04998
18,0.68513,-503.49624,37,-0.08804,-0.20282,0.04998
18,0.68513,-503.49624,38,-0.08804,-0.20282,0.04998
18,0.68513,-503.49624,39,-0.08804,-0.20282,0.04998
18,0.68513,-503.49624,40,-0.08804,-0.20282,0.04998
18,0.68513,-503.49624,41,-0.08804,-0.20282,0.04998
18,0.68513,-503.49624,42,-0.08804,-0.20282,0.04998
18,0.68513,-503.49624,43,-0.08804,-0.20282,0.04998
18,0.68513,-503.49624,44,-0.08804,-0.20282,0.04998
18,0.68513,-503.49624,45,-0.08804,-0.20282,0.04998
18,0.68513,-503.49624,46,-0.08804,-0.20282,0.04998
18,0.68513,-503.49624,47,-0.08804,-0.20282,0.04998
18,0.68513,-503.49624,48,-0.08804,-0.20282,0.04998
18,0.68513,-503.49624,49,-0.08804,-0.20282,0.04998
18,0.68513,-503.49624,50,-0.08804,-0.20282,0.04998
18,0.68513,-503.49624,51,-0.08804,-0.20282,0.04998
18,0.68513,-503.49624,52,-0.08804,-0.20282,0.04998
18,0.68513,-503.49624,53,-0.08804,-0.20282,0.04998
18,0.68513,-503.49624,54,-0.08804,-0.20282,0.04998
18,0.68513,-503.49624,55,-0.08804,-0.20282,0.04998
18,0.68513,-503.49624,56,-0.08804,-0.20282,0.04998
18,0.68513,-503.49624,57,-0.08804,-0.20282,0.04998
18,0.68513,-503.49624,58,-0.08804,-0.20282,0.04998
18,0.68513,-503.49624,59,-0.08804,-0.20282,0.04998
18,0.68513,-503.49624,60,-0.08804,-0.20282,0.04998
18,0.68513,-503.49624,61,-0.08804,-0.20282,0.04998
18,0.68513,-503.49624,62,-0.08804,-0.20282,0.04998
18,0.68513,-503.49624,63,-0.08804,-0.20282,0.04998
18,0.68513,-503.49624,64,-0.08804,-0.20282,0.04998
18,0.68513,-503.49624,65,-0.08804,-0.20282,0.04998
18,0.68513,-503.49624,66,-0.08804,-0.20282,0.04998
18,0.68513,-503.49624,67,-0.08804,-0.20282,0.04998
18,0.68513,-503.49624,68,-0.08804,-0.20282,0.04998
18,0.68513,-503.49624,69,-0.08804,-0.20282,0.04998
18,0.68513,-503.49624,70,-0.08804,-0.20282,0.04998
18,0.68513,-503.49624,71,-0.08804,-0.20282,0.04998
18,0.68513,-503.49624,72,-0.08804,-0.20282,0.04998
18,0.68513,-503.49624,73,-0.08804,-0.20282,0.04998
18,0.68513,-503.49624,74,-0.08804,-0.20282,0.04998
18,0.68513,-503.49624,75,-0.08804,-0.20282,0.04998
18,0.68513,-503.49624,76,-0.08804,-0.20282,0.04998
18,0.68513,-503.49624,77,-0.08804,-0.20282,0.04998
18,0.68513,-503.49624,78,-0.08804,-0.20282,0.04998
18,0.68513,-503.49624,79,-0.08804,-0.20282,0.04998
18,0.68513,-503.49624,80,-0.08804,-0.20282,0.04998
18,0.68513,-503.49624,81,-0.08804,-0.20282,0.04998
18,0.68513,-503.49624,82,-0.08804,-0.20282,0.04998
18,0.68513,-503.49624,83,-0.08804,-0.20282,0.04998
18,0.68513,-503.49624,84,-0.08804,-0.20282,0.04998
18,0.68513,-503.49624,85,-0.08804,-0.20282,0.04998
18,0.68513,-503.49624,86,-0.08804,-0.20282,0.04998
18,0.68513,-503.49624,87,-0.08804,-0.20282,0.04998
18,0.68513,-503.49624,88,-0.08804,-0.20282,0.04998
18,0.68513,-503.49624,89,-0.08804,-0.20282,0.04998
18,0.68513,-503.49624,90,-0.08804,-0.20282,0.04998
18,0.68513,-503.49624,91,-0.08804,-0.20282,0.04998
18,0.68513,-503.49624,92,-0.08804,-0.20282,0.04998
18,0.68513,-503.49624,93,-0.08804,-0.20282,0.04998
18,0.68513,-503.49624,94,-0.08804,-0.20282,0.04998
18,0.68513,-503.49624,95,-0.08804,-0.20282,0.04998
18,0.68513,-503.49624,96,-0.08804,-0.20282,0.04998
18,0.68513,-503.49624,97,-0.08804,-0.20282,0.04998
18,0.68513,-503.49624,98,-0.08804,-0.20282,0.04998
18,0.68513,-503.49624,99,-0.08804,-0.20282,0.04998
18,0.68513,-503.49624,100,-0.08804,-0.20282,0.04998
18,0.68513,-503.49624,101,-0.08804,-0.20282,0.04998
19,0.68355,-517.0738,1,-0.36724,0.2163,0.58964
19,0.68355,-517.0738,2,-0.41434,0.18882,0.8756
19,0.68355,-517.0738,3,-0.39472,0.17513,0.90031
19,0.68355,-517.0738,4,-0.38296,0.16845,0.81755
19,0.68355,-517.0738,5,-0.37126,0.16181,0.72145
19,0.68355,-517.0738,6,-0.35962,0.1552,0.61212
19,0.68355,-517.0738,7,-0.34805,0.14864,0.48971
19,0.68355,-517.0738,8,-0.33657,0.14211,0.35436
19,0.68355,-517.0738,9,-0.32516,0.13564,0.20622
19,0.68355,-517.0738,10,-0.31446,0.12614,0.05801
19,0.68355,-517.0738,11,-0.29744,0.09923,0.09938
19,0.68355,-517.0738,12,-0.27917,0.07661,0.14442
19,0.68355,-517.0738,13,-0.26095,0.05407,0.17553
19,0.68355,-517.0738,14,-0.2428,0.0316,0.19276
19,0.68355,-517.0738,15,-0.22469,0.0092,0.19617
19,0.68355,-517.0738,16,-0.20663,-0.01314,0.1858
19,0.68355,-517.0738,17,-0.18862,-0.03542,0.16167
19,0.68355,-517.0738,18,-0.17067,-0.05764,0.12385
19,0.68355,-517.0738,19,-0.15278,-0.07977,0.07239
19,0.68355,-517.0738,20,-0.12904,-0.10311,0.07695
19,0.68355,-517.0738,21,-0.10541,-0.1242,0.07779
19,0.68355,-517.0738,22,-0.08407,-0.14077,0.08481
19,0.68355,-517.0738,23,-0.06279,-0.15729,0.07803
19,0.68355,-517.0738,24,-0.04184,-0.17227,0.06362
19,0.68355,-517.0738,25,-0.02474,-0.18547,0.05397
19,0.68355,-517.0738,26,-0.01137,-0.19547,0.05144
19,0.68355,-517.0738,27,-0.0009,-0.20388,0.05018
19,0.68355,-517.0738,28,0.00665,-0.2111,0.0495
19,0.68355,-517.0738,29,0.01138,-0.21683,0.04942
19,0.68355,-517.0738,30,0.01385,-0.22088,0.04897
19,0.68355,-517.0738,31,0.01478,-0.22257,0.04915
19,0.68355,-517.0738,32,0.01468,-0.22255,0.04959
19,0.68355,-517.0738,33,0.01461,-0.22251,0.0498
19,0.68355,-517.0738,34,0.01458,-0.22249,0.0499
19,0.68355,-517.0738,35,0.01457,-0.22248,0.04994
19,0.68355,-517.0738,36,0.01456,-0.22248,0.04997
19,0.68355,-517.0738,37,0.01456,-0.22247,0.04998
19,0.68355,-517.0738,38,0.01456,-0.22247,0.04998
19,0.68355,-517.0738,39,0.01456,-0.22247,0.04998
19,0.68355,-517.0738,40,0.01456,-0.22247,0.04998
19,0.68355,-517.0738,41,0.01456,-0.22247,0.04998
19,0.68355,-517.0738,42,0.01456,-0.22247,0.04998
19,0.68355,-517.0738,43,0.01456,-0.22247,0.04998
19,0.68355,-517.0738,44,0.01456,-0.22247,0.04998
19,0.68355,-517.0738,45,0.01456,-0.22247,0.04998
19,0.68355,-517.0738,46,0.01456,-0.22247,0.04998
19,0.68355,-517.0738,47,0.01456,-0.22247,0.04998
19,0.68355,-517.0738,48,0.01456,-0.22247,0.04998
19,0.68355,-517.0738,49,0.01456,-0.22247,0.04998
19,0.68355,-517.0738,50,0.01456,-0.22247,0.04998
19,0.68355,-517.0738,51,0.01456,-0.22247,0.04998
19,0.68355,-517.0738,52,0.01456,-0.22246,0.04998
19,0.68355,-517.0738,53,0.01456,-0.22246,0.04998
19,0.68355,-517.0738,54,0.01456,-0.22246,0.04998
19,0.68355,-517.0738,55,0.01456,-0.22246,0.04998
19,0.68355,-517.0738,56,0.01456,-0.22246,0.04998
19,0.68355,-517.0738,57,0.01456,-0.22246,0.04998
19,0.68355,-517.0738,58,0.01456,-0.22246,0.04998
19,0.68355,-517.0738,59,0.01456,-0.22246,0.04998
19,0.68355,-517.0738,60,0.01456,-0.22246,0.04998
19,0.68355,-517.0738,61,0.01456,-0.22246,0.04998
19,0.68355,-517.0738,62,0.01456,-0.22246,0.04998
19,0.68355,-517.0738,63,0.01456,-0.22246,0.04998
19,0.68355,-517.0738,64,0.01456,-0.22246,0.04998
19,0.68355,-517.0738,65,0.01456,-0.22246,0.04998
19,0.68355,-517.0738,66,0.01456,-0.22246,0.04998
19,0.68355,-517.0738,67,0.01456,-0.22246,0.04998
19,0.68355,-517.0738,68,0.01456,-0.22246,0.04998
19,0.68355,-517.0738,69,0.01456,-0.22246,0.04998
19,0.68355,-517.0738,70,0.01456,-0.22246,0.04998
19,0.68355,-517.0738,71,0.01456,-0.22246,0.04998
19,0.68355,-517.0738,72,0.01456,-0.22246,0.04998
19,0.68355,-517.0738,73,0.01456,-0.22246,0.04998
19,0.68355,-517.0738,74,0.01456,-0.22246,0.04998
19,0.68355,-517.0738,75,0.01456,-0.22246,0.04998
19,0.68355,-517.0738,76,0.01456,-0.22246,0.04998
19,0.68355,-517.0738,77,0.01456,-0.22246,0.04998
19,0.68355,-517.0738,78,0.01456,-0.22246,0.04998
19,0.68355,-517.0738,79,0.01456,-0.22246,0.04998
19,0.68355,-517.0738,80,0.01456,-0.22246,0.04998
19,0.68355,-517.0738,81,0.01456,-0.22246,0.04998
19,0.68355,-517.0738,82,0.01456,-0.22246,0.04998
19,0.68355,-517.0738,83,0.01456,-0.22245,0.04998
19,0.68355,-517.0738,84,0.01456,-0.22245,0.04998
19,0.68355,-517.0738,85,0.01456,-0.22245,0.04998
19,0.68355,-517.0738,86,0.01456,-0.22245,0.04998
19,0.68355,-517.0738,87,0.01456,-0.22245,0.04998
19,0.68355,-517.0738,88,0.01456,-0.22245,0.04998
19,0.68355,-517.0738,89,0.01456,-0.22245,0.04998
19,0.68355,-517.0738,90,0.01456,-0.22245,0.04998
19,0.68355,-517.0738,91,0.01456,-0.22245,0.04998
19,0.68355,-517.0738,92,0.01456,-0.22245,0.04998
19,0.68355,-517.0738,93,0.01456,-0.22245,0.04998
19,0.68355,-517.0738,94,0.01456,-0.22245,0.04998
19,0.68355,-517.0738,95,0.01456,-0.22245,0.04998
19,0.68355,-517.0738,96,0.01456,-0.22245,0.04998
19,0.68355,-517.0738,97,0.01456,-0.22245,0.04998
19,0.68355,-517.0738,98,0.01456,-0.22245,0.04998
19,0.68355,-517.0738,99,0.01456,-0.22245,0.04998
19,0.68355,-517.0738,100,0.01456,-0.22245,0.04998
19,0.68355,-517.0738,101,0.01456,-0.22245,0.04998
20,0.68355,-517.0738,1,-0.36724,0.2163,0.58964
20,0.68355,-517.0738,2,-0.41434,0.18882,0.8756
20,0.68355,-517.0738,3,-0.39472,0.17513,0.90031
20,0.68355,-517.0738,4,-0.38296,0.16845,0.81755
20,0.68355,-517.0738,5,-0.37126,0.16181,0.72145
20,0.68355,-517.0738,6,-0.35962,0.1552,0.61212
20,0.68355,-517.0738,7,-0.34805,0.14864,0.48971
20,0.68355,-517.0738,8,-0.33657,0.14211,0.35436
20,0.68355,-517.0738,9,-0.32516,0.13564,0.20622
20,0.68355,-517.0738,10,-0.31446,0.12614,0.05801
20,0.68355,-517.0738,11,-0.29744,0.09923,0.09938
20,0.68355,-517.0738,12,-0.27917,0.07661,0.14442
20,0.68355,-517.0738,13,-0.26095,0.05407,0.17553
20,0.68355,-517.0738,14,-0.2428,0.0316,0.19276
20,0.68355,-517.0738,15,-0.22469,0.0092,0.19617
20,0.68355,-517.0738,16,-0.20663,-0.01314,0.1858
20,0.68355,-517.0738,17,-0.18862,-0.03542,0.16167
20,0.68355,-517.0738,18,-0.17067,-0.05764,0.12385
20,0.68355,-517.0738,19,-0.15278,-0.07977,0.07239
20,0.68355,-517.0738,20,-0.12904,-0.10311,0.07695
20,0.68355,-517.0738,21,-0.10541,-0.1242,0.07779
20,0.68355,-517.0738,22,-0.08407,-0.14077,0.08481
20,0.68355,-517.0738,23,-0.06279,-0.15729,0.07803
20,0.68355,-517.0738,24,-0.04184,-0.17227,0.06362
20,0.68355,-517.0738,25,-0.02474,-0.18547,0.05397
20,0.68355,-517.0738,26,-0.01137,-0.19547,0.05144
20,0.68355,-517.0738,27,-0.0009,-0.20388,0.05018
20,0.68355,-517.0738,28,0.00665,-0.2111,0.0495
20,0.68355,-517.0738,29,0.01138,-0.21683,0.04942
20,0.68355,-517.0738,30,0.01385,-0.22088,0.04897
20,0.68355,-517.0738,31,0.01478,-0.22257,0.04915
20,0.68355,-517.0738,32,0.01468,-0.22255,0.04959
20,0.68355,-517.0738,33,0.01461,-0.22251,0.0498
20,0.68355,-517.0738,34,0.01458,-0.22249,0.0499
20,0.68355,-517.0738,35,0.01457,-0.22248,0.04994
20,0.68355,-517.0738,36,0.01456,-0.22248,0.04997
20,0.68355,-517.0738,37,0.01456,-0.22247,0.04998
20,0.68355,-517.0738,38,0.01456,-0.22247,0.04998
20,0.68355,-517.0738,39,0.01456,-0.22247,0.04998
20,0.68355,-517.0738,40,0.01456,-0.22247,0.04998
20,0.68355,-517.0738,41,0.01456,-0.22247,0.04998
20,0.68355,-517.0738,42,0.01456,-0.22247,0.04998
20,0.68355,-517.0738,43,0.01456,-0.22247,0.04998
20,0.68355,-517.0738,44,0.01456,-0.22247,0.04998
20,0.68355,-517.0738,45,0.01456,-0.22247,0.04998
20,0.68355,-517.0738,46,0.01456,-0.22247,0.04998
20,0.68355,-517.0738,47,0.01456,-0.22247,0.04998
20,0.68355,-517.0738,48,0.01456,-0.22247,0.04998
20,0.68355,-517.0738,49,0.01456,-0.22247,0.04998
20,0.68355,-517.0738,50,0.01456,-0.22247,0.04998
20,0.68355,-517.0738,51,0.01456,-0.22247,0.04998
20,0.68355,-517.0738,52,0.01456,-0.22246,0.04998
20,0.68355,-517.0738,53,0.01456,-0.22246,0.04998
20,0.68355,-517.0738,54,0.01456,-0.22246,0.04998
20,0.68355,-517.0738,55,0.01456,-0.22246,0.04998
20,0.68355,-517.0738,56,0.01456,-0.22246,0.04998
20,0.68355,-517.0738,57,0.01456,-0.22246,0.04998
20,0.68355,-517.0738,58,0.01456,-0.22246,0.04998
20,0.68355,-517.0738,59,0.01456,-0.22246,0.04998
20,0.68355,-517.0738,60,0.01456,-0.22246,0.04998
20,0.68355,-517.0738,61,0.01456,-0.22246,0.04998
20,0.68355,-517.0738,62,0.01456,-0.22246,0.04998
20,0.68355,-517.0738,63,0.01456,-0.22246,0.04998
20,0.68355,-517.0738,64,0.01456,-0.22246,0.04998
20,0.68355,-517.0738,65,0.01456,-0.22246,0.04998
20,0.68355,-517.0738,66,0.01456,-0.22246,0.04998
20,0.68355,-517.0738,67,0.01456,-0.22246,0.04998
20,0.68355,-517.0738,68,0.01456,-0.22246,0.04998
20,0.68355,-517.0738,69,0.01456,-0.22246,0.04998
20,0.68355,-517.0738,70,0.01456,-0.22246,0.04998
20,0.68355,-517.0738,71,0.01456,-0.22246,0.04998
20,0.68355,-517.0738,72,0.01456,-0.22246,0.04998
20,0.68355,-517.0738,73,0.01456,-0.22246,0.04998
20,0.68355,-517.0738,74,0.01456,-0.22246,0.04998
20,0.68355,-517.0738,75,0.01456,-0.22246,0.04998
20,0.68355,-517.0738,76,0.01456,-0.22246,0.04998
20,0.68355,-517.0738,77,0.01456,-0.22246,0.04998
20,0.68355,-517.0738,78,0.01456,-0.22246,0.04998
20,0.68355,-517.0738,79,0.01456,-0.22246,0.04998
20,0.68355,-517.0738,80,0.01456,-0.22246,0.04998
20,0.68355,-517.0738,81,0.01456,-0.22246,0.04998
20,0.68355,-517.0738,82,0.01456,-0.22246,0.04998
20,0.68355,-517.0738,83,0.01456,-0.22245,0.04998
20,0.68355,-517.0738,84,0.01456,-0.22245,0.04998
20,0.68355,-517.0738,85,0.01456,-0.22245,0.04998
20,0.68355,-517.0738,86,0.01456,-0.22245,0.04998
20,0.68355,-517.0738,87,0.01456,-0.22245,0.04998
20,0.68355,-517.0738,88,0.01456,-0.22245,0.04998
20,0.68355,-517.0738,89,0.01456,-0.22245,0.04998
20,0.68355,-517.0738,90,0.01456,-0.22245,0.04998
20,0.68355,-517.0738,91,0.01456,-0.22245,0.04998
20,0.68355,-517.0738,92,0.01456,-0.22245,0.04998
20,0.68355,-517.0738,93,0.01456,-0.22245,0.04998
20,0.68355,-517.0738,94,0.01456,-0.22245,0.04998
20,0.68355,-517.0738,95,0.01456,-0.22245,0.04998
20,0.68355,-517.0738,96,0.01456,-0.22245,0.04998
20,0.68355,-517.0738,97,0.01456,-0.22245,0.04998
20,0.68355,-517.0738,98,0.01456,-0.22245,0.04998
20,0.68355,-517.0738,99,0.01456,-0.22245,0.04998
20,0.68355,-517.0738,100,0.01456,-0.22245,0.04998
20,0.68355,-517.0738,101,0.01456,-0.22245,0.04998
