particle,elasticity,weight,frame,x,y,z
1,0.72467,686.62213,1,-0.32475,-0.03392,0.12275
1,0.72467,686.62213,2,-0.30202,0.05752,0.2768
1,0.72467,686.62213,3,-0.11782,0.0772,0.19062
1,0.72467,686.62213,4,-0.07881,0.20864,0.2561
1,0.72467,686.62213,5,0.0656,0.22251,0.44229
1,0.72467,686.62213,6,0.05159,0.27939,0.54111
1,0.72467,686.62213,7,0.24146,0.35627,0.56642
1,0.72467,686.62213,8,0.28796,0.30618,0.64812
1,0.72467,686.62213,9,0.35947,0.3532,0.67051
1,0.72467,686.62213,10,0.41041,0.2696,0.78651
1,0.72467,686.62213,11,0.35207,0.36799,0.88418
1,0.72467,686.62213,12,0.32336,0.38614,0.9001
1,0.72467,686.62213,13,0.28216,0.31421,0.82362
1,0.72467,686.62213,14,0.12905,0.26806,0.78116
1,0.72467,686.62213,15,0.07385,0.21732,0.72072
1,0.72467,686.62213,16,0.05955,0.2233,0.65924
1,0.72467,686.62213,17,-0.03576,0.23305,0.491
1,0.72467,686.62213,18,-0.11363,0.22437,0.37754
1,0.72467,686.62213,19,-0.13616,0.2035,0.32789
1,0.72467,686.62213,20,-0.23615,0.24602,0.15386
1,0.72467,686.62213,21,-0.2474,0.19368,0.12945
1,0.72467,686.62213,22,-0.29074,0.31607,0.10308
1,0.72467,686.62213,23,-0.38894,0.2737,0.21143
1,0.72467,686.62213,24,-0.37408,0.21861,0.1494
1,0.72467,686.62213,25,-0.38922,0.19098,0.20218
1,0.72467,686.62213,26,-0.39259,0.25027,0.24556
1,0.72467,686.62213,27,-0.41492,0.20715,0.31394
1,0.72467,686.62213,28,-0.40369,0.15059,0.31144
1,0.72467,686.62213,29,-0.37151,0.11593,0.30207
1,0.72467,686.62213,30,-0.29686,0.12146,0.25095
1,0.72467,686.62213,31,-0.23036,0.16249,0.33047
1,0.72467,686.62213,32,-0.24133,0.09478,0.33186
1,0.72467,686.62213,33,-0.20278,0.0339,0.20146
1,0.72467,686.62213,34,-0.23177,0.11192,0.10819
1,0.72467,686.62213,35,-0.18848,0.07937,0.10893
1,0.72467,686.62213,36,-0.2108,0.0107,0.18112
1,0.72467,686.62213,37,-0.23571,0.02718,0.16779
1,0.72467,686.62213,38,-0.16906,-0.05778,0.08921
1,0.72467,686.62213,39,-0.20073,-0.03023,0.10765
1,0.72467,686.62213,40,-0.21402,-0.02696,0.09848
1,0.72467,686.62213,41,-0.22514,-0.02897,0.21906
1,0.72467,686.62213,42,-0.26609,-0.03031,0.18336
1,0.72467,686.62213,43,-0.34925,-0.05341,0.18329
1,0.72467,686.62213,44,-0.30402,-0.12234,0.18971
1,0.72467,686.62213,45,-0.16838,-0.08027,0.17886
1,0.72467,686.62213,46,-0.29258,-0.01912,0.24823
1,0.72467,686.62213,47,-0.35466,-0.02899,0.20927
1,0.72467,686.62213,48,-0.26039,-0.16042,0.13195
1,0.72467,686.62213,49,-0.29577,-0.0792,0.10927
1,0.72467,686.62213,50,-0.29891,-0.12958,0.19197
1,0.72467,686.62213,51,-0.29723,-0.1536,0.13973
1,0.72467,686.62213,52,-0.39081,-0.18889,0.09999
1,0.72467,686.62213,53,-0.35312,-0.14686,0.1433
1,0.72467,686.62213,54,-0.27638,-0.0942,0.1054
1,0.72467,686.62213,55,-0.32466,-0.10844,0.09299
1,0.72467,686.62213,56,-0.28621,-0.11355,0.18812
1,0.72467,686.62213,57,-0.29264,-0.12957,0.18944
1,0.72467,686.62213,58,-0.29722,-0.04772,0.19717
1,0.72467,686.62213,59,-0.23857,0.049,0.18386
1,0.72467,686.62213,60,-0.2247,0.05829,0.19506
1,0.72467,686.62213,61,-0.16801,0.04905,0.12652
1,0.72467,686.62213,62,-0.24885,0.06049,0.10514
1,0.72467,686.62213,63,-0.27138,0.02597,0.11722
1,0.72467,686.62213,64,-0.16195,0.09293,0.09902
1,0.72467,686.62213,65,-0.20067,0.1109,0.10051
1,0.72467,686.62213,66,-0.20622,0.06509,0.08972
1,0.72467,686.62213,67,-0.2095,0.08361,0.09348
1,0.72467,686.62213,68,-0.23704,0.06725,0.11379
1,0.72467,686.62213,69,-0.22852,0.14831,0.09999
1,0.72467,686.62213,70,-0.32371,0.15141,0.09969
1,0.72467,686.62213,71,-0.2421,0.08601,0.08316
1,0.72467,686.62213,72,-0.29425,0.13283,0.1385
1,0.72467,686.62213,73,-0.36171,0.06392,0.13242
1,0.72467,686.62213,74,-0.33968,0.09956,0.08501
1,0.72467,686.62213,75,-0.3414,0.1352,0.09269
1,0.72467,686.62213,76,-0.29258,0.14359,0.07687
1,0.72467,686.62213,77,-0.19652,0.21214,0.07928
2,0.96631,681.11666,1,-0.30392,-0.0357,0.1292
2,0.96631,681.11666,2,-0.27819,0.05571,0.28941
2,0.96631,681.11666,3,-0.09431,0.07533,0.20303
2,0.96631,681.11666,4,-0.05561,0.20672,0.26833
2,0.96631,681.11666,5,0.08851,0.22053,0.45436
2,0.96631,681.11666,6,0.0742,0.27736,0.55304
2,0.96631,681.11666,7,0.2638,0.3542,0.57822
2,0.96631,681.11666,8,0.31004,0.30407,0.65982
2,0.96631,681.11666,9,0.34303,0.34916,0.6835
2,0.96631,681.11666,10,0.39428,0.26645,0.79744
2,0.96631,681.11666,11,0.33674,0.36302,0.88725
2,0.96631,681.11666,12,0.30877,0.38723,0.89833
2,0.96631,681.11666,13,0.26923,0.31497,0.82148
2,0.96631,681.11666,14,0.1162,0.26882,0.77905
2,0.96631,681.11666,15,0.06108,0.21808,0.71865
2,0.96631,681.11666,16,0.04687,0.22406,0.6572
2,0.96631,681.11666,17,-0.04836,0.23381,0.489
2,0.96631,681.11666,18,-0.12614,0.22513,0.37559
2,0.96631,681.11666,19,-0.14857,0.20426,0.32598
2,0.96631,681.11666,20,-0.24845,0.24678,0.15199
2,0.96631,681.11666,21,-0.255,0.19367,0.1413
2,0.96631,681.11666,22,-0.29598,0.31568,0.12169
2,0.96631,681.11666,23,-0.38873,0.27205,0.22939
2,0.96631,681.11666,24,-0.3583,0.21335,0.16526
2,0.96631,681.11666,25,-0.37533,0.18599,0.21762
2,0.96631,681.11666,26,-0.39259,0.24806,0.25843
2,0.96631,681.11666,27,-0.41492,0.20619,0.32819
2,0.96631,681.11666,28,-0.40368,0.14963,0.32563
2,0.96631,681.11666,29,-0.37149,0.11498,0.31619
2,0.96631,681.11666,30,-0.29682,0.12051,0.26499
2,0.96631,681.11666,31,-0.2303,0.16153,0.34442
2,0.96631,681.11666,32,-0.24124,0.09382,0.34572
2,0.96631,681.11666,33,-0.20267,0.03295,0.21521
2,0.96631,681.11666,34,-0.23163,0.11096,0.1218
2,0.96631,681.11666,35,-0.18708,0.07819,0.10522
2,0.96631,681.11666,36,-0.2145,0.00995,0.2026
2,0.96631,681.11666,37,-0.23941,0.02643,0.18918
2,0.96631,681.11666,38,-0.17218,-0.05865,0.09769
2,0.96631,681.11666,39,-0.20375,-0.03112,0.11357
2,0.96631,681.11666,40,-0.21749,-0.02771,0.09848
2,0.96631,681.11666,41,-0.22858,-0.02972,0.21906
2,0.96631,681.11666,42,-0.26952,-0.03106,0.18336
2,0.96631,681.11666,43,-0.35266,-0.05415,0.18329
2,0.96631,681.11666,44,-0.30741,-0.12309,0.1897
2,0.96631,681.11666,45,-0.17176,-0.08101,0.17885
2,0.96631,681.11666,46,-0.29594,-0.01986,0.24822
2,0.96631,681.11666,47,-0.358,-0.02973,0.20925
2,0.96631,681.11666,48,-0.26371,-0.16115,0.13193
2,0.96631,681.11666,49,-0.299,-0.07993,0.11403
2,0.96631,681.11666,50,-0.30201,-0.13031,0.20629
2,0.96631,681.11666,51,-0.30033,-0.15432,0.154
2,0.96631,681.11666,52,-0.39367,-0.18965,0.10768
2,0.96631,681.11666,53,-0.35564,-0.14769,0.13829
2,0.96631,681.11666,54,-0.2789,-0.09503,0.1004
2,0.96631,681.11666,55,-0.32757,-0.10915,0.09918
2,0.96631,681.11666,56,-0.28911,-0.11426,0.19429
2,0.96631,681.11666,57,-0.29553,-0.13028,0.19558
2,0.96631,681.11666,58,-0.3001,-0.04843,0.2033
2,0.96631,681.11666,59,-0.24144,0.04829,0.18997
2,0.96631,681.11666,60,-0.22755,0.05758,0.20114
2,0.96631,681.11666,61,-0.17083,0.04835,0.13257
2,0.96631,681.11666,62,-0.25162,0.05978,0.1056
2,0.96631,681.11666,63,-0.23996,0.00978,0.12209
2,0.96631,681.11666,64,-0.23409,0.07542,0.08686
2,0.96631,681.11666,65,-0.25013,0.0818,0.07662
2,0.96631,681.11666,66,-0.27852,-0.00773,0.1329
2,0.96631,681.11666,67,-0.24183,0.0698,0.16191
2,0.96631,681.11666,68,-0.22205,0.15978,0.09601
2,0.96631,681.11666,69,-0.30648,0.10648,0.09294
2,0.96631,681.11666,70,-0.28387,0.11802,0.05058
2,0.96631,681.11666,71,-0.31187,0.22158,0.05034
2,0.96631,681.11666,72,-0.28714,0.16133,0.13062
2,0.96631,681.11666,73,-0.25112,0.16923,0.16705
2,0.96631,681.11666,74,-0.36058,0.14018,0.11792
2,0.96631,681.11666,75,-0.41361,0.15215,0.17529
2,0.96631,681.11666,76,-0.29488,0.15546,0.07965
2,0.96631,681.11666,77,-0.29132,0.16079,0.07045
3,0.96631,681.11666,1,-0.30392,-0.0357,0.1292
3,0.96631,681.11666,2,-0.27819,0.05571,0.28941
3,0.96631,681.11666,3,-0.09431,0.07533,0.20303
3,0.96631,681.11666,4,-0.05561,0.20672,0.26833
3,0.96631,681.11666,5,0.08851,0.22053,0.45436
3,0.96631,681.11666,6,0.0742,0.27736,0.55304
3,0.96631,681.11666,7,0.2638,0.3542,0.57822
3,0.96631,681.11666,8,0.31004,0.30407,0.65982
3,0.96631,681.11666,9,0.34303,0.34916,0.6835
3,0.96631,681.11666,10,0.39428,0.26645,0.79744
3,0.96631,681.11666,11,0.33674,0.36302,0.88725
3,0.96631,681.11666,12,0.30877,0.38723,0.89833
3,0.96631,681.11666,13,0.26923,0.31497,0.82148
3,0.96631,681.11666,14,0.1162,0.26882,0.77905
3,0.96631,681.11666,15,0.06108,0.21808,0.71865
3,0.96631,681.11666,16,0.04687,0.22406,0.6572
3,0.96631,681.11666,17,-0.04836,0.23381,0.489
3,0.96631,681.11666,18,-0.12614,0.22513,0.37559
3,0.96631,681.11666,19,-0.14857,0.20426,0.32598
3,0.96631,681.11666,20,-0.24845,0.24678,0.15199
3,0.96631,681.11666,21,-0.255,0.19367,0.1413
3,0.96631,681.11666,22,-0.29598,0.31568,0.12169
3,0.96631,681.11666,23,-0.38873,0.27205,0.22939
3,0.96631,681.11666,24,-0.3583,0.21335,0.16526
3,0.96631,681.11666,25,-0.37533,0.18599,0.21762
3,0.96631,681.11666,26,-0.39259,0.24806,0.25843
3,0.96631,681.11666,27,-0.41492,0.20619,0.32819
3,0.96631,681.11666,28,-0.40368,0.14963,0.32563
3,0.96631,681.11666,29,-0.37149,0.11498,0.31619
3,0.96631,681.11666,30,-0.29682,0.12051,0.26499
3,0.96631,681.11666,31,-0.2303,0.16153,0.34442
3,0.96631,681.11666,32,-0.24124,0.09382,0.34572
3,0.96631,681.11666,33,-0.20267,0.03295,0.21521
3,0.96631,681.11666,34,-0.23163,0.11096,0.1218
3,0.96631,681.11666,35,-0.18708,0.07819,0.10522
3,0.96631,681.11666,36,-0.2145,0.00995,0.2026
3,0.96631,681.11666,37,-0.23941,0.02643,0.18918
3,0.96631,681.11666,38,-0.17218,-0.05865,0.09769
3,0.96631,681.11666,39,-0.20375,-0.03112,0.11357
3,0.96631,681.11666,40,-0.21749,-0.02771,0.09848
3,0.96631,681.11666,41,-0.22858,-0.02972,0.21906
3,0.96631,681.11666,42,-0.26952,-0.03106,0.18336
3,0.96631,681.11666,43,-0.35266,-0.05415,0.18329
3,0.96631,681.11666,44,-0.30741,-0.12309,0.1897
3,0.96631,681.11666,45,-0.17176,-0.08101,0.17885
3,0.96631,681.11666,46,-0.29594,-0.01986,0.24822
3,0.96631,681.11666,47,-0.358,-0.02973,0.20925
3,0.96631,681.11666,48,-0.26371,-0.16115,0.13193
3,0.96631,681.11666,49,-0.299,-0.07993,0.11403
3,0.96631,681.11666,50,-0.30201,-0.13031,0.20629
3,0.96631,681.11666,51,-0.30033,-0.15432,0.154
3,0.96631,681.11666,52,-0.39367,-0.18965,0.10768
3,0.96631,681.11666,53,-0.35564,-0.14769,0.13829
3,0.96631,681.11666,54,-0.2789,-0.09503,0.1004
3,0.96631,681.11666,55,-0.32757,-0.10915,0.09918
3,0.96631,681.11666,56,-0.28911,-0.11426,0.19429
3,0.96631,681.11666,57,-0.29553,-0.13028,0.19558
3,0.96631,681.11666,58,-0.3001,-0.04843,0.2033
3,0.96631,681.11666,59,-0.24144,0.04829,0.18997
3,0.96631,681.11666,60,-0.22755,0.05758,0.20114
3,0.96631,681.11666,61,-0.17083,0.04835,0.13257
3,0.96631,681.11666,62,-0.25162,0.05978,0.1056
3,0.96631,681.11666,63,-0.23996,0.00978,0.12209
3,0.96631,681.11666,64,-0.23409,0.07542,0.08686
3,0.96631,681.11666,65,-0.25013,0.0818,0.07662
3,0.96631,681.11666,66,-0.27852,-0.00773,0.1329
3,0.96631,681.11666,67,-0.24183,0.0698,0.16191
3,0.96631,681.11666,68,-0.22205,0.15978,0.09601
3,0.96631,681.11666,69,-0.30648,0.10648,0.09294
3,0.96631,681.11666,70,-0.28387,0.11802,0.05058
3,0.96631,681.11666,71,-0.31187,0.22158,0.05034
3,0.96631,681.11666,72,-0.28714,0.16133,0.13062
3,0.96631,681.11666,73,-0.25112,0.16923,0.16705
3,0.96631,681.11666,74,-0.36058,0.14018,0.11792
3,0.96631,681.11666,75,-0.41361,0.15215,0.17529
3,0.96631,681.11666,76,-0.29488,0.15546,0.07965
3,0.96631,681.11666,77,-0.29132,0.16079,0.07045
4,0.70686,686.43445,1,-0.32629,-0.03379,0.12197
4,0.70686,686.43445,2,-0.30378,0.05766,0.27451
4,0.70686,686.43445,3,-0.11955,0.07734,0.18835
4,0.70686,686.43445,4,-0.08052,0.20879,0.25386
4,0.70686,686.43445,5,0.06392,0.22266,0.44007
4,0.70686,686.43445,6,0.04992,0.27955,0.53891
4,0.70686,686.43445,7,0.23981,0.35644,0.56424
4,0.70686,686.43445,8,0.28633,0.30635,0.64596
4,0.70686,686.43445,9,0.36052,0.35404,0.66819
4,0.70686,686.43445,10,0.41041,0.2702,0.78441
4,0.70686,686.43445,11,0.35207,0.36859,0.88208
4,0.70686,686.43445,12,0.32332,0.38591,0.90042
4,0.70686,686.43445,13,0.28231,0.31133,0.82458
4,0.70686,686.43445,14,0.12921,0.26519,0.78211
4,0.70686,686.43445,15,0.074,0.21447,0.72167
4,0.70686,686.43445,16,0.05971,0.22046,0.66018
4,0.70686,686.43445,17,-0.03561,0.23023,0.49193
4,0.70686,686.43445,18,-0.11349,0.22156,0.37847
4,0.70686,686.43445,19,-0.13602,0.20072,0.32881
4,0.70686,686.43445,20,-0.23601,0.24325,0.15477
4,0.70686,686.43445,21,-0.24748,0.19131,0.12854
4,0.70686,686.43445,22,-0.29094,0.3139,0.10128
4,0.70686,686.43445,23,-0.38896,0.2715,0.20965
4,0.70686,686.43445,24,-0.37267,0.2161,0.14786
4,0.70686,686.43445,25,-0.3893,0.18869,0.20034
4,0.70686,686.43445,26,-0.38739,0.24789,0.2452
4,0.70686,686.43445,27,-0.41492,0.20562,0.31273
4,0.70686,686.43445,28,-0.40369,0.14906,0.31023
4,0.70686,686.43445,29,-0.37152,0.11441,0.30087
4,0.70686,686.43445,30,-0.29686,0.11995,0.24976
4,0.70686,686.43445,31,-0.23037,0.16098,0.32929
4,0.70686,686.43445,32,-0.24134,0.09328,0.33069
4,0.70686,686.43445,33,-0.20279,0.03241,0.2003
4,0.70686,686.43445,34,-0.23179,0.11044,0.10704
4,0.70686,686.43445,35,-0.18843,0.07788,0.10965
4,0.70686,686.43445,36,-0.21052,0.00915,0.18832
4,0.70686,686.43445,37,-0.23544,0.02563,0.17496
4,0.70686,686.43445,38,-0.1688,-0.0593,0.08921
4,0.70686,686.43445,39,-0.20048,-0.03175,0.10765
4,0.70686,686.43445,40,-0.21378,-0.02845,0.09848
4,0.70686,686.43445,41,-0.2249,-0.03045,0.21906
4,0.70686,686.43445,42,-0.26585,-0.03179,0.18336
4,0.70686,686.43445,43,-0.34901,-0.05488,0.18329
4,0.70686,686.43445,44,-0.30379,-0.12381,0.18971
4,0.70686,686.43445,45,-0.16815,-0.08173,0.17886
4,0.70686,686.43445,46,-0.29235,-0.02058,0.24824
4,0.70686,686.43445,47,-0.35444,-0.03044,0.20927
4,0.70686,686.43445,48,-0.26017,-0.16186,0.13196
4,0.70686,686.43445,49,-0.29555,-0.08061,0.10891
4,0.70686,686.43445,50,-0.29872,-0.13096,0.19089
4,0.70686,686.43445,51,-0.29705,-0.15497,0.13866
4,0.70686,686.43445,52,-0.39063,-0.19024,0.09999
4,0.70686,686.43445,53,-0.35294,-0.14819,0.14571
4,0.70686,686.43445,54,-0.27621,-0.09554,0.10779
4,0.70686,686.43445,55,-0.3245,-0.10975,0.09187
4,0.70686,686.43445,56,-0.28604,-0.11486,0.187
4,0.70686,686.43445,57,-0.29247,-0.13088,0.18832
4,0.70686,686.43445,58,-0.29705,-0.04902,0.19606
4,0.70686,686.43445,59,-0.23841,0.0477,0.18275
4,0.70686,686.43445,60,-0.22454,0.05699,0.19395
4,0.70686,686.43445,61,-0.16785,0.04777,0.12542
4,0.70686,686.43445,62,-0.2487,0.05922,0.10453
4,0.70686,686.43445,63,-0.27125,0.02473,0.11757
4,0.70686,686.43445,64,-0.16181,0.0917,0.09912
4,0.70686,686.43445,65,-0.20054,0.10968,0.1005
4,0.70686,686.43445,66,-0.20609,0.06388,0.08972
4,0.70686,686.43445,67,-0.20938,0.08241,0.09348
4,0.70686,686.43445,68,-0.23693,0.06606,0.11379
4,0.70686,686.43445,69,-0.22841,0.14712,0.09999
4,0.70686,686.43445,70,-0.32359,0.15024,0.09969
4,0.70686,686.43445,71,-0.24199,0.08485,0.08316
4,0.70686,686.43445,72,-0.29414,0.13167,0.1385
4,0.70686,686.43445,73,-0.36161,0.06276,0.13242
4,0.70686,686.43445,74,-0.33958,0.09841,0.08488
4,0.70686,686.43445,75,-0.3413,0.13406,0.09256
4,0.70686,686.43445,76,-0.28434,0.12748,0.0832
4,0.70686,686.43445,77,-0.21771,0.24088,0.08854
5,0.96631,681.11666,1,-0.30392,-0.0357,0.1292
5,0.96631,681.11666,2,-0.27819,0.05571,0.28941
5,0.96631,681.11666,3,-0.09431,0.07533,0.20303
5,0.96631,681.11666,4,-0.05561,0.20672,0.26833
5,0.96631,681.11666,5,0.08851,0.22053,0.45436
5,0.96631,681.11666,6,0.0742,0.27736,0.55304
5,0.96631,681.11666,7,0.2638,0.3542,0.57822
5,0.96631,681.11666,8,0.31004,0.30407,0.65982
5,0.96631,681.11666,9,0.34303,0.34916,0.6835
5,0.96631,681.11666,10,0.39428,0.26645,0.79744
5,0.96631,681.11666,11,0.33674,0.36302,0.88725
5,0.96631,681.11666,12,0.30877,0.38723,0.89833
5,0.96631,681.11666,13,0.26923,0.31497,0.82148
5,0.96631,681.11666,14,0.1162,0.26882,0.77905
5,0.96631,681.11666,15,0.06108,0.21808,0.71865
5,0.96631,681.11666,16,0.04687,0.22406,0.6572
5,0.96631,681.11666,17,-0.04836,0.23381,0.489
5,0.96631,681.11666,18,-0.12614,0.22513,0.37559
5,0.96631,681.11666,19,-0.14857,0.20426,0.32598
5,0.96631,681.11666,20,-0.24845,0.24678,0.15199
5,0.96631,681.11666,21,-0.255,0.19367,0.1413
5,0.96631,681.11666,22,-0.29598,0.31568,0.12169
5,0.96631,681.11666,23,-0.38873,0.27205,0.22939
5,0.96631,681.11666,24,-0.3583,0.21335,0.16526
5,0.96631,681.11666,25,-0.37533,0.18599,0.21762
5,0.96631,681.11666,26,-0.39259,0.24806,0.25843
5,0.96631,681.11666,27,-0.41492,0.20619,0.32819
5,0.96631,681.11666,28,-0.40368,0.14963,0.32563
5,0.96631,681.11666,29,-0.37149,0.11498,0.31619
5,0.96631,681.11666,30,-0.29682,0.12051,0.26499
5,0.96631,681.11666,31,-0.2303,0.16153,0.34442
5,0.96631,681.11666,32,-0.24124,0.09382,0.34572
5,0.96631,681.11666,33,-0.20267,0.03295,0.21521
5,0.96631,681.11666,34,-0.23163,0.11096,0.1218
5,0.96631,681.11666,35,-0.18708,0.07819,0.10522
5,0.96631,681.11666,36,-0.2145,0.00995,0.2026
5,0.96631,681.11666,37,-0.23941,0.02643,0.18918
5,0.96631,681.11666,38,-0.17218,-0.05865,0.09769
5,0.96631,681.11666,39,-0.20375,-0.03112,0.11357
5,0.96631,681.11666,40,-0.21749,-0.02771,0.09848
5,0.96631,681.11666,41,-0.22858,-0.02972,0.21906
5,0.96631,681.11666,42,-0.26952,-0.03106,0.18336
5,0.96631,681.11666,43,-0.35266,-0.05415,0.18329
5,0.96631,681.11666,44,-0.30741,-0.12309,0.1897
5,0.96631,681.11666,45,-0.17176,-0.08101,0.17885
5,0.96631,681.11666,46,-0.29594,-0.01986,0.24822
5,0.96631,681.11666,47,-0.358,-0.02973,0.20925
5,0.96631,681.11666,48,-0.26371,-0.16115,0.13193
5,0.96631,681.11666,49,-0.299,-0.07993,0.11403
5,0.96631,681.11666,50,-0.30201,-0.13031,0.20629
5,0.96631,681.11666,51,-0.30033,-0.15432,0.154
5,0.96631,681.11666,52,-0.39367,-0.18965,0.10768
5,0.96631,681.11666,53,-0.35564,-0.14769,0.13829
5,0.96631,681.11666,54,-0.2789,-0.09503,0.1004
5,0.96631,681.11666,55,-0.32757,-0.10915,0.09918
5,0.96631,681.11666,56,-0.28911,-0.11426,0.19429
5,0.96631,681.11666,57,-0.29553,-0.13028,0.19558
5,0.96631,681.11666,58,-0.3001,-0.04843,0.2033
5,0.96631,681.11666,59,-0.24144,0.04829,0.18997
5,0.96631,681.11666,60,-0.22755,0.05758,0.20114
5,0.96631,681.11666,61,-0.17083,0.04835,0.13257
5,0.96631,681.11666,62,-0.25162,0.05978,0.1056
5,0.96631,681.11666,63,-0.23996,0.00978,0.12209
5,0.96631,681.11666,64,-0.23409,0.07542,0.08686
5,0.96631,681.11666,65,-0.25013,0.0818,0.07662
5,0.96631,681.11666,66,-0.27852,-0.00773,0.1329
5,0.96631,681.11666,67,-0.24183,0.0698,0.16191
5,0.96631,681.11666,68,-0.22205,0.15978,0.09601
5,0.96631,681.11666,69,-0.30648,0.10648,0.09294
5,0.96631,681.11666,70,-0.28387,0.11802,0.05058
5,0.96631,681.11666,71,-0.31187,0.22158,0.05034
5,0.96631,681.11666,72,-0.28714,0.16133,0.13062
5,0.96631,681.11666,73,-0.25112,0.16923,0.16705
5,0.96631,681.11666,74,-0.36058,0.14018,0.11792
5,0.96631,681.11666,75,-0.41361,0.15215,0.17529
5,0.96631,681.11666,76,-0.29488,0.15546,0.07965
5,0.96631,681.11666,77,-0.29132,0.16079,0.07045
6,0.73279,692.00446,1,-0.32405,-0.03398,0.1231
6,0.73279,692.00446,2,-0.30122,0.05746,0.27784
6,0.73279,692.00446,3,-0.11703,0.07714,0.19165
6,0.73279,692.00446,4,-0.07803,0.20857,0.25712
6,0.73279,692.00446,5,0.06637,0.22244,0.4433
6,0.73279,692.00446,6,0.05234,0.27932,0.54211
6,0.73279,692.00446,7,0.24221,0.3562,0.56741
6,0.73279,692.00446,8,0.2887,0.30611,0.64911
6,0.73279,692.00446,9,0.35899,0.35282,0.67157
6,0.73279,692.00446,10,0.41041,0.26933,0.78747
6,0.73279,692.00446,11,0.35207,0.36772,0.88513
6,0.73279,692.00446,12,0.32335,0.38681,0.89981
6,0.73279,692.00446,13,0.28201,0.31722,0.82277
6,0.73279,692.00446,14,0.12891,0.27105,0.78031
6,0.73279,692.00446,15,0.0737,0.2203,0.71988
6,0.73279,692.00446,16,0.05941,0.22627,0.6584
6,0.73279,692.00446,17,-0.03591,0.236,0.49017
6,0.73279,692.00446,18,-0.11378,0.2273,0.37672
6,0.73279,692.00446,19,-0.1363,0.20642,0.32708
6,0.73279,692.00446,20,-0.23628,0.24892,0.15305
6,0.73279,692.00446,21,-0.24742,0.19624,0.12989
6,0.73279,692.00446,22,-0.2907,0.31846,0.10415
6,0.73279,692.00446,23,-0.38893,0.2761,0.21248
6,0.73279,692.00446,24,-0.37431,0.22104,0.15036
6,0.73279,692.00446,25,-0.3892,0.19334,0.20318
6,0.73279,692.00446,26,-0.39259,0.2523,0.24632
6,0.73279,692.00446,27,-0.41492,0.20888,0.31468
6,0.73279,692.00446,28,-0.40368,0.1523,0.31217
6,0.73279,692.00446,29,-0.37151,0.11764,0.3028
6,0.73279,692.00446,30,-0.29685,0.12316,0.25168
6,0.73279,692.00446,31,-0.23035,0.16418,0.33119
6,0.73279,692.00446,32,-0.24132,0.09646,0.33258
6,0.73279,692.00446,33,-0.20277,0.03557,0.20217
6,0.73279,692.00446,34,-0.23176,0.11358,0.10889
6,0.73279,692.00446,35,-0.18851,0.08104,0.10845
6,0.73279,692.00446,36,-0.21097,0.01245,0.17653
6,0.73279,692.00446,37,-0.23587,0.02892,0.16322
6,0.73279,692.00446,38,-0.16921,-0.05607,0.08921
6,0.73279,692.00446,39,-0.20088,-0.02853,0.10765
6,0.73279,692.00446,40,-0.21416,-0.02527,0.09848
6,0.73279,692.00446,41,-0.22527,-0.02729,0.21906
6,0.73279,692.00446,42,-0.26622,-0.02864,0.18336
6,0.73279,692.00446,43,-0.34938,-0.05174,0.18329
6,0.73279,692.00446,44,-0.30415,-0.12068,0.18971
6,0.73279,692.00446,45,-0.16851,-0.07862,0.17886
6,0.73279,692.00446,46,-0.29271,-0.01748,0.24823
6,0.73279,692.00446,47,-0.35479,-0.02736,0.20926
6,0.73279,692.00446,48,-0.26052,-0.1588,0.13195
6,0.73279,692.00446,49,-0.29588,-0.07761,0.10943
6,0.73279,692.00446,50,-0.29901,-0.12803,0.19247
6,0.73279,692.00446,51,-0.29733,-0.15206,0.14023
6,0.73279,692.00446,52,-0.39089,-0.18736,0.10015
6,0.73279,692.00446,53,-0.35316,-0.14535,0.14266
6,0.73279,692.00446,54,-0.27643,-0.0927,0.10475
6,0.73279,692.00446,55,-0.32474,-0.10695,0.09335
6,0.73279,692.00446,56,-0.28628,-0.11207,0.18848
6,0.73279,692.00446,57,-0.29272,-0.12809,0.1898
6,0.73279,692.00446,58,-0.29729,-0.04624,0.19753
6,0.73279,692.00446,59,-0.23865,0.05047,0.18422
6,0.73279,692.00446,60,-0.22478,0.05975,0.19541
6,0.73279,692.00446,61,-0.16808,0.05051,0.12687
6,0.73279,692.00446,62,-0.24892,0.06192,0.10537
6,0.73279,692.00446,63,-0.27144,0.02737,0.11718
6,0.73279,692.00446,64,-0.162,0.09433,0.099
6,0.73279,692.00446,65,-0.20072,0.11228,0.10051
6,0.73279,692.00446,66,-0.20626,0.06646,0.08972
6,0.73279,692.00446,67,-0.20955,0.08497,0.09348
6,0.73279,692.00446,68,-0.23709,0.0686,0.11379
6,0.73279,692.00446,69,-0.22856,0.14965,0.09999
6,0.73279,692.00446,70,-0.32374,0.15275,0.09969
6,0.73279,692.00446,71,-0.24213,0.08734,0.08316
6,0.73279,692.00446,72,-0.29429,0.13415,0.1385
6,0.73279,692.00446,73,-0.36175,0.06524,0.13242
6,0.73279,692.00446,74,-0.33971,0.10085,0.08507
6,0.73279,692.00446,75,-0.34143,0.13649,0.09274
6,0.73279,692.00446,76,-0.29261,0.14487,0.07687
6,0.73279,692.00446,77,-0.30027,0.1884,0.12077
7,0.73279,692.00446,1,-0.32405,-0.03398,0.1231
7,0.73279,692.00446,2,-0.30122,0.05746,0.27784
7,0.73279,692.00446,3,-0.11703,0.07714,0.19165
7,0.73279,692.00446,4,-0.07803,0.20857,0.25712
7,0.73279,692.00446,5,0.06637,0.22244,0.4433
7,0.73279,692.00446,6,0.05234,0.27932,0.54211
7,0.73279,692.00446,7,0.24221,0.3562,0.56741
7,0.73279,692.00446,8,0.2887,0.30611,0.64911
7,0.73279,692.00446,9,0.35899,0.35282,0.67157
7,0.73279,692.00446,10,0.41041,0.26933,0.78747
7,0.73279,692.00446,11,0.35207,0.36772,0.88513
7,0.73279,692.00446,12,0.32335,0.38681,0.89981
7,0.73279,692.00446,13,0.28201,0.31722,0.82277
7,0.73279,692.00446,14,0.12891,0.27105,0.78031
7,0.73279,692.00446,15,0.0737,0.2203,0.71988
7,0.73279,692.00446,16,0.05941,0.22627,0.6584
7,0.73279,692.00446,17,-0.03591,0.236,0.49017
7,0.73279,692.00446,18,-0.11378,0.2273,0.37672
7,0.73279,692.00446,19,-0.1363,0.20642,0.32708
7,0.73279,692.00446,20,-0.23628,0.24892,0.15305
7,0.73279,692.00446,21,-0.24742,0.19624,0.12989
7,0.73279,692.00446,22,-0.2907,0.31846,0.10415
7,0.73279,692.00446,23,-0.38893,0.2761,0.21248
7,0.73279,692.00446,24,-0.37431,0.22104,0.15036
7,0.73279,692.00446,25,-0.3892,0.19334,0.20318
7,0.73279,692.00446,26,-0.39259,0.2523,0.24632
7,0.73279,692.00446,27,-0.41492,0.20888,0.31468
7,0.73279,692.00446,28,-0.40368,0.1523,0.31217
7,0.73279,692.00446,29,-0.37151,0.11764,0.3028
7,0.73279,692.00446,30,-0.29685,0.12316,0.25168
7,0.73279,692.00446,31,-0.23035,0.16418,0.33119
7,0.73279,692.00446,32,-0.24132,0.09646,0.33258
7,0.73279,692.00446,33,-0.20277,0.03557,0.20217
7,0.73279,692.00446,34,-0.23176,0.11358,0.10889
7,0.73279,692.00446,35,-0.18851,0.08104,0.10845
7,0.73279,692.00446,36,-0.21097,0.01245,0.17653
7,0.73279,692.00446,37,-0.23587,0.02892,0.16322
7,0.73279,692.00446,38,-0.16921,-0.05607,0.08921
7,0.73279,692.00446,39,-0.20088,-0.02853,0.10765
7,0.73279,692.00446,40,-0.21416,-0.02527,0.09848
7,0.73279,692.00446,41,-0.22527,-0.02729,0.21906
7,0.73279,692.00446,42,-0.26622,-0.02864,0.18336
7,0.73279,692.00446,43,-0.34938,-0.05174,0.18329
7,0.73279,692.00446,44,-0.30415,-0.12068,0.18971
7,0.73279,692.00446,45,-0.16851,-0.07862,0.17886
7,0.73279,692.00446,46,-0.29271,-0.01748,0.24823
7,0.73279,692.00446,47,-0.35479,-0.02736,0.20926
7,0.73279,692.00446,48,-0.26052,-0.1588,0.13195
7,0.73279,692.00446,49,-0.29588,-0.07761,0.10943
7,0.73279,692.00446,50,-0.29901,-0.12803,0.19247
7,0.73279,692.00446,51,-0.29733,-0.15206,0.14023
7,0.73279,692.00446,52,-0.39089,-0.18736,0.10015
7,0.73279,692.00446,53,-0.35316,-0.14535,0.14266
7,0.73279,692.00446,54,-0.27643,-0.0927,0.10475
7,0.73279,692.00446,55,-0.32474,-0.10695,0.09335
7,0.73279,692.00446,56,-0.28628,-0.11207,0.18848
7,0.73279,692.00446,57,-0.29272,-0.12809,0.1898
7,0.73279,692.00446,58,-0.29729,-0.04624,0.19753
7,0.73279,692.00446,59,-0.23865,0.05047,0.18422
7,0.73279,692.00446,60,-0.22478,0.05975,0.19541
7,0.73279,692.00446,61,-0.16808,0.05051,0.12687
7,0.73279,692.00446,62,-0.24892,0.06192,0.10537
7,0.73279,692.00446,63,-0.27144,0.02737,0.11718
7,0.73279,692.00446,64,-0.162,0.09433,0.099
7,0.73279,692.00446,65,-0.20072,0.11228,0.10051
7,0.73279,692.00446,66,-0.20626,0.06646,0.08972
7,0.73279,692.00446,67,-0.20955,0.08497,0.09348
7,0.73279,692.00446,68,-0.23709,0.0686,0.11379
7,0.73279,692.00446,69,-0.22856,0.14965,0.09999
7,0.73279,692.00446,70,-0.32374,0.15275,0.09969
7,0.73279,692.00446,71,-0.24213,0.08734,0.08316
7,0.73279,692.00446,72,-0.29429,0.13415,0.1385
7,0.73279,692.00446,73,-0.36175,0.06524,0.13242
7,0.73279,692.00446,74,-0.33971,0.10085,0.08507
7,0.73279,692.00446,75,-0.34143,0.13649,0.09274
7,0.73279,692.00446,76,-0.29261,0.14487,0.07687
7,0.73279,692.00446,77,-0.30027,0.1884,0.12077
8,0.73279,692.00446,1,-0.32405,-0.03398,0.1231
8,0.73279,692.00446,2,-0.30122,0.05746,0.27784
8,0.73279,692.00446,3,-0.11703,0.07714,0.19165
8,0.73279,692.00446,4,-0.07803,0.20857,0.25712
8,0.73279,692.00446,5,0.06637,0.22244,0.4433
8,0.73279,692.00446,6,0.05234,0.27932,0.54211
8,0.73279,692.00446,7,0.24221,0.3562,0.56741
8,0.73279,692.00446,8,0.2887,0.30611,0.64911
8,0.73279,692.00446,9,0.35899,0.35282,0.67157
8,0.73279,692.00446,10,0.41041,0.26933,0.78747
8,0.73279,692.00446,11,0.35207,0.36772,0.88513
8,0.73279,692.00446,12,0.32335,0.38681,0.89981
8,0.73279,692.00446,13,0.28201,0.31722,0.82277
8,0.73279,692.00446,14,0.12891,0.27105,0.78031
8,0.73279,692.00446,15,0.0737,0.2203,0.71988
8,0.73279,692.00446,16,0.05941,0.22627,0.6584
8,0.73279,692.00446,17,-0.03591,0.236,0.49017
8,0.73279,692.00446,18,-0.11378,0.2273,0.37672
8,0.73279,692.00446,19,-0.1363,0.20642,0.32708
8,0.73279,692.00446,20,-0.23628,0.24892,0.15305
8,0.73279,692.00446,21,-0.24742,0.19624,0.12989
8,0.73279,692.00446,22,-0.2907,0.31846,0.10415
8,0.73279,692.00446,23,-0.38893,0.2761,0.21248
8,0.73279,692.00446,24,-0.37431,0.22104,0.15036
8,0.73279,692.00446,25,-0.3892,0.19334,0.20318
8,0.73279,692.00446,26,-0.39259,0.2523,0.24632
8,0.73279,692.00446,27,-0.41492,0.20888,0.31468
8,0.73279,692.00446,28,-0.40368,0.1523,0.31217
8,0.73279,692.00446,29,-0.37151,0.11764,0.3028
8,0.73279,692.00446,30,-0.29685,0.12316,0.25168
8,0.73279,692.00446,31,-0.23035,0.16418,0.33119
8,0.73279,692.00446,32,-0.24132,0.09646,0.33258
8,0.73279,692.00446,33,-0.20277,0.03557,0.20217
8,0.73279,692.00446,34,-0.23176,0.11358,0.10889
8,0.73279,692.00446,35,-0.18851,0.08104,0.10845
8,0.73279,692.00446,36,-0.21097,0.01245,0.17653
8,0.73279,692.00446,37,-0.23587,0.02892,0.16322
8,0.73279,692.00446,38,-0.16921,-0.05607,0.08921
8,0.73279,692.00446,39,-0.20088,-0.02853,0.10765
8,0.73279,692.00446,40,-0.21416,-0.02527,0.09848
8,0.73279,692.00446,41,-0.22527,-0.02729,0.21906
8,0.73279,692.00446,42,-0.26622,-0.02864,0.18336
8,0.73279,692.00446,43,-0.34938,-0.05174,0.18329
8,0.73279,692.00446,44,-0.30415,-0.12068,0.18971
8,0.73279,692.00446,45,-0.16851,-0.07862,0.17886
8,0.73279,692.00446,46,-0.29271,-0.01748,0.24823
8,0.73279,692.00446,47,-0.35479,-0.02736,0.20926
8,0.73279,692.00446,48,-0.26052,-0.1588,0.13195
8,0.73279,692.00446,49,-0.29588,-0.07761,0.10943
8,0.73279,692.00446,50,-0.29901,-0.12803,0.19247
8,0.73279,692.00446,51,-0.29733,-0.15206,0.14023
8,0.73279,692.00446,52,-0.39089,-0.18736,0.10015
8,0.73279,692.00446,53,-0.35316,-0.14535,0.14266
8,0.73279,692.00446,54,-0.27643,-0.0927,0.10475
8,0.73279,692.00446,55,-0.32474,-0.10695,0.09335
8,0.73279,692.00446,56,-0.28628,-0.11207,0.18848
8,0.73279,692.00446,57,-0.29272,-0.12809,0.1898
8,0.73279,692.00446,58,-0.29729,-0.04624,0.19753
8,0.73279,692.00446,59,-0.23865,0.05047,0.18422
8,0.73279,692.00446,60,-0.22478,0.05975,0.19541
8,0.73279,692.00446,61,-0.16808,0.05051,0.12687
8,0.73279,692.00446,62,-0.24892,0.06192,0.10537
8,0.73279,692.00446,63,-0.27144,0.02737,0.11718
8,0.73279,692.00446,64,-0.162,0.09433,0.099
8,0.73279,692.00446,65,-0.20072,0.11228,0.10051
8,0.73279,692.00446,66,-0.20626,0.06646,0.08972
8,0.73279,692.00446,67,-0.20955,0.08497,0.09348
8,0.73279,692.00446,68,-0.23709,0.0686,0.11379
8,0.73279,692.00446,69,-0.22856,0.14965,0.09999
8,0.73279,692.00446,70,-0.32374,0.15275,0.09969
8,0.73279,692.00446,71,-0.24213,0.08734,0.08316
8,0.73279,692.00446,72,-0.29429,0.13415,0.1385
8,0.73279,692.00446,73,-0.36175,0.06524,0.13242
8,0.73279,692.00446,74,-0.33971,0.10085,0.08507
8,0.73279,692.00446,75,-0.34143,0.13649,0.09274
8,0.73279,692.00446,76,-0.29261,0.14487,0.07687
8,0.73279,692.00446,77,-0.30027,0.1884,0.12077
9,0.96631,681.11666,1,-0.30392,-0.0357,0.1292
9,0.96631,681.11666,2,-0.27819,0.05571,0.28941
9,0.96631,681.11666,3,-0.09431,0.07533,0.20303
9,0.96631,681.11666,4,-0.05561,0.20672,0.26833
9,0.96631,681.11666,5,0.08851,0.22053,0.45436
9,0.96631,681.11666,6,0.0742,0.27736,0.55304
9,0.96631,681.11666,7,0.2638,0.3542,0.57822
9,0.96631,681.11666,8,0.31004,0.30407,0.65982
9,0.96631,681.11666,9,0.34303,0.34916,0.6835
9,0.96631,681.11666,10,0.39428,0.26645,0.79744
9,0.96631,681.11666,11,0.33674,0.36302,0.88725
9,0.96631,681.11666,12,0.30877,0.38723,0.89833
9,0.96631,681.11666,13,0.26923,0.31497,0.82148
9,0.96631,681.11666,14,0.1162,0.26882,0.77905
9,0.96631,681.11666,15,0.06108,0.21808,0.71865
9,0.96631,681.11666,16,0.04687,0.22406,0.6572
9,0.96631,681.11666,17,-0.04836,0.23381,0.489
9,0.96631,681.11666,18,-0.12614,0.22513,0.37559
9,0.96631,681.11666,19,-0.14857,0.20426,0.32598
9,0.96631,681.11666,20,-0.24845,0.24678,0.15199
9,0.96631,681.11666,21,-0.255,0.19367,0.1413
9,0.96631,681.11666,22,-0.29598,0.31568,0.12169
9,0.96631,681.11666,23,-0.38873,0.27205,0.22939
9,0.96631,681.11666,24,-0.3583,0.21335,0.16526
9,0.96631,681.11666,25,-0.37533,0.18599,0.21762
9,0.96631,681.11666,26,-0.39259,0.24806,0.25843
9,0.96631,681.11666,27,-0.41492,0.20619,0.32819
9,0.96631,681.11666,28,-0.40368,0.14963,0.32563
9,0.96631,681.11666,29,-0.37149,0.11498,0.31619
9,0.96631,681.11666,30,-0.29682,0.12051,0.26499
9,0.96631,681.11666,31,-0.2303,0.16153,0.34442
9,0.96631,681.11666,32,-0.24124,0.09382,0.34572
9,0.96631,681.11666,33,-0.20267,0.03295,0.21521
9,0.96631,681.11666,34,-0.23163,0.11096,0.1218
9,0.96631,681.11666,35,-0.18708,0.07819,0.10522
9,0.96631,681.11666,36,-0.2145,0.00995,0.2026
9,0.96631,681.11666,37,-0.23941,0.02643,0.18918
9,0.96631,681.11666,38,-0.17218,-0.05865,0.09769
9,0.96631,681.11666,39,-0.20375,-0.03112,0.11357
9,0.96631,681.11666,40,-0.21749,-0.02771,0.09848
9,0.96631,681.11666,41,-0.22858,-0.02972,0.21906
9,0.96631,681.11666,42,-0.26952,-0.03106,0.18336
9,0.96631,681.11666,43,-0.35266,-0.05415,0.18329
9,0.96631,681.11666,44,-0.30741,-0.12309,0.1897
9,0.96631,681.11666,45,-0.17176,-0.08101,0.17885
9,0.96631,681.11666,46,-0.29594,-0.01986,0.24822
9,0.96631,681.11666,47,-0.358,-0.02973,0.20925
9,0.96631,681.11666,48,-0.26371,-0.16115,0.13193
9,0.96631,681.11666,49,-0.299,-0.07993,0.11403
9,0.96631,681.11666,50,-0.30201,-0.13031,0.20629
9,0.96631,681.11666,51,-0.30033,-0.15432,0.154
9,0.96631,681.11666,52,-0.39367,-0.18965,0.10768
9,0.96631,681.11666,53,-0.35564,-0.14769,0.13829
9,0.96631,681.11666,54,-0.2789,-0.09503,0.1004
9,0.96631,681.11666,55,-0.32757,-0.10915,0.09918
9,0.96631,681.11666,56,-0.28911,-0.11426,0.19429
9,0.96631,681.11666,57,-0.29553,-0.13028,0.19558
9,0.96631,681.11666,58,-0.3001,-0.04843,0.2033
9,0.96631,681.11666,59,-0.24144,0.04829,0.18997
9,0.96631,681.11666,60,-0.22755,0.05758,0.20114
9,0.96631,681.11666,61,-0.17083,0.04835,0.13257
9,0.96631,681.11666,62,-0.25162,0.05978,0.1056
9,0.96631,681.11666,63,-0.23996,0.00978,0.12209
9,0.96631,681.11666,64,-0.23409,0.07542,0.08686
9,0.96631,681.11666,65,-0.25013,0.0818,0.07662
9,0.96631,681.11666,66,-0.27852,-0.00773,0.1329
9,0.96631,681.11666,67,-0.24183,0.0698,0.16191
9,0.96631,681.11666,68,-0.22205,0.15978,0.09601
9,0.96631,681.11666,69,-0.30648,0.10648,0.09294
9,0.96631,681.11666,70,-0.28387,0.11802,0.05058
9,0.96631,681.11666,71,-0.31187,0.22158,0.05034
9,0.96631,681.11666,72,-0.28714,0.16133,0.13062
9,0.96631,681.11666,73,-0.25112,0.16923,0.16705
9,0.96631,681.11666,74,-0.36058,0.14018,0.11792
9,0.96631,681.11666,75,-0.41361,0.15215,0.17529
9,0.96631,681.11666,76,-0.29488,0.15546,0.07965
9,0.96631,681.11666,77,-0.29132,0.16079,0.07045
10,0.73279,692.00446,1,-0.32405,-0.03398,0.1231
10,0.73279,692.00446,2,-0.30122,0.05746,0.27784
10,0.73279,692.00446,3,-0.11703,0.07714,0.19165
10,0.73279,692.00446,4,-0.07803,0.20857,0.25712
10,0.73279,692.00446,5,0.06637,0.22244,0.4433
10,0.73279,692.00446,6,0.05234,0.27932,0.54211
10,0.73279,692.00446,7,0.24221,0.3562,0.56741
10,0.73279,692.00446,8,0.2887,0.30611,0.64911
10,0.73279,692.00446,9,0.35899,0.35282,0.67157
10,0.73279,692.00446,10,0.41041,0.26933,0.78747
10,0.73279,692.00446,11,0.35207,0.36772,0.88513
10,0.73279,692.00446,12,0.32335,0.38681,0.89981
10,0.73279,692.00446,13,0.28201,0.31722,0.82277
10,0.73279,692.00446,14,0.12891,0.27105,0.78031
10,0.73279,692.00446,15,0.0737,0.2203,0.71988
10,0.73279,692.00446,16,0.05941,0.22627,0.6584
10,0.73279,692.00446,17,-0.03591,0.236,0.49017
10,0.73279,692.00446,18,-0.11378,0.2273,0.37672
10,0.73279,692.00446,19,-0.1363,0.20642,0.32708
10,0.73279,692.00446,20,-0.23628,0.24892,0.15305
10,0.73279,692.00446,21,-0.24742,0.19624,0.12989
10,0.73279,692.00446,22,-0.2907,0.31846,0.10415
10,0.73279,692.00446,23,-0.38893,0.2761,0.21248
10,0.73279,692.00446,24,-0.37431,0.22104,0.15036
10,0.73279,692.00446,25,-0.3892,0.19334,0.20318
10,0.73279,692.00446,26,-0.39259,0.2523,0.24632
10,0.73279,692.00446,27,-0.41492,0.20888,0.31468
10,0.73279,692.00446,28,-0.40368,0.1523,0.31217
10,0.73279,692.00446,29,-0.37151,0.11764,0.3028
10,0.73279,692.00446,30,-0.29685,0.12316,0.25168
10,0.73279,692.00446,31,-0.23035,0.16418,0.33119
10,0.73279,692.00446,32,-0.24132,0.09646,0.33258
10,0.73279,692.00446,33,-0.20277,0.03557,0.20217
10,0.73279,692.00446,34,-0.23176,0.11358,0.10889
10,0.73279,692.00446,35,-0.18851,0.08104,0.10845
10,0.73279,692.00446,36,-0.21097,0.01245,0.17653
10,0.73279,692.00446,37,-0.23587,0.02892,0.16322
10,0.73279,692.00446,38,-0.16921,-0.05607,0.08921
10,0.73279,692.00446,39,-0.20088,-0.02853,0.10765
10,0.73279,692.00446,40,-0.21416,-0.02527,0.09848
10,0.73279,692.00446,41,-0.22527,-0.02729,0.21906
10,0.73279,692.00446,42,-0.26622,-0.02864,0.18336
10,0.73279,692.00446,43,-0.34938,-0.05174,0.18329
10,0.73279,692.00446,44,-0.30415,-0.12068,0.18971
10,0.73279,692.00446,45,-0.16851,-0.07862,0.17886
10,0.73279,692.00446,46,-0.29271,-0.01748,0.24823
10,0.73279,692.00446,47,-0.35479,-0.02736,0.20926
10,0.73279,692.00446,48,-0.26052,-0.1588,0.13195
10,0.73279,692.00446,49,-0.29588,-0.07761,0.10943
10,0.73279,692.00446,50,-0.29901,-0.12803,0.19247
10,0.73279,692.00446,51,-0.29733,-0.15206,0.14023
10,0.73279,692.00446,52,-0.39089,-0.18736,0.10015
10,0.73279,692.00446,53,-0.35316,-0.14535,0.14266
10,0.73279,692.00446,54,-0.27643,-0.0927,0.10475
10,0.73279,692.00446,55,-0.32474,-0.10695,0.09335
10,0.73279,692.00446,56,-0.28628,-0.11207,0.18848
10,0.73279,692.00446,57,-0.29272,-0.12809,0.1898
10,0.73279,692.00446,58,-0.29729,-0.04624,0.19753
10,0.73279,692.00446,59,-0.23865,0.05047,0.18422
10,0.73279,692.00446,60,-0.22478,0.05975,0.19541
10,0.73279,692.00446,61,-0.16808,0.05051,0.12687
10,0.73279,692.00446,62,-0.24892,0.06192,0.10537
10,0.73279,692.00446,63,-0.27144,0.02737,0.11718
10,0.73279,692.00446,64,-0.162,0.09433,0.099
10,0.73279,692.00446,65,-0.20072,0.11228,0.10051
10,0.73279,692.00446,66,-0.20626,0.06646,0.08972
10,0.73279,692.00446,67,-0.20955,0.08497,0.09348
10,0.73279,692.00446,68,-0.23709,0.0686,0.11379
10,0.73279,692.00446,69,-0.22856,0.14965,0.09999
10,0.73279,692.00446,70,-0.32374,0.15275,0.09969
10,0.73279,692.00446,71,-0.24213,0.08734,0.08316
10,0.73279,692.00446,72,-0.29429,0.13415,0.1385
10,0.73279,692.00446,73,-0.36175,0.06524,0.13242
10,0.73279,692.00446,74,-0.33971,0.10085,0.08507
10,0.73279,692.00446,75,-0.34143,0.13649,0.09274
10,0.73279,692.00446,76,-0.29261,0.14487,0.07687
10,0.73279,692.00446,77,-0.30027,0.1884,0.12077
11,0.96631,681.11666,1,-0.30392,-0.0357,0.1292
11,0.96631,681.11666,2,-0.27819,0.05571,0.28941
11,0.96631,681.11666,3,-0.09431,0.07533,0.20303
11,0.96631,681.11666,4,-0.05561,0.20672,0.26833
11,0.96631,681.11666,5,0.08851,0.22053,0.45436
11,0.96631,681.11666,6,0.0742,0.27736,0.55304
11,0.96631,681.11666,7,0.2638,0.3542,0.57822
11,0.96631,681.11666,8,0.31004,0.30407,0.65982
11,0.96631,681.11666,9,0.34303,0.34916,0.6835
11,0.96631,681.11666,10,0.39428,0.26645,0.79744
11,0.96631,681.11666,11,0.33674,0.36302,0.88725
11,0.96631,681.11666,12,0.30877,0.38723,0.89833
11,0.96631,681.11666,13,0.26923,0.31497,0.82148
11,0.96631,681.11666,14,0.1162,0.26882,0.77905
11,0.96631,681.11666,15,0.06108,0.21808,0.71865
11,0.96631,681.11666,16,0.04687,0.22406,0.6572
11,0.96631,681.11666,17,-0.04836,0.23381,0.489
11,0.96631,681.11666,18,-0.12614,0.22513,0.37559
11,0.96631,681.11666,19,-0.14857,0.20426,0.32598
11,0.96631,681.11666,20,-0.24845,0.24678,0.15199
11,0.96631,681.11666,21,-0.255,0.19367,0.1413
11,0.96631,681.11666,22,-0.29598,0.31568,0.12169
11,0.96631,681.11666,23,-0.38873,0.27205,0.22939
11,0.96631,681.11666,24,-0.3583,0.21335,0.16526
11,0.96631,681.11666,25,-0.37533,0.18599,0.21762
11,0.96631,681.11666,26,-0.39259,0.24806,0.25843
11,0.96631,681.11666,27,-0.41492,0.20619,0.32819
11,0.96631,681.11666,28,-0.40368,0.14963,0.32563
11,0.96631,681.11666,29,-0.37149,0.11498,0.31619
11,0.96631,681.11666,30,-0.29682,0.12051,0.26499
11,0.96631,681.11666,31,-0.2303,0.16153,0.34442
11,0.96631,681.11666,32,-0.24124,0.09382,0.34572
11,0.96631,681.11666,33,-0.20267,0.03295,0.21521
11,0.96631,681.11666,34,-0.23163,0.11096,0.1218
11,0.96631,681.11666,35,-0.18708,0.07819,0.10522
11,0.96631,681.11666,36,-0.2145,0.00995,0.2026
11,0.96631,681.11666,37,-0.23941,0.02643,0.18918
11,0.96631,681.11666,38,-0.17218,-0.05865,0.09769
11,0.96631,681.11666,39,-0.20375,-0.03112,0.11357
11,0.96631,681.11666,40,-0.21749,-0.02771,0.09848
11,0.96631,681.11666,41,-0.22858,-0.02972,0.21906
11,0.96631,681.11666,42,-0.26952,-0.03106,0.18336
11,0.96631,681.11666,43,-0.35266,-0.05415,0.18329
11,0.96631,681.11666,44,-0.30741,-0.12309,0.1897
11,0.96631,681.11666,45,-0.17176,-0.08101,0.17885
11,0.96631,681.11666,46,-0.29594,-0.01986,0.24822
11,0.96631,681.11666,47,-0.358,-0.02973,0.20925
11,0.96631,681.11666,48,-0.26371,-0.16115,0.13193
11,0.96631,681.11666,49,-0.299,-0.07993,0.11403
11,0.96631,681.11666,50,-0.30201,-0.13031,0.20629
11,0.96631,681.11666,51,-0.30033,-0.15432,0.154
11,0.96631,681.11666,52,-0.39367,-0.18965,0.10768
11,0.96631,681.11666,53,-0.35564,-0.14769,0.13829
11,0.96631,681.11666,54,-0.2789,-0.09503,0.1004
11,0.96631,681.11666,55,-0.32757,-0.10915,0.09918
11,0.96631,681.11666,56,-0.28911,-0.11426,0.19429
11,0.96631,681.11666,57,-0.29553,-0.13028,0.19558
11,0.96631,681.11666,58,-0.3001,-0.04843,0.2033
11,0.96631,681.11666,59,-0.24144,0.04829,0.18997
11,0.96631,681.11666,60,-0.22755,0.05758,0.20114
11,0.96631,681.11666,61,-0.17083,0.04835,0.13257
11,0.96631,681.11666,62,-0.25162,0.05978,0.1056
11,0.96631,681.11666,63,-0.23996,0.00978,0.12209
11,0.96631,681.11666,64,-0.23409,0.07542,0.08686
11,0.96631,681.11666,65,-0.25013,0.0818,0.07662
11,0.96631,681.11666,66,-0.27852,-0.00773,0.1329
11,0.96631,681.11666,67,-0.24183,0.0698,0.16191
11,0.96631,681.11666,68,-0.22205,0.15978,0.09601
11,0.96631,681.11666,69,-0.30648,0.10648,0.09294
11,0.96631,681.11666,70,-0.28387,0.11802,0.05058
11,0.96631,681.11666,71,-0.31187,0.22158,0.05034
11,0.96631,681.11666,72,-0.28714,0.16133,0.13062
11,0.96631,681.11666,73,-0.25112,0.16923,0.16705
11,0.96631,681.11666,74,-0.36058,0.14018,0.11792
11,0.96631,681.11666,75,-0.41361,0.15215,0.17529
11,0.96631,681.11666,76,-0.29488,0.15546,0.07965
11,0.96631,681.11666,77,-0.29132,0.16079,0.07045
12,0.97453,677.54167,1,-0.30322,-0.03576,0.12932
12,0.97453,677.54167,2,-0.27738,0.05565,0.2894
12,0.97453,677.54167,3,-0.09351,0.07527,0.20302
12,0.97453,677.54167,4,-0.05482,0.20666,0.26832
12,0.97453,677.54167,5,0.08929,0.22047,0.45434
12,0.97453,677.54167,6,0.07497,0.2773,0.55302
12,0.97453,677.54167,7,0.26456,0.35414,0.5782
12,0.97453,677.54167,8,0.31079,0.304,0.6598
12,0.97453,677.54167,9,0.3424,0.34909,0.68357
12,0.97453,677.54167,10,0.39326,0.26639,0.79754
12,0.97453,677.54167,11,0.33576,0.36291,0.88715
12,0.97453,677.54167,12,0.30786,0.38726,0.8983
12,0.97453,677.54167,13,0.26838,0.31532,0.82134
12,0.97453,677.54167,14,0.11536,0.26917,0.77891
12,0.97453,677.54167,15,0.06024,0.21843,0.71851
12,0.97453,677.54167,16,0.04604,0.22441,0.65706
12,0.97453,677.54167,17,-0.04918,0.23416,0.48887
12,0.97453,677.54167,18,-0.12696,0.22547,0.37546
12,0.97453,677.54167,19,-0.14938,0.2046,0.32585
12,0.97453,677.54167,20,-0.24926,0.24711,0.15187
12,0.97453,677.54167,21,-0.25561,0.19399,0.14172
12,0.97453,677.54167,22,-0.29649,0.31599,0.12237
12,0.97453,677.54167,23,-0.38825,0.27212,0.22999
12,0.97453,677.54167,24,-0.35439,0.21262,0.16556
12,0.97453,677.54167,25,-0.37143,0.18526,0.21792
12,0.97453,677.54167,26,-0.39259,0.24772,0.2578
12,0.97453,677.54167,27,-0.41492,0.20637,0.32877
12,0.97453,677.54167,28,-0.40368,0.1498,0.3262
12,0.97453,677.54167,29,-0.37149,0.11515,0.31676
12,0.97453,677.54167,30,-0.29681,0.12068,0.26556
12,0.97453,677.54167,31,-0.2303,0.1617,0.34499
12,0.97453,677.54167,32,-0.24124,0.09399,0.34628
12,0.97453,677.54167,33,-0.20266,0.03312,0.21576
12,0.97453,677.54167,34,-0.23163,0.11113,0.12236
12,0.97453,677.54167,35,-0.18709,0.07836,0.10569
12,0.97453,677.54167,36,-0.21465,0.01014,0.20246
12,0.97453,677.54167,37,-0.23956,0.02662,0.18904
12,0.97453,677.54167,38,-0.17233,-0.05846,0.09755
12,0.97453,677.54167,39,-0.20389,-0.03093,0.11343
12,0.97453,677.54167,40,-0.21763,-0.02752,0.09848
12,0.97453,677.54167,41,-0.22872,-0.02954,0.21906
12,0.97453,677.54167,42,-0.26966,-0.03087,0.18336
12,0.97453,677.54167,43,-0.3528,-0.05397,0.18329
12,0.97453,677.54167,44,-0.30755,-0.1229,0.1897
12,0.97453,677.54167,45,-0.17189,-0.08083,0.17885
12,0.97453,677.54167,46,-0.29607,-0.01968,0.24822
12,0.97453,677.54167,47,-0.35814,-0.02955,0.20924
12,0.97453,677.54167,48,-0.26384,-0.16098,0.13193
12,0.97453,677.54167,49,-0.29913,-0.07975,0.1142
12,0.97453,677.54167,50,-0.30213,-0.13014,0.20678
12,0.97453,677.54167,51,-0.30045,-0.15415,0.15449
12,0.97453,677.54167,52,-0.39379,-0.18949,0.10817
12,0.97453,677.54167,53,-0.35576,-0.14752,0.13878
12,0.97453,677.54167,54,-0.27902,-0.09487,0.10089
12,0.97453,677.54167,55,-0.32768,-0.10899,0.09909
12,0.97453,677.54167,56,-0.28922,-0.1141,0.1942
12,0.97453,677.54167,57,-0.29564,-0.13012,0.1955
12,0.97453,677.54167,58,-0.30021,-0.04826,0.20321
12,0.97453,677.54167,59,-0.24155,0.04845,0.18988
12,0.97453,677.54167,60,-0.22766,0.05774,0.20106
12,0.97453,677.54167,61,-0.17094,0.04851,0.13249
12,0.97453,677.54167,62,-0.25172,0.05994,0.1058
12,0.97453,677.54167,63,-0.24006,0.00993,0.12286
12,0.97453,677.54167,64,-0.23419,0.07558,0.08686
12,0.97453,677.54167,65,-0.25023,0.08195,0.07662
12,0.97453,677.54167,66,-0.27862,-0.00758,0.1329
12,0.97453,677.54167,67,-0.24193,0.06995,0.16191
12,0.97453,677.54167,68,-0.22215,0.15992,0.09601
12,0.97453,677.54167,69,-0.30658,0.10663,0.09294
12,0.97453,677.54167,70,-0.28396,0.11816,0.05058
12,0.97453,677.54167,71,-0.31196,0.22173,0.05034
12,0.97453,677.54167,72,-0.28723,0.16147,0.13063
12,0.97453,677.54167,73,-0.25121,0.16937,0.16705
12,0.97453,677.54167,74,-0.36067,0.14032,0.11792
12,0.97453,677.54167,75,-0.41361,0.15229,0.17527
12,0.97453,677.54167,76,-0.33818,0.104,0.13519
12,0.97453,677.54167,77,-0.21562,0.22647,0.10686
13,0.73279,692.00446,1,-0.32405,-0.03398,0.1231
13,0.73279,692.00446,2,-0.30122,0.05746,0.27784
13,0.73279,692.00446,3,-0.11703,0.07714,0.19165
13,0.73279,692.00446,4,-0.07803,0.20857,0.25712
13,0.73279,692.00446,5,0.06637,0.22244,0.4433
13,0.73279,692.00446,6,0.05234,0.27932,0.54211
13,0.73279,692.00446,7,0.24221,0.3562,0.56741
13,0.73279,692.00446,8,0.2887,0.30611,0.64911
13,0.73279,692.00446,9,0.35899,0.35282,0.67157
13,0.73279,692.00446,10,0.41041,0.26933,0.78747
13,0.73279,692.00446,11,0.35207,0.36772,0.88513
13,0.73279,692.00446,12,0.32335,0.38681,0.89981
13,0.73279,692.00446,13,0.28201,0.31722,0.82277
13,0.73279,692.00446,14,0.12891,0.27105,0.78031
13,0.73279,692.00446,15,0.0737,0.2203,0.71988
13,0.73279,692.00446,16,0.05941,0.22627,0.6584
13,0.73279,692.00446,17,-0.03591,0.236,0.49017
13,0.73279,692.00446,18,-0.11378,0.2273,0.37672
13,0.73279,692.00446,19,-0.1363,0.20642,0.32708
13,0.73279,692.00446,20,-0.23628,0.24892,0.15305
13,0.73279,692.00446,21,-0.24742,0.19624,0.12989
13,0.73279,692.00446,22,-0.2907,0.31846,0.10415
13,0.73279,692.00446,23,-0.38893,0.2761,0.21248
13,0.73279,692.00446,24,-0.37431,0.22104,0.15036
13,0.73279,692.00446,25,-0.3892,0.19334,0.20318
13,0.73279,692.00446,26,-0.39259,0.2523,0.24632
13,0.73279,692.00446,27,-0.41492,0.20888,0.31468
13,0.73279,692.00446,28,-0.40368,0.1523,0.31217
13,0.73279,692.00446,29,-0.37151,0.11764,0.3028
13,0.73279,692.00446,30,-0.29685,0.12316,0.25168
13,0.73279,692.00446,31,-0.23035,0.16418,0.33119
13,0.73279,692.00446,32,-0.24132,0.09646,0.33258
13,0.73279,692.00446,33,-0.20277,0.03557,0.20217
13,0.73279,692.00446,34,-0.23176,0.11358,0.10889
13,0.73279,692.00446,35,-0.18851,0.08104,0.10845
13,0.73279,692.00446,36,-0.21097,0.01245,0.17653
13,0.73279,692.00446,37,-0.23587,0.02892,0.16322
13,0.73279,692.00446,38,-0.16921,-0.05607,0.08921
13,0.73279,692.00446,39,-0.20088,-0.02853,0.10765
13,0.73279,692.00446,40,-0.21416,-0.02527,0.09848
13,0.73279,692.00446,41,-0.22527,-0.02729,0.21906
13,0.73279,692.00446,42,-0.26622,-0.02864,0.18336
13,0.73279,692.00446,43,-0.34938,-0.05174,0.18329
13,0.73279,692.00446,44,-0.30415,-0.12068,0.18971
13,0.73279,692.00446,45,-0.16851,-0.07862,0.17886
13,0.73279,692.00446,46,-0.29271,-0.01748,0.24823
13,0.73279,692.00446,47,-0.35479,-0.02736,0.20926
13,0.73279,692.00446,48,-0.26052,-0.1588,0.13195
13,0.73279,692.00446,49,-0.29588,-0.07761,0.10943
13,0.73279,692.00446,50,-0.29901,-0.12803,0.19247
13,0.73279,692.00446,51,-0.29733,-0.15206,0.14023
13,0.73279,692.00446,52,-0.39089,-0.18736,0.10015
13,0.73279,692.00446,53,-0.35316,-0.14535,0.14266
13,0.73279,692.00446,54,-0.27643,-0.0927,0.10475
13,0.73279,692.00446,55,-0.32474,-0.10695,0.09335
13,0.73279,692.00446,56,-0.28628,-0.11207,0.18848
13,0.73279,692.00446,57,-0.29272,-0.12809,0.1898
13,0.73279,692.00446,58,-0.29729,-0.04624,0.19753
13,0.73279,692.00446,59,-0.23865,0.05047,0.18422
13,0.73279,692.00446,60,-0.22478,0.05975,0.19541
13,0.73279,692.00446,61,-0.16808,0.05051,0.12687
13,0.73279,692.00446,62,-0.24892,0.06192,0.10537
13,0.73279,692.00446,63,-0.27144,0.02737,0.11718
13,0.73279,692.00446,64,-0.162,0.09433,0.099
13,0.73279,692.00446,65,-0.20072,0.11228,0.10051
13,0.73279,692.00446,66,-0.20626,0.06646,0.08972
13,0.73279,692.00446,67,-0.20955,0.08497,0.09348
13,0.73279,692.00446,68,-0.23709,0.0686,0.11379
13,0.73279,692.00446,69,-0.22856,0.14965,0.09999
13,0.73279,692.00446,70,-0.32374,0.15275,0.09969
13,0.73279,692.00446,71,-0.24213,0.08734,0.08316
13,0.73279,692.00446,72,-0.29429,0.13415,0.1385
13,0.73279,692.00446,73,-0.36175,0.06524,0.13242
13,0.73279,692.00446,74,-0.33971,0.10085,0.08507
13,0.73279,692.00446,75,-0.34143,0.13649,0.09274
13,0.73279,692.00446,76,-0.29261,0.14487,0.07687
13,0.73279,692.00446,77,-0.30027,0.1884,0.12077
14,0.73279,692.00446,1,-0.32405,-0.03398,0.1231
14,0.73279,692.00446,2,-0.30122,0.05746,0.27784
14,0.73279,692.00446,3,-0.11703,0.07714,0.19165
14,0.73279,692.00446,4,-0.07803,0.20857,0.25712
14,0.73279,692.00446,5,0.06637,0.22244,0.4433
14,0.73279,692.00446,6,0.05234,0.27932,0.54211
14,0.73279,692.00446,7,0.24221,0.3562,0.56741
14,0.73279,692.00446,8,0.2887,0.30611,0.64911
14,0.73279,692.00446,9,0.35899,0.35282,0.67157
14,0.73279,692.00446,10,0.41041,0.26933,0.78747
14,0.73279,692.00446,11,0.35207,0.36772,0.88513
14,0.73279,692.00446,12,0.32335,0.38681,0.89981
14,0.73279,692.00446,13,0.28201,0.31722,0.82277
14,0.73279,692.00446,14,0.12891,0.27105,0.78031
14,0.73279,692.00446,15,0.0737,0.2203,0.71988
14,0.73279,692.00446,16,0.05941,0.22627,0.6584
14,0.73279,692.00446,17,-0.03591,0.236,0.49017
14,0.73279,692.00446,18,-0.11378,0.2273,0.37672
14,0.73279,692.00446,19,-0.1363,0.20642,0.32708
14,0.73279,692.00446,20,-0.23628,0.24892,0.15305
14,0.73279,692.00446,21,-0.24742,0.19624,0.12989
14,0.73279,692.00446,22,-0.2907,0.31846,0.10415
14,0.73279,692.00446,23,-0.38893,0.2761,0.21248
14,0.73279,692.00446,24,-0.37431,0.22104,0.15036
14,0.73279,692.00446,25,-0.3892,0.19334,0.20318
14,0.73279,692.00446,26,-0.39259,0.2523,0.24632
14,0.73279,692.00446,27,-0.41492,0.20888,0.31468
14,0.73279,692.00446,28,-0.40368,0.1523,0.31217
14,0.73279,692.00446,29,-0.37151,0.11764,0.3028
14,0.73279,692.00446,30,-0.29685,0.12316,0.25168
14,0.73279,692.00446,31,-0.23035,0.16418,0.33119
14,0.73279,692.00446,32,-0.24132,0.09646,0.33258
14,0.73279,692.00446,33,-0.20277,0.03557,0.20217
14,0.73279,692.00446,34,-0.23176,0.11358,0.10889
14,0.73279,692.00446,35,-0.18851,0.08104,0.10845
14,0.73279,692.00446,36,-0.21097,0.01245,0.17653
14,0.73279,692.00446,37,-0.23587,0.02892,0.16322
14,0.73279,692.00446,38,-0.16921,-0.05607,0.08921
14,0.73279,692.00446,39,-0.20088,-0.02853,0.10765
14,0.73279,692.00446,40,-0.21416,-0.02527,0.09848
14,0.73279,692.00446,41,-0.22527,-0.02729,0.21906
14,0.73279,692.00446,42,-0.26622,-0.02864,0.18336
14,0.73279,692.00446,43,-0.34938,-0.05174,0.18329
14,0.73279,692.00446,44,-0.30415,-0.12068,0.18971
14,0.73279,692.00446,45,-0.16851,-0.07862,0.17886
14,0.73279,692.00446,46,-0.29271,-0.01748,0.24823
14,0.73279,692.00446,47,-0.35479,-0.02736,0.20926
14,0.73279,692.00446,48,-0.26052,-0.1588,0.13195
14,0.73279,692.00446,49,-0.29588,-0.07761,0.10943
14,0.73279,692.00446,50,-0.29901,-0.12803,0.19247
14,0.73279,692.00446,51,-0.29733,-0.15206,0.14023
14,0.73279,692.00446,52,-0.39089,-0.18736,0.10015
14,0.73279,692.00446,53,-0.35316,-0.14535,0.14266
14,0.73279,692.00446,54,-0.27643,-0.0927,0.10475
14,0.73279,692.00446,55,-0.32474,-0.10695,0.09335
14,0.73279,692.00446,56,-0.28628,-0.11207,0.18848
14,0.73279,692.00446,57,-0.29272,-0.12809,0.1898
14,0.73279,692.00446,58,-0.29729,-0.04624,0.19753
14,0.73279,692.00446,59,-0.23865,0.05047,0.18422
14,0.73279,692.00446,60,-0.22478,0.05975,0.19541
14,0.73279,692.00446,61,-0.16808,0.05051,0.12687
14,0.73279,692.00446,62,-0.24892,0.06192,0.10537
14,0.73279,692.00446,63,-0.27144,0.02737,0.11718
14,0.73279,692.00446,64,-0.162,0.09433,0.099
14,0.73279,692.00446,65,-0.20072,0.11228,0.10051
14,0.73279,692.00446,66,-0.20626,0.06646,0.08972
14,0.73279,692.00446,67,-0.20955,0.08497,0.09348
14,0.73279,692.00446,68,-0.23709,0.0686,0.11379
14,0.73279,692.00446,69,-0.22856,0.14965,0.09999
14,0.73279,692.00446,70,-0.32374,0.15275,0.09969
14,0.73279,692.00446,71,-0.24213,0.08734,0.08316
14,0.73279,692.00446,72,-0.29429,0.13415,0.1385
14,0.73279,692.00446,73,-0.36175,0.06524,0.13242
14,0.73279,692.00446,74,-0.33971,0.10085,0.08507
14,0.73279,692.00446,75,-0.34143,0.13649,0.09274
14,0.73279,692.00446,76,-0.29261,0.14487,0.07687
14,0.73279,692.00446,77,-0.30027,0.1884,0.12077
15,0.73279,692.00446,1,-0.32405,-0.03398,0.1231
15,0.73279,692.00446,2,-0.30122,0.05746,0.27784
15,0.73279,692.00446,3,-0.11703,0.07714,0.19165
15,0.73279,692.00446,4,-0.07803,0.20857,0.25712
15,0.73279,692.00446,5,0.06637,0.22244,0.4433
15,0.73279,692.00446,6,0.05234,0.27932,0.54211
15,0.73279,692.00446,7,0.24221,0.3562,0.56741
15,0.73279,692.00446,8,0.2887,0.30611,0.64911
15,0.73279,692.00446,9,0.35899,0.35282,0.67157
15,0.73279,692.00446,10,0.41041,0.26933,0.78747
15,0.73279,692.00446,11,0.35207,0.36772,0.88513
15,0.73279,692.00446,12,0.32335,0.38681,0.89981
15,0.73279,692.00446,13,0.28201,0.31722,0.82277
15,0.73279,692.00446,14,0.12891,0.27105,0.78031
15,0.73279,692.00446,15,0.0737,0.2203,0.71988
15,0.73279,692.00446,16,0.05941,0.22627,0.6584
15,0.73279,692.00446,17,-0.03591,0.236,0.49017
15,0.73279,692.00446,18,-0.11378,0.2273,0.37672
15,0.73279,692.00446,19,-0.1363,0.20642,0.32708
15,0.73279,692.00446,20,-0.23628,0.24892,0.15305
15,0.73279,692.00446,21,-0.24742,0.19624,0.12989
15,0.73279,692.00446,22,-0.2907,0.31846,0.10415
15,0.73279,692.00446,23,-0.38893,0.2761,0.21248
15,0.73279,692.00446,24,-0.37431,0.22104,0.15036
15,0.73279,692.00446,25,-0.3892,0.19334,0.20318
15,0.73279,692.00446,26,-0.39259,0.2523,0.24632
15,0.73279,692.00446,27,-0.41492,0.20888,0.31468
15,0.73279,692.00446,28,-0.40368,0.1523,0.31217
15,0.73279,692.00446,29,-0.37151,0.11764,0.3028
15,0.73279,692.00446,30,-0.29685,0.12316,0.25168
15,0.73279,692.00446,31,-0.23035,0.16418,0.33119
15,0.73279,692.00446,32,-0.24132,0.09646,0.33258
15,0.73279,692.00446,33,-0.20277,0.03557,0.20217
15,0.73279,692.00446,34,-0.23176,0.11358,0.10889
15,0.73279,692.00446,35,-0.18851,0.08104,0.10845
15,0.73279,692.00446,36,-0.21097,0.01245,0.17653
15,0.73279,692.00446,37,-0.23587,0.02892,0.16322
15,0.73279,692.00446,38,-0.16921,-0.05607,0.08921
15,0.73279,692.00446,39,-0.20088,-0.02853,0.10765
15,0.73279,692.00446,40,-0.21416,-0.02527,0.09848
15,0.73279,692.00446,41,-0.22527,-0.02729,0.21906
15,0.73279,692.00446,42,-0.26622,-0.02864,0.18336
15,0.73279,692.00446,43,-0.34938,-0.05174,0.18329
15,0.73279,692.00446,44,-0.30415,-0.12068,0.18971
15,0.73279,692.00446,45,-0.16851,-0.07862,0.17886
15,0.73279,692.00446,46,-0.29271,-0.01748,0.24823
15,0.73279,692.00446,47,-0.35479,-0.02736,0.20926
15,0.73279,692.00446,48,-0.26052,-0.1588,0.13195
15,0.73279,692.00446,49,-0.29588,-0.07761,0.10943
15,0.73279,692.00446,50,-0.29901,-0.12803,0.19247
15,0.73279,692.00446,51,-0.29733,-0.15206,0.14023
15,0.73279,692.00446,52,-0.39089,-0.18736,0.10015
15,0.73279,692.00446,53,-0.35316,-0.14535,0.14266
15,0.73279,692.00446,54,-0.27643,-0.0927,0.10475
15,0.73279,692.00446,55,-0.32474,-0.10695,0.09335
15,0.73279,692.00446,56,-0.28628,-0.11207,0.18848
15,0.73279,692.00446,57,-0.29272,-0.12809,0.1898
15,0.73279,692.00446,58,-0.29729,-0.04624,0.19753
15,0.73279,692.00446,59,-0.23865,0.05047,0.18422
15,0.73279,692.00446,60,-0.22478,0.05975,0.19541
15,0.73279,692.00446,61,-0.16808,0.05051,0.12687
15,0.73279,692.00446,62,-0.24892,0.06192,0.10537
15,0.73279,692.00446,63,-0.27144,0.02737,0.11718
15,0.73279,692.00446,64,-0.162,0.09433,0.099
15,0.73279,692.00446,65,-0.20072,0.11228,0.10051
15,0.73279,692.00446,66,-0.20626,0.06646,0.08972
15,0.73279,692.00446,67,-0.20955,0.08497,0.09348
15,0.73279,692.00446,68,-0.23709,0.0686,0.11379
15,0.73279,692.00446,69,-0.22856,0.14965,0.09999
15,0.73279,692.00446,70,-0.32374,0.15275,0.09969
15,0.73279,692.00446,71,-0.24213,0.08734,0.08316
15,0.73279,692.00446,72,-0.29429,0.13415,0.1385
15,0.73279,692.00446,73,-0.36175,0.06524,0.13242
15,0.73279,692.00446,74,-0.33971,0.10085,0.08507
15,0.73279,692.00446,75,-0.34143,0.13649,0.09274
15,0.73279,692.00446,76,-0.29261,0.14487,0.07687
15,0.73279,692.00446,77,-0.30027,0.1884,0.12077
16,0.73279,692.00446,1,-0.32405,-0.03398,0.1231
16,0.73279,692.00446,2,-0.30122,0.05746,0.27784
16,0.73279,692.00446,3,-0.11703,0.07714,0.19165
16,0.73279,692.00446,4,-0.07803,0.20857,0.25712
16,0.73279,692.00446,5,0.06637,0.22244,0.4433
16,0.73279,692.00446,6,0.05234,0.27932,0.54211
16,0.73279,692.00446,7,0.24221,0.3562,0.56741
16,0.73279,692.00446,8,0.2887,0.30611,0.64911
16,0.73279,692.00446,9,0.35899,0.35282,0.67157
16,0.73279,692.00446,10,0.41041,0.26933,0.78747
16,0.73279,692.00446,11,0.35207,0.36772,0.88513
16,0.73279,692.00446,12,0.32335,0.38681,0.89981
16,0.73279,692.00446,13,0.28201,0.31722,0.82277
16,0.73279,692.00446,14,0.12891,0.27105,0.78031
16,0.73279,692.00446,15,0.0737,0.2203,0.71988
16,0.73279,692.00446,16,0.05941,0.22627,0.6584
16,0.73279,692.00446,17,-0.03591,0.236,0.49017
16,0.73279,692.00446,18,-0.11378,0.2273,0.37672
16,0.73279,692.00446,19,-0.1363,0.20642,0.32708
16,0.73279,692.00446,20,-0.23628,0.24892,0.15305
16,0.73279,692.00446,21,-0.24742,0.19624,0.12989
16,0.73279,692.00446,22,-0.2907,0.31846,0.10415
16,0.73279,692.00446,23,-0.38893,0.2761,0.21248
16,0.73279,692.00446,24,-0.37431,0.22104,0.15036
16,0.73279,692.00446,25,-0.3892,0.19334,0.20318
16,0.73279,692.00446,26,-0.39259,0.2523,0.24632
16,0.73279,692.00446,27,-0.41492,0.20888,0.31468
16,0.73279,692.00446,28,-0.40368,0.1523,0.31217
16,0.73279,692.00446,29,-0.37151,0.11764,0.3028
16,0.73279,692.00446,30,-0.29685,0.12316,0.25168
16,0.73279,692.00446,31,-0.23035,0.16418,0.33119
16,0.73279,692.00446,32,-0.24132,0.09646,0.33258
16,0.73279,692.00446,33,-0.20277,0.03557,0.20217
16,0.73279,692.00446,34,-0.23176,0.11358,0.10889
16,0.73279,692.00446,35,-0.18851,0.08104,0.10845
16,0.73279,692.00446,36,-0.21097,0.01245,0.17653
16,0.73279,692.00446,37,-0.23587,0.02892,0.16322
16,0.73279,692.00446,38,-0.16921,-0.05607,0.08921
16,0.73279,692.00446,39,-0.20088,-0.02853,0.10765
16,0.73279,692.00446,40,-0.21416,-0.02527,0.09848
16,0.73279,692.00446,41,-0.22527,-0.02729,0.21906
16,0.73279,692.00446,42,-0.26622,-0.02864,0.18336
16,0.73279,692.00446,43,-0.34938,-0.05174,0.18329
16,0.73279,692.00446,44,-0.30415,-0.12068,0.18971
16,0.73279,692.00446,45,-0.16851,-0.07862,0.17886
16,0.73279,692.00446,46,-0.29271,-0.01748,0.24823
16,0.73279,692.00446,47,-0.35479,-0.02736,0.20926
16,0.73279,692.00446,48,-0.26052,-0.1588,0.13195
16,0.73279,692.00446,49,-0.29588,-0.07761,0.10943
16,0.73279,692.00446,50,-0.29901,-0.12803,0.19247
16,0.73279,692.00446,51,-0.29733,-0.15206,0.14023
16,0.73279,692.00446,52,-0.39089,-0.18736,0.10015
16,0.73279,692.00446,53,-0.35316,-0.14535,0.14266
16,0.73279,692.00446,54,-0.27643,-0.0927,0.10475
16,0.73279,692.00446,55,-0.32474,-0.10695,0.09335
16,0.73279,692.00446,56,-0.28628,-0.11207,0.18848
16,0.73279,692.00446,57,-0.29272,-0.12809,0.1898
16,0.73279,692.00446,58,-0.29729,-0.04624,0.19753
16,0.73279,692.00446,59,-0.23865,0.05047,0.18422
16,0.73279,692.00446,60,-0.22478,0.05975,0.19541
16,0.73279,692.00446,61,-0.16808,0.05051,0.12687
16,0.73279,692.00446,62,-0.24892,0.06192,0.10537
16,0.73279,692.00446,63,-0.27144,0.02737,0.11718
16,0.73279,692.00446,64,-0.162,0.09433,0.099
16,0.73279,692.00446,65,-0.20072,0.11228,0.10051
16,0.73279,692.00446,66,-0.20626,0.06646,0.08972
16,0.73279,692.00446,67,-0.20955,0.08497,0.09348
16,0.73279,692.00446,68,-0.23709,0.0686,0.11379
16,0.73279,692.00446,69,-0.22856,0.14965,0.09999
16,0.73279,692.00446,70,-0.32374,0.15275,0.09969
16,0.73279,692.00446,71,-0.24213,0.08734,0.08316
16,0.73279,692.00446,72,-0.29429,0.13415,0.1385
16,0.73279,692.00446,73,-0.36175,0.06524,0.13242
16,0.73279,692.00446,74,-0.33971,0.10085,0.08507
16,0.73279,692.00446,75,-0.34143,0.13649,0.09274
16,0.73279,692.00446,76,-0.29261,0.14487,0.07687
16,0.73279,692.00446,77,-0.30027,0.1884,0.12077
17,0.73279,692.00446,1,-0.32405,-0.03398,0.1231
17,0.73279,692.00446,2,-0.30122,0.05746,0.27784
17,0.73279,692.00446,3,-0.11703,0.07714,0.19165
17,0.73279,692.00446,4,-0.07803,0.20857,0.25712
17,0.73279,692.00446,5,0.06637,0.22244,0.4433
17,0.73279,692.00446,6,0.05234,0.27932,0.54211
17,0.73279,692.00446,7,0.24221,0.3562,0.56741
17,0.73279,692.00446,8,0.2887,0.30611,0.64911
17,0.73279,692.00446,9,0.35899,0.35282,0.67157
17,0.73279,692.00446,10,0.41041,0.26933,0.78747
17,0.73279,692.00446,11,0.35207,0.36772,0.88513
17,0.73279,692.00446,12,0.32335,0.38681,0.89981
17,0.73279,692.00446,13,0.28201,0.31722,0.82277
17,0.73279,692.00446,14,0.12891,0.27105,0.78031
17,0.73279,692.00446,15,0.0737,0.2203,0.71988
17,0.73279,692.00446,16,0.05941,0.22627,0.6584
17,0.73279,692.00446,17,-0.03591,0.236,0.49017
17,0.73279,692.00446,18,-0.11378,0.2273,0.37672
17,0.73279,692.00446,19,-0.1363,0.20642,0.32708
17,0.73279,692.00446,20,-0.23628,0.24892,0.15305
17,0.73279,692.00446,21,-0.24742,0.19624,0.12989
17,0.73279,692.00446,22,-0.2907,0.31846,0.10415
17,0.73279,692.00446,23,-0.38893,0.2761,0.21248
17,0.73279,692.00446,24,-0.37431,0.22104,0.15036
17,0.73279,692.00446,25,-0.3892,0.19334,0.20318
17,0.73279,692.00446,26,-0.39259,0.2523,0.24632
17,0.73279,692.00446,27,-0.41492,0.20888,0.31468
17,0.73279,692.00446,28,-0.40368,0.1523,0.31217
17,0.73279,692.00446,29,-0.37151,0.11764,0.3028
17,0.73279,692.00446,30,-0.29685,0.12316,0.25168
17,0.73279,692.00446,31,-0.23035,0.16418,0.33119
17,0.73279,692.00446,32,-0.24132,0.09646,0.33258
17,0.73279,692.00446,33,-0.20277,0.03557,0.20217
17,0.73279,692.00446,34,-0.23176,0.11358,0.10889
17,0.73279,692.00446,35,-0.18851,0.08104,0.10845
17,0.73279,692.00446,36,-0.21097,0.01245,0.17653
17,0.73279,692.00446,37,-0.23587,0.02892,0.16322
17,0.73279,692.00446,38,-0.16921,-0.05607,0.08921
17,0.73279,692.00446,39,-0.20088,-0.02853,0.10765
17,0.73279,692.00446,40,-0.21416,-0.02527,0.09848
17,0.73279,692.00446,41,-0.22527,-0.02729,0.21906
17,0.73279,692.00446,42,-0.26622,-0.02864,0.18336
17,0.73279,692.00446,43,-0.34938,-0.05174,0.18329
17,0.73279,692.00446,44,-0.30415,-0.12068,0.18971
17,0.73279,692.00446,45,-0.16851,-0.07862,0.17886
17,0.73279,692.00446,46,-0.29271,-0.01748,0.24823
17,0.73279,692.00446,47,-0.35479,-0.02736,0.20926
17,0.73279,692.00446,48,-0.26052,-0.1588,0.13195
17,0.73279,692.00446,49,-0.29588,-0.07761,0.10943
17,0.73279,692.00446,50,-0.29901,-0.12803,0.19247
17,0.73279,692.00446,51,-0.29733,-0.15206,0.14023
17,0.73279,692.00446,52,-0.39089,-0.18736,0.10015
17,0.73279,692.00446,53,-0.35316,-0.14535,0.14266
17,0.73279,692.00446,54,-0.27643,-0.0927,0.10475
17,0.73279,692.00446,55,-0.32474,-0.10695,0.09335
17,0.73279,692.00446,56,-0.28628,-0.11207,0.18848
17,0.73279,692.00446,57,-0.29272,-0.12809,0.1898
17,0.73279,692.00446,58,-0.29729,-0.04624,0.19753
17,0.73279,692.00446,59,-0.23865,0.05047,0.18422
17,0.73279,692.00446,60,-0.22478,0.05975,0.19541
17,0.73279,692.00446,61,-0.16808,0.05051,0.12687
17,0.73279,692.00446,62,-0.24892,0.06192,0.10537
17,0.73279,692.00446,63,-0.27144,0.02737,0.11718
17,0.73279,692.00446,64,-0.162,0.09433,0.099
17,0.73279,692.00446,65,-0.20072,0.11228,0.10051
17,0.73279,692.00446,66,-0.20626,0.06646,0.08972
17,0.73279,692.00446,67,-0.20955,0.08497,0.09348
17,0.73279,692.00446,68,-0.23709,0.0686,0.11379
17,0.73279,692.00446,69,-0.22856,0.14965,0.09999
17,0.73279,692.00446,70,-0.32374,0.15275,0.09969
17,0.73279,692.00446,71,-0.24213,0.08734,0.08316
17,0.73279,692.00446,72,-0.29429,0.13415,0.1385
17,0.73279,692.00446,73,-0.36175,0.06524,0.13242
17,0.73279,692.00446,74,-0.33971,0.10085,0.08507
17,0.73279,692.00446,75,-0.34143,0.13649,0.09274
17,0.73279,692.00446,76,-0.29261,0.14487,0.07687
17,0.73279,692.00446,77,-0.30027,0.1884,0.12077
18,0.97453,677.54167,1,-0.30322,-0.03576,0.12932
18,0.97453,677.54167,2,-0.27738,0.05565,0.2894
18,0.97453,677.54167,3,-0.09351,0.07527,0.20302
18,0.97453,677.54167,4,-0.05482,0.20666,0.26832
18,0.97453,677.54167,5,0.08929,0.22047,0.45434
18,0.97453,677.54167,6,0.07497,0.2773,0.55302
18,0.97453,677.54167,7,0.26456,0.35414,0.5782
18,0.97453,677.54167,8,0.31079,0.304,0.6598
18,0.97453,677.54167,9,0.3424,0.34909,0.68357
18,0.97453,677.54167,10,0.39326,0.26639,0.79754
18,0.97453,677.54167,11,0.33576,0.36291,0.88715
18,0.97453,677.54167,12,0.30786,0.38726,0.8983
18,0.97453,677.54167,13,0.26838,0.31532,0.82134
18,0.97453,677.54167,14,0.11536,0.26917,0.77891
18,0.97453,677.54167,15,0.06024,0.21843,0.71851
18,0.97453,677.54167,16,0.04604,0.22441,0.65706
18,0.97453,677.54167,17,-0.04918,0.23416,0.48887
18,0.97453,677.54167,18,-0.12696,0.22547,0.37546
18,0.97453,677.54167,19,-0.14938,0.2046,0.32585
18,0.97453,677.54167,20,-0.24926,0.24711,0.15187
18,0.97453,677.54167,21,-0.25561,0.19399,0.14172
18,0.97453,677.54167,22,-0.29649,0.31599,0.12237
18,0.97453,677.54167,23,-0.38825,0.27212,0.22999
18,0.97453,677.54167,24,-0.35439,0.21262,0.16556
18,0.97453,677.54167,25,-0.37143,0.18526,0.21792
18,0.97453,677.54167,26,-0.39259,0.24772,0.2578
18,0.97453,677.54167,27,-0.41492,0.20637,0.32877
18,0.97453,677.54167,28,-0.40368,0.1498,0.3262
18,0.97453,677.54167,29,-0.37149,0.11515,0.31676
18,0.97453,677.54167,30,-0.29681,0.12068,0.26556
18,0.97453,677.54167,31,-0.2303,0.1617,0.34499
18,0.97453,677.54167,32,-0.24124,0.09399,0.34628
18,0.97453,677.54167,33,-0.20266,0.03312,0.21576
18,0.97453,677.54167,34,-0.23163,0.11113,0.12236
18,0.97453,677.54167,35,-0.18709,0.07836,0.10569
18,0.97453,677.54167,36,-0.21465,0.01014,0.20246
18,0.97453,677.54167,37,-0.23956,0.02662,0.18904
18,0.97453,677.54167,38,-0.17233,-0.05846,0.09755
18,0.97453,677.54167,39,-0.20389,-0.03093,0.11343
18,0.97453,677.54167,40,-0.21763,-0.02752,0.09848
18,0.97453,677.54167,41,-0.22872,-0.02954,0.21906
18,0.97453,677.54167,42,-0.26966,-0.03087,0.18336
18,0.97453,677.54167,43,-0.3528,-0.05397,0.18329
18,0.97453,677.54167,44,-0.30755,-0.1229,0.1897
18,0.97453,677.54167,45,-0.17189,-0.08083,0.17885
18,0.97453,677.54167,46,-0.29607,-0.01968,0.24822
18,0.97453,677.54167,47,-0.35814,-0.02955,0.20924
18,0.97453,677.54167,48,-0.26384,-0.16098,0.13193
18,0.97453,677.54167,49,-0.29913,-0.07975,0.1142
18,0.97453,677.54167,50,-0.30213,-0.13014,0.20678
18,0.97453,677.54167,51,-0.30045,-0.15415,0.15449
18,0.97453,677.54167,52,-0.39379,-0.18949,0.10817
18,0.97453,677.54167,53,-0.35576,-0.14752,0.13878
18,0.97453,677.54167,54,-0.27902,-0.09487,0.10089
18,0.97453,677.54167,55,-0.32768,-0.10899,0.09909
18,0.97453,677.54167,56,-0.28922,-0.1141,0.1942
18,0.97453,677.54167,57,-0.29564,-0.13012,0.1955
18,0.97453,677.54167,58,-0.30021,-0.04826,0.20321
18,0.97453,677.54167,59,-0.24155,0.04845,0.18988
18,0.97453,677.54167,60,-0.22766,0.05774,0.20106
18,0.97453,677.54167,61,-0.17094,0.04851,0.13249
18,0.97453,677.54167,62,-0.25172,0.05994,0.1058
18,0.97453,677.54167,63,-0.24006,0.00993,0.12286
18,0.97453,677.54167,64,-0.23419,0.07558,0.08686
18,0.97453,677.54167,65,-0.25023,0.08195,0.07662
18,0.97453,677.54167,66,-0.27862,-0.00758,0.1329
18,0.97453,677.54167,67,-0.24193,0.06995,0.16191
18,0.97453,677.54167,68,-0.22215,0.15992,0.09601
18,0.97453,677.54167,69,-0.30658,0.10663,0.09294
18,0.97453,677.54167,70,-0.28396,0.11816,0.05058
18,0.97453,677.54167,71,-0.31196,0.22173,0.05034
18,0.97453,677.54167,72,-0.28723,0.16147,0.13063
18,0.97453,677.54167,73,-0.25121,0.16937,0.16705
18,0.97453,677.54167,74,-0.36067,0.14032,0.11792
18,0.97453,677.54167,75,-0.41361,0.15229,0.17527
18,0.97453,677.54167,76,-0.33818,0.104,0.13519
18,0.97453,677.54167,77,-0.21562,0.22647,0.10686
19,0.96631,681.11666,1,-0.30392,-0.0357,0.1292
19,0.96631,681.11666,2,-0.27819,0.05571,0.28941
19,0.96631,681.11666,3,-0.09431,0.07533,0.20303
19,0.96631,681.11666,4,-0.05561,0.20672,0.26833
19,0.96631,681.11666,5,0.08851,0.22053,0.45436
19,0.96631,681.11666,6,0.0742,0.27736,0.55304
19,0.96631,681.11666,7,0.2638,0.3542,0.57822
19,0.96631,681.11666,8,0.31004,0.30407,0.65982
19,0.96631,681.11666,9,0.34303,0.34916,0.6835
19,0.96631,681.11666,10,0.39428,0.26645,0.79744
19,0.96631,681.11666,11,0.33674,0.36302,0.88725
19,0.96631,681.11666,12,0.30877,0.38723,0.89833
19,0.96631,681.11666,13,0.26923,0.31497,0.82148
19,0.96631,681.11666,14,0.1162,0.26882,0.77905
19,0.96631,681.11666,15,0.06108,0.21808,0.71865
19,0.96631,681.11666,16,0.04687,0.22406,0.6572
19,0.96631,681.11666,17,-0.04836,0.23381,0.489
19,0.96631,681.11666,18,-0.12614,0.22513,0.37559
19,0.96631,681.11666,19,-0.14857,0.20426,0.32598
19,0.96631,681.11666,20,-0.24845,0.24678,0.15199
19,0.96631,681.11666,21,-0.255,0.19367,0.1413
19,0.96631,681.11666,22,-0.29598,0.31568,0.12169
19,0.96631,681.11666,23,-0.38873,0.27205,0.22939
19,0.96631,681.11666,24,-0.3583,0.21335,0.16526
19,0.96631,681.11666,25,-0.37533,0.18599,0.21762
19,0.96631,681.11666,26,-0.39259,0.24806,0.25843
19,0.96631,681.11666,27,-0.41492,0.20619,0.32819
19,0.96631,681.11666,28,-0.40368,0.14963,0.32563
19,0.96631,681.11666,29,-0.37149,0.11498,0.31619
19,0.96631,681.11666,30,-0.29682,0.12051,0.26499
19,0.96631,681.11666,31,-0.2303,0.16153,0.34442
19,0.96631,681.11666,32,-0.24124,0.09382,0.34572
19,0.96631,681.11666,33,-0.20267,0.03295,0.21521
19,0.96631,681.11666,34,-0.23163,0.11096,0.1218
19,0.96631,681.11666,35,-0.18708,0.07819,0.10522
19,0.96631,681.11666,36,-0.2145,0.00995,0.2026
19,0.96631,681.11666,37,-0.23941,0.02643,0.18918
19,0.96631,681.11666,38,-0.17218,-0.05865,0.09769
19,0.96631,681.11666,39,-0.20375,-0.03112,0.11357
19,0.96631,681.11666,40,-0.21749,-0.02771,0.09848
19,0.96631,681.11666,41,-0.22858,-0.02972,0.21906
19,0.96631,681.11666,42,-0.26952,-0.03106,0.18336
19,0.96631,681.11666,43,-0.35266,-0.05415,0.18329
19,0.96631,681.11666,44,-0.30741,-0.12309,0.1897
19,0.96631,681.11666,45,-0.17176,-0.08101,0.17885
19,0.96631,681.11666,46,-0.29594,-0.01986,0.24822
19,0.96631,681.11666,47,-0.358,-0.02973,0.20925
19,0.96631,681.11666,48,-0.26371,-0.16115,0.13193
19,0.96631,681.11666,49,-0.299,-0.07993,0.11403
19,0.96631,681.11666,50,-0.30201,-0.13031,0.20629
19,0.96631,681.11666,51,-0.30033,-0.15432,0.154
19,0.96631,681.11666,52,-0.39367,-0.18965,0.10768
19,0.96631,681.11666,53,-0.35564,-0.14769,0.13829
19,0.96631,681.11666,54,-0.2789,-0.09503,0.1004
19,0.96631,681.11666,55,-0.32757,-0.10915,0.09918
19,0.96631,681.11666,56,-0.28911,-0.11426,0.19429
19,0.96631,681.11666,57,-0.29553,-0.13028,0.19558
19,0.96631,681.11666,58,-0.3001,-0.04843,0.2033
19,0.96631,681.11666,59,-0.24144,0.04829,0.18997
19,0.96631,681.11666,60,-0.22755,0.05758,0.20114
19,0.96631,681.11666,61,-0.17083,0.04835,0.13257
19,0.96631,681.11666,62,-0.25162,0.05978,0.1056
19,0.96631,681.11666,63,-0.23996,0.00978,0.12209
19,0.96631,681.11666,64,-0.23409,0.07542,0.08686
19,0.96631,681.11666,65,-0.25013,0.0818,0.07662
19,0.96631,681.11666,66,-0.27852,-0.00773,0.1329
19,0.96631,681.11666,67,-0.24183,0.0698,0.16191
19,0.96631,681.11666,68,-0.22205,0.15978,0.09601
19,0.96631,681.11666,69,-0.30648,0.10648,0.09294
19,0.96631,681.11666,70,-0.28387,0.11802,0.05058
19,0.96631,681.11666,71,-0.31187,0.22158,0.05034
19,0.96631,681.11666,72,-0.28714,0.16133,0.13062
19,0.96631,681.11666,73,-0.25112,0.16923,0.16705
19,0.96631,681.11666,74,-0.36058,0.14018,0.11792
19,0.96631,681.11666,75,-0.41361,0.15215,0.17529
19,0.96631,681.11666,76,-0.29488,0.15546,0.07965
19,0.96631,681.11666,77,-0.29132,0.16079,0.07045
20,0.80373,688.81583,1,-0.31794,-0.0345,0.12619
20,0.80373,688.81583,2,-0.29423,0.05692,0.28687
20,0.80373,688.81583,3,-0.11014,0.07657,0.20057
20,0.80373,688.81583,4,-0.07124,0.20799,0.26593
20,0.80373,688.81583,5,0.07306,0.22183,0.45202
20,0.80373,688.81583,6,0.05895,0.27869,0.55074
20,0.80373,688.81583,7,0.24873,0.35555,0.57597
20,0.80373,688.81583,8,0.29515,0.30545,0.6576
20,0.80373,688.81583,9,0.35455,0.35052,0.67997
20,0.80373,688.81583,10,0.41041,0.26776,0.79426
20,0.80373,688.81583,11,0.3524,0.36484,0.88643
20,0.80373,688.81583,12,0.32314,0.38963,0.89832
20,0.80373,688.81583,13,0.28145,0.32638,0.81973
20,0.80373,688.81583,14,0.12835,0.28018,0.77729
20,0.80373,688.81583,15,0.07315,0.22939,0.71688
20,0.80373,688.81583,16,0.05887,0.23531,0.65542
20,0.80373,688.81583,17,-0.03644,0.24499,0.48721
20,0.80373,688.81583,18,-0.1143,0.23624,0.37379
20,0.80373,688.81583,19,-0.13682,0.2153,0.32418
20,0.80373,688.81583,20,-0.23679,0.25774,0.15019
20,0.80373,688.81583,21,-0.24672,0.2037,0.13358
20,0.80373,688.81583,22,-0.2894,0.32523,0.11106
20,0.80373,688.81583,23,-0.38836,0.28302,0.21934
20,0.80373,688.81583,24,-0.37955,0.22939,0.15701
20,0.80373,688.81583,25,-0.39001,0.20058,0.2102
20,0.80373,688.81583,26,-0.39259,0.25797,0.25195
20,0.80373,688.81583,27,-0.41492,0.21384,0.3192
20,0.80373,688.81583,28,-0.40368,0.15724,0.31667
20,0.80373,688.81583,29,-0.3715,0.12256,0.30727
20,0.80373,688.81583,30,-0.29683,0.12805,0.25612
20,0.80373,688.81583,31,-0.23032,0.16904,0.3356
20,0.80373,688.81583,32,-0.24128,0.1013,0.33696
20,0.80373,688.81583,33,-0.20272,0.04038,0.20652
20,0.80373,688.81583,34,-0.2317,0.11836,0.11319
20,0.80373,688.81583,35,-0.18689,0.08557,0.09758
20,0.80373,688.81583,36,-0.21214,0.01751,0.20215
20,0.80373,688.81583,37,-0.23706,0.03397,0.18873
20,0.80373,688.81583,38,-0.16984,-0.05114,0.09724
20,0.80373,688.81583,39,-0.20141,-0.02364,0.11312
20,0.80373,688.81583,40,-0.21521,-0.02039,0.09848
20,0.80373,688.81583,41,-0.22631,-0.02244,0.21906
20,0.80373,688.81583,42,-0.26726,-0.0238,0.18336
20,0.80373,688.81583,43,-0.35041,-0.04692,0.18329
20,0.80373,688.81583,44,-0.30517,-0.11588,0.18971
20,0.80373,688.81583,45,-0.16952,-0.07384,0.17885
20,0.80373,688.81583,46,-0.29372,-0.01272,0.24822
20,0.80373,688.81583,47,-0.35579,-0.02262,0.20925
20,0.80373,688.81583,48,-0.26151,-0.15409,0.13194
20,0.80373,688.81583,49,-0.29684,-0.07298,0.11084
20,0.80373,688.81583,50,-0.29989,-0.12353,0.19672
20,0.80373,688.81583,51,-0.29821,-0.14757,0.14446
20,0.80373,688.81583,52,-0.39167,-0.18292,0.10049
20,0.80373,688.81583,53,-0.35403,-0.14095,0.14409
20,0.80373,688.81583,54,-0.2773,-0.08831,0.10618
20,0.80373,688.81583,55,-0.32554,-0.10262,0.09392
20,0.80373,688.81583,56,-0.28708,-0.10776,0.18905
20,0.80373,688.81583,57,-0.29351,-0.12379,0.19036
20,0.80373,688.81583,58,-0.29808,-0.04196,0.19809
20,0.80373,688.81583,59,-0.23943,0.05474,0.18478
20,0.80373,688.81583,60,-0.22556,0.06401,0.19597
20,0.80373,688.81583,61,-0.16885,0.05475,0.12742
20,0.80373,688.81583,62,-0.24967,0.06611,0.10631
20,0.80373,688.81583,63,-0.27214,0.03147,0.11891
20,0.80373,688.81583,64,-0.16265,0.09839,0.0996
20,0.80373,688.81583,65,-0.2014,0.11631,0.10058
20,0.80373,688.81583,66,-0.20692,0.07045,0.08972
20,0.80373,688.81583,67,-0.2102,0.08894,0.09348
20,0.80373,688.81583,68,-0.23773,0.07255,0.11379
20,0.80373,688.81583,69,-0.22919,0.15357,0.09999
20,0.80373,688.81583,70,-0.32436,0.15663,0.09969
20,0.80373,688.81583,71,-0.24274,0.0912,0.08316
20,0.80373,688.81583,72,-0.29489,0.138,0.1385
20,0.80373,688.81583,73,-0.36235,0.06908,0.13242
20,0.80373,688.81583,74,-0.34029,0.10464,0.08556
20,0.80373,688.81583,75,-0.34201,0.14027,0.09324
20,0.80373,688.81583,76,-0.39982,0.10148,0.08133
20,0.80373,688.81583,77,-0.34235,0.12803,0.13866
