particle,elasticity,weight,frame,x,y,z
1,0.58581,339.72996,1,0.40086,-0.42405,0.47731
1,0.58581,339.72996,2,0.32604,-0.40969,0.51298
1,0.58581,339.72996,3,0.25579,-0.37646,0.53381
1,0.58581,339.72996,4,0.18586,-0.34339,0.54052
1,0.58581,339.72996,5,0.11625,-0.31047,0.53315
1,0.58581,339.72996,6,0.04697,-0.2777,0.51179
1,0.58581,339.72996,7,-0.02198,-0.24508,0.4765
1,0.58581,339.72996,8,-0.09059,-0.21263,0.42735
1,0.58581,339.72996,9,-0.15885,-0.18035,0.36443
1,0.58581,339.72996,10,-0.22672,-0.14825,0.28783
1,0.58581,339.72996,11,-0.29419,-0.11634,0.19766
1,0.58581,339.72996,12,-0.36124,-0.08463,0.09405
1,0.58581,339.72996,13,-0.41667,-0.06035,0.06864
1,0.58581,339.72996,14,-0.40259,-0.04787,0.07157
1,0.58581,339.72996,15,-0.39019,-0.03845,0.0745
1,0.58581,339.72996,16,-0.37972,-0.02978,0.07181
1,0.58581,339.72996,17,-0.37198,-0.02168,0.0672
1,0.58581,339.72996,18,-0.36666,-0.01377,0.0596
1,0.58581,339.72996,19,-0.36178,-0.00556,0.04864
1,0.58581,339.72996,20,-0.35627,-0.00059,0.05466
1,0.58581,339.72996,21,-0.3517,0.00441,0.05329
1,0.58581,339.72996,22,-0.34783,0.00919,0.04916
1,0.58581,339.72996,23,-0.34425,0.01241,0.04896
1,0.58581,339.72996,24,-0.34234,0.01383,0.04914
1,0.58581,339.72996,25,-0.34212,0.01372,0.04959
1,0.58581,339.72996,26,-0.34218,0.01364,0.0498
1,0.58581,339.72996,27,-0.34221,0.01361,0.0499
1,0.58581,339.72996,28,-0.34223,0.01359,0.04994
1,0.58581,339.72996,29,-0.34223,0.01358,0.04997
1,0.58581,339.72996,30,-0.34224,0.01358,0.04998
1,0.58581,339.72996,31,-0.34224,0.01357,0.04998
1,0.58581,339.72996,32,-0.34224,0.01358,0.04998
1,0.58581,339.72996,33,-0.34224,0.01358,0.04998
1,0.58581,339.72996,34,-0.34224,0.01358,0.04998
1,0.58581,339.72996,35,-0.34224,0.01358,0.04998
1,0.58581,339.72996,36,-0.34224,0.01358,0.04998
1,0.58581,339.72996,37,-0.34224,0.01358,0.04998
1,0.58581,339.72996,38,-0.34224,0.01358,0.04998
1,0.58581,339.72996,39,-0.34224,0.01358,0.04998
1,0.58581,339.72996,40,-0.34224,0.01358,0.04998
1,0.58581,339.72996,41,-0.34224,0.01358,0.04998
1,0.58581,339.72996,42,-0.34224,0.01358,0.04998
1,0.58581,339.72996,43,-0.34224,0.01358,0.04998
1,0.58581,339.72996,44,-0.34224,0.01358,0.04998
1,0.58581,339.72996,45,-0.34224,0.01358,0.04998
1,0.58581,339.72996,46,-0.34224,0.01358,0.04998
1,0.58581,339.72996,47,-0.34224,0.01358,0.04998
1,0.58581,339.72996,48,-0.34224,0.01358,0.04998
1,0.58581,339.72996,49,-0.34224,0.01358,0.04998
1,0.58581,339.72996,50,-0.34224,0.01358,0.04998
1,0.58581,339.72996,51,-0.34224,0.01358,0.04998
1,0.58581,339.72996,52,-0.34224,0.01358,0.04998
1,0.58581,339.72996,53,-0.34224,0.01358,0.04998
1,0.58581,339.72996,54,-0.34224,0.01358,0.04998
1,0.58581,339.72996,55,-0.34224,0.01358,0.04998
1,0.58581,339.72996,56,-0.34224,0.01358,0.04998
1,0.58581,339.72996,57,-0.34224,0.01358,0.04998
1,0.58581,339.72996,58,-0.34224,0.01358,0.04998
1,0.58581,339.72996,59,-0.34224,0.01358,0.04998
1,0.58581,339.72996,60,-0.34224,0.01358,0.04998
1,0.58581,339.72996,61,-0.34224,0.01358,0.04998
1,0.58581,339.72996,62,-0.34224,0.01358,0.04998
1,0.58581,339.72996,63,-0.34224,0.01358,0.04998
1,0.58581,339.72996,64,-0.34224,0.01358,0.04998
1,0.58581,339.72996,65,-0.34224,0.01358,0.04998
1,0.58581,339.72996,66,-0.34224,0.01358,0.04998
1,0.58581,339.72996,67,-0.34224,0.01358,0.04998
1,0.58581,339.72996,68,-0.34224,0.01358,0.04998
1,0.58581,339.72996,69,-0.34224,0.01358,0.04998
1,0.58581,339.72996,70,-0.34224,0.01358,0.04998
1,0.58581,339.72996,71,-0.34224,0.01358,0.04998
1,0.58581,339.72996,72,-0.34224,0.01358,0.04998
1,0.58581,339.72996,73,-0.34224,0.01358,0.04998
1,0.58581,339.72996,74,-0.34224,0.01358,0.04998
1,0.58581,339.72996,75,-0.34224,0.01358,0.04998
1,0.58581,339.72996,76,-0.34224,0.01358,0.04998
1,0.58581,339.72996,77,-0.34224,0.01358,0.04998
1,0.58581,339.72996,78,-0.34224,0.01358,0.04998
1,0.58581,339.72996,79,-0.34224,0.01358,0.04998
1,0.58581,339.72996,80,-0.34224,0.01358,0.04998
1,0.58581,339.72996,81,-0.34224,0.01358,0.04998
1,0.58581,339.72996,82,-0.34224,0.01358,0.04998
1,0.58581,339.72996,83,-0.34224,0.01358,0.04998
1,0.58581,339.72996,84,-0.34224,0.01358,0.04998
1,0.58581,339.72996,85,-0.34224,0.01358,0.04998
1,0.58581,339.72996,86,-0.34224,0.01358,0.04998
1,0.58581,339.72996,87,-0.34224,0.01358,0.04998
1,0.58581,339.72996,88,-0.34224,0.01358,0.04998
1,0.58581,339.72996,89,-0.34224,0.01358,0.04998
1,0.58581,339.72996,90,-0.34224,0.01358,0.04998
1,0.58581,339.72996,91,-0.34224,0.01358,0.04998
1,0.58581,339.72996,92,-0.34224,0.01358,0.04998
1,0.58581,339.72996,93,-0.34224,0.01358,0.04998
1,0.58581,339.72996,94,-0.34224,0.01358,0.04998
1,0.58581,339.72996,95,-0.34224,0.01358,0.04998
1,0.58581,339.72996,96,-0.34224,0.01358,0.04998
1,0.58581,339.72996,97,-0.34224,0.01358,0.04998
1,0.58581,339.72996,98,-0.34224,0.01358,0.04998
1,0.58581,339.72996,99,-0.34224,0.01358,0.04998
1,0.58581,339.72996,100,-0.34224,0.01358,0.04998
1,0.58581,339.72996,101,-0.34224,0.01358,0.04998
1,0.58581,339.72996,102,-0.34224,0.01358,0.04998
1,0.58581,339.72996,103,-0.34224,0.01358,0.04998
1,0.58581,339.72996,104,-0.34224,0.01358,0.04998
1,0.58581,339.72996,105,-0.34224,0.01358,0.04998
1,0.58581,339.72996,106,-0.34224,0.01358,0.04998
1,0.58581,339.72996,107,-0.34224,0.01358,0.04998
1,0.58581,339.72996,108,-0.34224,0.01358,0.04998
1,0.58581,339.72996,109,-0.34224,0.01358,0.04998
1,0.58581,339.72996,110,-0.34224,0.01358,0.04998
1,0.58581,339.72996,111,-0.34224,0.01358,0.04998
1,0.58581,339.72996,112,-0.34224,0.01358,0.04998
1,0.58581,339.72996,113,-0.34224,0.01358,0.04998
1,0.58581,339.72996,114,-0.34224,0.01358,0.04998
1,0.58581,339.72996,115,-0.34224,0.01358,0.04998
1,0.58581,339.72996,116,-0.34224,0.01358,0.04998
1,0.58581,339.72996,117,-0.34224,0.01358,0.04998
1,0.58581,339.72996,118,-0.34224,0.01358,0.04998
1,0.58581,339.72996,119,-0.34224,0.01358,0.04998
1,0.58581,339.72996,120,-0.34224,0.01358,0.04998
2,0.64745,365.58308,1,0.39611,-0.42218,0.47658
2,0.64745,365.58308,2,0.31294,-0.40795,0.51102
2,0.64745,365.58308,3,0.2343,-0.37602,0.53066
2,0.64745,365.58308,4,0.15604,-0.34424,0.53617
2,0.64745,365.58308,5,0.07816,-0.31262,0.52762
2,0.64745,365.58308,6,0.00067,-0.28115,0.50508
2,0.64745,365.58308,7,-0.07643,-0.24984,0.46862
2,0.64745,365.58308,8,-0.15313,-0.2187,0.41832
2,0.64745,365.58308,9,-0.22942,-0.18773,0.35428
2,0.64745,365.58308,10,-0.30525,-0.15693,0.27658
2,0.64745,365.58308,11,-0.38062,-0.12633,0.18533
2,0.64745,365.58308,12,-0.42418,-0.1006,0.08685
2,0.64745,365.58308,13,-0.41643,-0.07761,0.06001
2,0.64745,365.58308,14,-0.39318,-0.05627,0.08094
2,0.64745,365.58308,15,-0.37,-0.03498,0.08777
2,0.64745,365.58308,16,-0.34689,-0.01376,0.08053
2,0.64745,365.58308,17,-0.32445,0.00723,0.06283
2,0.64745,365.58308,18,-0.30709,0.02795,0.05531
2,0.64745,365.58308,19,-0.28955,0.04305,0.05681
2,0.64745,365.58308,20,-0.27361,0.05661,0.0535
2,0.64745,365.58308,21,-0.25993,0.06812,0.04892
2,0.64745,365.58308,22,-0.24948,0.07687,0.04848
2,0.64745,365.58308,23,-0.24109,0.08289,0.0482
2,0.64745,365.58308,24,-0.23555,0.08705,0.04838
2,0.64745,365.58308,25,-0.23282,0.08921,0.04886
2,0.64745,365.58308,26,-0.23235,0.08951,0.04946
2,0.64745,365.58308,27,-0.2324,0.08959,0.04974
2,0.64745,365.58308,28,-0.23242,0.08962,0.04987
2,0.64745,365.58308,29,-0.23244,0.08964,0.04993
2,0.64745,365.58308,30,-0.23244,0.08965,0.04996
2,0.64745,365.58308,31,-0.23244,0.08965,0.04997
2,0.64745,365.58308,32,-0.23244,0.08966,0.04998
2,0.64745,365.58308,33,-0.23244,0.08966,0.04998
2,0.64745,365.58308,34,-0.23244,0.08966,0.04998
2,0.64745,365.58308,35,-0.23244,0.08966,0.04998
2,0.64745,365.58308,36,-0.23244,0.08966,0.04998
2,0.64745,365.58308,37,-0.23244,0.08966,0.04998
2,0.64745,365.58308,38,-0.23244,0.08966,0.04998
2,0.64745,365.58308,39,-0.23244,0.08966,0.04998
2,0.64745,365.58308,40,-0.23244,0.08966,0.04998
2,0.64745,365.58308,41,-0.23244,0.08966,0.04998
2,0.64745,365.58308,42,-0.23244,0.08966,0.04998
2,0.64745,365.58308,43,-0.23244,0.08966,0.04998
2,0.64745,365.58308,44,-0.23244,0.08966,0.04998
2,0.64745,365.58308,45,-0.23244,0.08967,0.04998
2,0.64745,365.58308,46,-0.23244,0.08967,0.04998
2,0.64745,365.58308,47,-0.23244,0.08967,0.04998
2,0.64745,365.58308,48,-0.23244,0.08967,0.04998
2,0.64745,365.58308,49,-0.23243,0.08967,0.04998
2,0.64745,365.58308,50,-0.23243,0.08967,0.04998
2,0.64745,365.58308,51,-0.23243,0.08967,0.04998
2,0.64745,365.58308,52,-0.23243,0.08967,0.04998
2,0.64745,365.58308,53,-0.23243,0.08967,0.04998
2,0.64745,365.58308,54,-0.23243,0.08967,0.04998
2,0.64745,365.58308,55,-0.23243,0.08967,0.04998
2,0.64745,365.58308,56,-0.23243,0.08968,0.04998
2,0.64745,365.58308,57,-0.23243,0.08968,0.04998
2,0.64745,365.58308,58,-0.23243,0.08968,0.04998
2,0.64745,365.58308,59,-0.23243,0.08968,0.04998
2,0.64745,365.58308,60,-0.23243,0.08968,0.04998
2,0.64745,365.58308,61,-0.23243,0.08968,0.04998
2,0.64745,365.58308,62,-0.23243,0.08968,0.04998
2,0.64745,365.58308,63,-0.23242,0.08968,0.04998
2,0.64745,365.58308,64,-0.23242,0.08968,0.04998
2,0.64745,365.58308,65,-0.23242,0.08968,0.04998
2,0.64745,365.58308,66,-0.23242,0.08968,0.04998
2,0.64745,365.58308,67,-0.23242,0.08968,0.04998
2,0.64745,365.58308,68,-0.23242,0.08969,0.04998
2,0.64745,365.58308,69,-0.23242,0.08969,0.04998
2,0.64745,365.58308,70,-0.23242,0.08969,0.04998
2,0.64745,365.58308,71,-0.23242,0.08969,0.04998
2,0.64745,365.58308,72,-0.23242,0.08969,0.04998
2,0.64745,365.58308,73,-0.23242,0.08969,0.04998
2,0.64745,365.58308,74,-0.23242,0.08969,0.04998
2,0.64745,365.58308,75,-0.23242,0.08969,0.04998
2,0.64745,365.58308,76,-0.23242,0.08969,0.04998
2,0.64745,365.58308,77,-0.23241,0.08969,0.04998
2,0.64745,365.58308,78,-0.23241,0.08969,0.04998
2,0.64745,365.58308,79,-0.23241,0.0897,0.04998
2,0.64745,365.58308,80,-0.23241,0.0897,0.04998
2,0.64745,365.58308,81,-0.23241,0.0897,0.04998
2,0.64745,365.58308,82,-0.23241,0.0897,0.04998
2,0.64745,365.58308,83,-0.23241,0.0897,0.04998
2,0.64745,365.58308,84,-0.23241,0.0897,0.04998
2,0.64745,365.58308,85,-0.23241,0.0897,0.04998
2,0.64745,365.58308,86,-0.23241,0.0897,0.04998
2,0.64745,365.58308,87,-0.23241,0.0897,0.04998
2,0.64745,365.58308,88,-0.23241,0.0897,0.04998
2,0.64745,365.58308,89,-0.23241,0.0897,0.04998
2,0.64745,365.58308,90,-0.23241,0.0897,0.04998
2,0.64745,365.58308,91,-0.2324,0.08971,0.04998
2,0.64745,365.58308,92,-0.2324,0.08971,0.04998
2,0.64745,365.58308,93,-0.2324,0.08971,0.04998
2,0.64745,365.58308,94,-0.2324,0.08971,0.04998
2,0.64745,365.58308,95,-0.2324,0.08971,0.04998
2,0.64745,365.58308,96,-0.2324,0.08971,0.04998
2,0.64745,365.58308,97,-0.2324,0.08971,0.04998
2,0.64745,365.58308,98,-0.2324,0.08971,0.04998
2,0.64745,365.58308,99,-0.2324,0.08971,0.04998
2,0.64745,365.58308,100,-0.2324,0.08971,0.04998
2,0.64745,365.58308,101,-0.2324,0.08971,0.04998
2,0.64745,365.58308,102,-0.2324,0.08972,0.04998
2,0.64745,365.58308,103,-0.2324,0.08972,0.04998
2,0.64745,365.58308,104,-0.2324,0.08972,0.04998
2,0.64745,365.58308,105,-0.2324,0.08972,0.04998
2,0.64745,365.58308,106,-0.23239,0.08972,0.04998
2,0.64745,365.58308,107,-0.23239,0.08972,0.04998
2,0.64745,365.58308,108,-0.23239,0.08972,0.04998
2,0.64745,365.58308,109,-0.23239,0.08972,0.04998
2,0.64745,365.58308,110,-0.23239,0.08972,0.04998
2,0.64745,365.58308,111,-0.23239,0.08972,0.04998
2,0.64745,365.58308,112,-0.23239,0.08972,0.04998
2,0.64745,365.58308,113,-0.23239,0.08972,0.04998
2,0.64745,365.58308,114,-0.23239,0.08973,0.04998
2,0.64745,365.58308,115,-0.23239,0.08973,0.04998
2,0.64745,365.58308,116,-0.23239,0.08973,0.04998
2,0.64745,365.58308,117,-0.23239,0.08973,0.04998
2,0.64745,365.58308,118,-0.23239,0.08973,0.04998
2,0.64745,365.58308,119,-0.23239,0.08973,0.04998
2,0.64745,365.58308,120,-0.23238,0.08973,0.04998
3,0.64369,366.96916,1,0.3964,-0.42229,0.47662
3,0.64369,366.96916,2,0.31374,-0.40805,0.51113
3,0.64369,366.96916,3,0.23561,-0.37604,0.53084
3,0.64369,366.96916,4,0.15787,-0.34418,0.53642
3,0.64369,366.96916,5,0.0805,-0.31247,0.52794
3,0.64369,366.96916,6,0.00351,-0.28092,0.50547
3,0.64369,366.96916,7,-0.07309,-0.24953,0.46908
3,0.64369,366.96916,8,-0.14929,-0.2183,0.41885
3,0.64369,366.96916,9,-0.22508,-0.18724,0.35486
3,0.64369,366.96916,10,-0.30043,-0.15636,0.27723
3,0.64369,366.96916,11,-0.37532,-0.12567,0.18604
3,0.64369,366.96916,12,-0.42593,-0.09876,0.08616
3,0.64369,366.96916,13,-0.41756,-0.07579,0.06066
3,0.64369,366.96916,14,-0.39775,-0.05326,0.08849
3,0.64369,366.96916,15,-0.37799,-0.0308,0.10219
3,0.64369,366.96916,16,-0.35829,-0.00839,0.10181
3,0.64369,366.96916,17,-0.33864,0.01394,0.08739
3,0.64369,366.96916,18,-0.31789,0.03598,0.06464
3,0.64369,366.96916,19,-0.29611,0.05282,0.05467
3,0.64369,366.96916,20,-0.27739,0.06582,0.05329
3,0.64369,366.96916,21,-0.26077,0.0775,0.04862
3,0.64369,366.96916,22,-0.24688,0.08628,0.04782
3,0.64369,366.96916,23,-0.23577,0.0933,0.04767
3,0.64369,366.96916,24,-0.22766,0.09879,0.04792
3,0.64369,366.96916,25,-0.2225,0.10287,0.04804
3,0.64369,366.96916,26,-0.22009,0.10536,0.04871
3,0.64369,366.96916,27,-0.21943,0.10575,0.04907
3,0.64369,366.96916,28,-0.2194,0.10577,0.04955
3,0.64369,366.96916,29,-0.21939,0.10578,0.04978
3,0.64369,366.96916,30,-0.21938,0.10578,0.04989
3,0.64369,366.96916,31,-0.21938,0.10579,0.04994
3,0.64369,366.96916,32,-0.21938,0.10579,0.04996
3,0.64369,366.96916,33,-0.21938,0.10579,0.04998
3,0.64369,366.96916,34,-0.21938,0.10579,0.04998
3,0.64369,366.96916,35,-0.21938,0.10579,0.04998
3,0.64369,366.96916,36,-0.21938,0.10579,0.04998
3,0.64369,366.96916,37,-0.21938,0.10579,0.04998
3,0.64369,366.96916,38,-0.21938,0.10579,0.04998
3,0.64369,366.96916,39,-0.21938,0.10579,0.04998
3,0.64369,366.96916,40,-0.21938,0.10579,0.04998
3,0.64369,366.96916,41,-0.21938,0.10579,0.04998
3,0.64369,366.96916,42,-0.21938,0.10579,0.04998
3,0.64369,366.96916,43,-0.21938,0.10579,0.04998
3,0.64369,366.96916,44,-0.21938,0.10579,0.04998
3,0.64369,366.96916,45,-0.21938,0.10579,0.04998
3,0.64369,366.96916,46,-0.21938,0.10579,0.04998
3,0.64369,366.96916,47,-0.21938,0.10579,0.04998
3,0.64369,366.96916,48,-0.21938,0.10579,0.04998
3,0.64369,366.96916,49,-0.21938,0.10579,0.04998
3,0.64369,366.96916,50,-0.21938,0.10579,0.04998
3,0.64369,366.96916,51,-0.21938,0.10579,0.04998
3,0.64369,366.96916,52,-0.21938,0.10579,0.04998
3,0.64369,366.96916,53,-0.21938,0.10579,0.04998
3,0.64369,366.96916,54,-0.21938,0.10579,0.04998
3,0.64369,366.96916,55,-0.21938,0.10579,0.04998
3,0.64369,366.96916,56,-0.21938,0.10579,0.04998
3,0.64369,366.96916,57,-0.21938,0.10579,0.04998
3,0.64369,366.96916,58,-0.21938,0.10579,0.04998
3,0.64369,366.96916,59,-0.21938,0.10579,0.04998
3,0.64369,366.96916,60,-0.21938,0.10579,0.04998
3,0.64369,366.96916,61,-0.21938,0.10579,0.04998
3,0.64369,366.96916,62,-0.21938,0.10579,0.04998
3,0.64369,366.96916,63,-0.21938,0.10579,0.04998
3,0.64369,366.96916,64,-0.21938,0.10579,0.04998
3,0.64369,366.96916,65,-0.21938,0.10579,0.04998
3,0.64369,366.96916,66,-0.21938,0.10579,0.04998
3,0.64369,366.96916,67,-0.21938,0.10579,0.04998
3,0.64369,366.96916,68,-0.21938,0.10579,0.04998
3,0.64369,366.96916,69,-0.21938,0.10579,0.04998
3,0.64369,366.96916,70,-0.21938,0.10579,0.04998
3,0.64369,366.96916,71,-0.21938,0.10579,0.04998
3,0.64369,366.96916,72,-0.21938,0.10579,0.04998
3,0.64369,366.96916,73,-0.21938,0.10579,0.04998
3,0.64369,366.96916,74,-0.21938,0.10579,0.04998
3,0.64369,366.96916,75,-0.21938,0.10579,0.04998
3,0.64369,366.96916,76,-0.21938,0.10579,0.04998
3,0.64369,366.96916,77,-0.21938,0.10579,0.04998
3,0.64369,366.96916,78,-0.21938,0.10579,0.04998
3,0.64369,366.96916,79,-0.21938,0.10579,0.04998
3,0.64369,366.96916,80,-0.21938,0.10579,0.04998
3,0.64369,366.96916,81,-0.21938,0.10579,0.04998
3,0.64369,366.96916,82,-0.21938,0.10579,0.04998
3,0.64369,366.96916,83,-0.21938,0.10579,0.04998
3,0.64369,366.96916,84,-0.21938,0.10579,0.04998
3,0.64369,366.96916,85,-0.21938,0.10579,0.04998
3,0.64369,366.96916,86,-0.21938,0.10579,0.04998
3,0.64369,366.96916,87,-0.21938,0.10579,0.04998
3,0.64369,366.96916,88,-0.21938,0.10579,0.04998
3,0.64369,366.96916,89,-0.21938,0.10579,0.04998
3,0.64369,366.96916,90,-0.21938,0.10579,0.04998
3,0.64369,366.96916,91,-0.21938,0.10579,0.04998
3,0.64369,366.96916,92,-0.21938,0.10579,0.04998
3,0.64369,366.96916,93,-0.21938,0.10579,0.04998
3,0.64369,366.96916,94,-0.21938,0.10579,0.04998
3,0.64369,366.96916,95,-0.21938,0.10579,0.04998
3,0.64369,366.96916,96,-0.21938,0.10579,0.04998
3,0.64369,366.96916,97,-0.21938,0.10579,0.04998
3,0.64369,366.96916,98,-0.21938,0.10579,0.04998
3,0.64369,366.96916,99,-0.21938,0.10579,0.04998
3,0.64369,366.96916,100,-0.21938,0.10579,0.04998
3,0.64369,366.96916,101,-0.21938,0.10579,0.04998
3,0.64369,366.96916,102,-0.21938,0.10579,0.04998
3,0.64369,366.96916,103,-0.21938,0.10579,0.04998
3,0.64369,366.96916,104,-0.21938,0.10579,0.04998
3,0.64369,366.96916,105,-0.21938,0.10579,0.04998
3,0.64369,366.96916,106,-0.21938,0.10579,0.04998
3,0.64369,366.96916,107,-0.21938,0.10579,0.04998
3,0.64369,366.96916,108,-0.21938,0.10579,0.04998
3,0.64369,366.96916,109,-0.21938,0.10579,0.04998
3,0.64369,366.96916,110,-0.21938,0.10579,0.04998
3,0.64369,366.96916,111,-0.21938,0.10579,0.04998
3,0.64369,366.96916,112,-0.21938,0.10579,0.04998
3,0.64369,366.96916,113,-0.21938,0.10579,0.04998
3,0.64369,366.96916,114,-0.21938,0.10579,0.04998
3,0.64369,366.96916,115,-0.21938,0.10579,0.04998
3,0.64369,366.96916,116,-0.21938,0.10579,0.04998
3,0.64369,366.96916,117,-0.21938,0.10579,0.04998
3,0.64369,366.96916,118,-0.21938,0.10579,0.04998
3,0.64369,366.96916,119,-0.21938,0.10579,0.04998
3,0.64369,366.96916,120,-0.21938,0.10579,0.04998
4,0.64785,335.46141,1,0.39608,-0.42216,0.47657
4,0.64785,335.46141,2,0.31253,-0.40957,0.51126
4,0.64785,335.46141,3,0.23419,-0.37631,0.53085
4,0.64785,335.46141,4,0.15624,-0.34321,0.53631
4,0.64785,335.46141,5,0.07866,-0.31027,0.52772
4,0.64785,335.46141,6,0.00147,-0.27749,0.50513
4,0.64785,335.46141,7,-0.07532,-0.24488,0.46863
4,0.64785,335.46141,8,-0.15173,-0.21243,0.41829
4,0.64785,335.46141,9,-0.22771,-0.18017,0.35419
4,0.64785,335.46141,10,-0.30325,-0.1481,0.27645
4,0.64785,335.46141,11,-0.37832,-0.11622,0.18516
4,0.64785,335.46141,12,-0.40646,-0.08598,0.09195
4,0.64785,335.46141,13,-0.38848,-0.06093,0.06037
4,0.64785,335.46141,14,-0.3714,-0.04014,0.07079
4,0.64785,335.46141,15,-0.35454,-0.01942,0.06785
4,0.64785,335.46141,16,-0.33971,-0.00114,0.06556
4,0.64785,335.46141,17,-0.32561,0.01466,0.05984
4,0.64785,335.46141,18,-0.31195,0.02903,0.04806
4,0.64785,335.46141,19,-0.30424,0.04162,0.05271
4,0.64785,335.46141,20,-0.29685,0.05305,0.04832
4,0.64785,335.46141,21,-0.29262,0.06128,0.04968
4,0.64785,335.46141,22,-0.28951,0.06764,0.04963
4,0.64785,335.46141,23,-0.28749,0.07128,0.0492
4,0.64785,335.46141,24,-0.28673,0.0724,0.04935
4,0.64785,335.46141,25,-0.28676,0.07227,0.04968
4,0.64785,335.46141,26,-0.28678,0.0722,0.04984
4,0.64785,335.46141,27,-0.28678,0.07217,0.04992
4,0.64785,335.46141,28,-0.28679,0.07216,0.04995
4,0.64785,335.46141,29,-0.28679,0.07215,0.04997
4,0.64785,335.46141,30,-0.28679,0.07215,0.04998
4,0.64785,335.46141,31,-0.28679,0.07215,0.04998
4,0.64785,335.46141,32,-0.28679,0.07215,0.04998
4,0.64785,335.46141,33,-0.28679,0.07215,0.04998
4,0.64785,335.46141,34,-0.28679,0.07215,0.04998
4,0.64785,335.46141,35,-0.28679,0.07215,0.04998
4,0.64785,335.46141,36,-0.28679,0.07215,0.04998
4,0.64785,335.46141,37,-0.28679,0.07215,0.04998
4,0.64785,335.46141,38,-0.28679,0.07215,0.04998
4,0.64785,335.46141,39,-0.2868,0.07215,0.04998
4,0.64785,335.46141,40,-0.2868,0.07215,0.04998
4,0.64785,335.46141,41,-0.2868,0.07215,0.04998
4,0.64785,335.46141,42,-0.2868,0.07215,0.04998
4,0.64785,335.46141,43,-0.2868,0.07215,0.04998
4,0.64785,335.46141,44,-0.2868,0.07215,0.04998
4,0.64785,335.46141,45,-0.2868,0.07215,0.04998
4,0.64785,335.46141,46,-0.2868,0.07215,0.04998
4,0.64785,335.46141,47,-0.2868,0.07215,0.04998
4,0.64785,335.46141,48,-0.2868,0.07215,0.04998
4,0.64785,335.46141,49,-0.2868,0.07215,0.04998
4,0.64785,335.46141,50,-0.2868,0.07215,0.04998
4,0.64785,335.46141,51,-0.2868,0.07215,0.04998
4,0.64785,335.46141,52,-0.2868,0.07215,0.04998
4,0.64785,335.46141,53,-0.2868,0.07215,0.04998
4,0.64785,335.46141,54,-0.2868,0.07215,0.04998
4,0.64785,335.46141,55,-0.2868,0.07215,0.04998
4,0.64785,335.46141,56,-0.2868,0.07215,0.04998
4,0.64785,335.46141,57,-0.2868,0.07215,0.04998
4,0.64785,335.46141,58,-0.2868,0.07215,0.04998
4,0.64785,335.46141,59,-0.2868,0.07215,0.04998
4,0.64785,335.46141,60,-0.2868,0.07215,0.04998
4,0.64785,335.46141,61,-0.2868,0.07215,0.04998
4,0.64785,335.46141,62,-0.28681,0.07215,0.04998
4,0.64785,335.46141,63,-0.28681,0.07215,0.04998
4,0.64785,335.46141,64,-0.28681,0.07215,0.04998
4,0.64785,335.46141,65,-0.28681,0.07215,0.04998
4,0.64785,335.46141,66,-0.28681,0.07215,0.04998
4,0.64785,335.46141,67,-0.28681,0.07215,0.04998
4,0.64785,335.46141,68,-0.28681,0.07215,0.04998
4,0.64785,335.46141,69,-0.28681,0.07215,0.04998
4,0.64785,335.46141,70,-0.28681,0.07215,0.04998
4,0.64785,335.46141,71,-0.28681,0.07215,0.04998
4,0.64785,335.46141,72,-0.28681,0.07215,0.04998
4,0.64785,335.46141,73,-0.28681,0.07215,0.04998
4,0.64785,335.46141,74,-0.28681,0.07215,0.04998
4,0.64785,335.46141,75,-0.28681,0.07215,0.04998
4,0.64785,335.46141,76,-0.28681,0.07215,0.04998
4,0.64785,335.46141,77,-0.28681,0.07215,0.04998
4,0.64785,335.46141,78,-0.28681,0.07215,0.04998
4,0.64785,335.46141,79,-0.28681,0.07215,0.04998
4,0.64785,335.46141,80,-0.28681,0.07215,0.04998
4,0.64785,335.46141,81,-0.28681,0.07215,0.04998
4,0.64785,335.46141,82,-0.28681,0.07215,0.04998
4,0.64785,335.46141,83,-0.28681,0.07215,0.04998
4,0.64785,335.46141,84,-0.28682,0.07215,0.04998
4,0.64785,335.46141,85,-0.28682,0.07215,0.04998
4,0.64785,335.46141,86,-0.28682,0.07215,0.04998
4,0.64785,335.46141,87,-0.28682,0.07215,0.04998
4,0.64785,335.46141,88,-0.28682,0.07215,0.04998
4,0.64785,335.46141,89,-0.28682,0.07215,0.04998
4,0.64785,335.46141,90,-0.28682,0.07215,0.04998
4,0.64785,335.46141,91,-0.28682,0.07215,0.04998
4,0.64785,335.46141,92,-0.28682,0.07215,0.04998
4,0.64785,335.46141,93,-0.28682,0.07215,0.04998
4,0.64785,335.46141,94,-0.28682,0.07215,0.04998
4,0.64785,335.46141,95,-0.28682,0.07215,0.04998
4,0.64785,335.46141,96,-0.28682,0.07215,0.04998
4,0.64785,335.46141,97,-0.28682,0.07215,0.04998
4,0.64785,335.46141,98,-0.28682,0.07215,0.04998
4,0.64785,335.46141,99,-0.28682,0.07215,0.04998
4,0.64785,335.46141,100,-0.28682,0.07215,0.04998
4,0.64785,335.46141,101,-0.28682,0.07215,0.04998
4,0.64785,335.46141,102,-0.28682,0.07215,0.04998
4,0.64785,335.46141,103,-0.28682,0.07215,0.04998
4,0.64785,335.46141,104,-0.28682,0.07215,0.04998
4,0.64785,335.46141,105,-0.28682,0.07215,0.04998
4,0.64785,335.46141,106,-0.28682,0.07215,0.04998
4,0.64785,335.46141,107,-0.28683,0.07215,0.04998
4,0.64785,335.46141,108,-0.28683,0.07215,0.04998
4,0.64785,335.46141,109,-0.28683,0.07215,0.04998
4,0.64785,335.46141,110,-0.28683,0.07215,0.04998
4,0.64785,335.46141,111,-0.28683,0.07215,0.04998
4,0.64785,335.46141,112,-0.28683,0.07215,0.04998
4,0.64785,335.46141,113,-0.28683,0.07215,0.04998
4,0.64785,335.46141,114,-0.28683,0.07215,0.04998
4,0.64785,335.46141,115,-0.28683,0.07215,0.04998
4,0.64785,335.46141,116,-0.28683,0.07215,0.04998
4,0.64785,335.46141,117,-0.28683,0.07215,0.04998
4,0.64785,335.46141,118,-0.28683,0.07215,0.04998
4,0.64785,335.46141,119,-0.28683,0.07215,0.04998
4,0.64785,335.46141,120,-0.28683,0.07215,0.04998
5,0.60669,357.72596,1,0.39925,-0.42341,0.47706
5,0.60669,357.72596,2,0.32162,-0.40909,0.5123
5,0.60669,357.72596,3,0.24854,-0.37628,0.53271
5,0.60669,357.72596,4,0.17581,-0.34362,0.53899
5,0.60669,357.72596,5,0.10343,-0.31112,0.53121
5,0.60669,357.72596,6,0.03138,-0.27877,0.50943
5,0.60669,357.72596,7,-0.04031,-0.24658,0.47372
5,0.60669,357.72596,8,-0.11164,-0.21455,0.42417
5,0.60669,357.72596,9,-0.1826,-0.18269,0.36084
5,0.60669,357.72596,10,-0.25315,-0.15101,0.28386
5,0.60669,357.72596,11,-0.32328,-0.11953,0.19331
5,0.60669,357.72596,12,-0.39296,-0.08824,0.08932
5,0.60669,357.72596,13,-0.41835,-0.06457,0.06616
5,0.60669,357.72596,14,-0.39757,-0.05193,0.06936
5,0.60669,357.72596,15,-0.37691,-0.03779,0.06555
5,0.60669,357.72596,16,-0.35784,-0.02251,0.05979
5,0.60669,357.72596,17,-0.34041,-0.00796,0.04851
5,0.60669,357.72596,18,-0.32698,0.0012,0.0528
5,0.60669,357.72596,19,-0.315,0.00975,0.05051
5,0.60669,357.72596,20,-0.3057,0.01644,0.04928
5,0.60669,357.72596,21,-0.29952,0.02217,0.04898
5,0.60669,357.72596,22,-0.29608,0.0257,0.04926
5,0.60669,357.72596,23,-0.29497,0.02694,0.04949
5,0.60669,357.72596,24,-0.29496,0.02691,0.04975
5,0.60669,357.72596,25,-0.29495,0.02689,0.04988
5,0.60669,357.72596,26,-0.29495,0.02688,0.04993
5,0.60669,357.72596,27,-0.29495,0.02688,0.04996
5,0.60669,357.72596,28,-0.29495,0.02688,0.04997
5,0.60669,357.72596,29,-0.29495,0.02688,0.04998
5,0.60669,357.72596,30,-0.29494,0.02688,0.04998
5,0.60669,357.72596,31,-0.29494,0.02688,0.04998
5,0.60669,357.72596,32,-0.29494,0.02688,0.04998
5,0.60669,357.72596,33,-0.29494,0.02688,0.04998
5,0.60669,357.72596,34,-0.29494,0.02688,0.04998
5,0.60669,357.72596,35,-0.29494,0.02688,0.04998
5,0.60669,357.72596,36,-0.29494,0.02688,0.04998
5,0.60669,357.72596,37,-0.29494,0.02688,0.04998
5,0.60669,357.72596,38,-0.29494,0.02688,0.04998
5,0.60669,357.72596,39,-0.29494,0.02688,0.04998
5,0.60669,357.72596,40,-0.29494,0.02688,0.04998
5,0.60669,357.72596,41,-0.29494,0.02688,0.04998
5,0.60669,357.72596,42,-0.29494,0.02688,0.04998
5,0.60669,357.72596,43,-0.29494,0.02688,0.04998
5,0.60669,357.72596,44,-0.29494,0.02688,0.04998
5,0.60669,357.72596,45,-0.29494,0.02688,0.04998
5,0.60669,357.72596,46,-0.29494,0.02688,0.04998
5,0.60669,357.72596,47,-0.29494,0.02688,0.04998
5,0.60669,357.72596,48,-0.29494,0.02688,0.04998
5,0.60669,357.72596,49,-0.29493,0.02688,0.04998
5,0.60669,357.72596,50,-0.29493,0.02688,0.04998
5,0.60669,357.72596,51,-0.29493,0.02688,0.04998
5,0.60669,357.72596,52,-0.29493,0.02688,0.04998
5,0.60669,357.72596,53,-0.29493,0.02688,0.04998
5,0.60669,357.72596,54,-0.29493,0.02688,0.04998
5,0.60669,357.72596,55,-0.29493,0.02688,0.04998
5,0.60669,357.72596,56,-0.29493,0.02688,0.04998
5,0.60669,357.72596,57,-0.29493,0.02688,0.04998
5,0.60669,357.72596,58,-0.29493,0.02688,0.04998
5,0.60669,357.72596,59,-0.29493,0.02688,0.04998
5,0.60669,357.72596,60,-0.29493,0.02688,0.04998
5,0.60669,357.72596,61,-0.29493,0.02688,0.04998
5,0.60669,357.72596,62,-0.29493,0.02688,0.04998
5,0.60669,357.72596,63,-0.29493,0.02688,0.04998
5,0.60669,357.72596,64,-0.29493,0.02688,0.04998
5,0.60669,357.72596,65,-0.29493,0.02688,0.04998
5,0.60669,357.72596,66,-0.29493,0.02688,0.04998
5,0.60669,357.72596,67,-0.29493,0.02688,0.04998
5,0.60669,357.72596,68,-0.29493,0.02688,0.04998
5,0.60669,357.72596,69,-0.29492,0.02688,0.04998
5,0.60669,357.72596,70,-0.29492,0.02688,0.04998
5,0.60669,357.72596,71,-0.29492,0.02688,0.04998
5,0.60669,357.72596,72,-0.29492,0.02688,0.04998
5,0.60669,357.72596,73,-0.29492,0.02688,0.04998
5,0.60669,357.72596,74,-0.29492,0.02688,0.04998
5,0.60669,357.72596,75,-0.29492,0.02688,0.04998
5,0.60669,357.72596,76,-0.29492,0.02688,0.04998
5,0.60669,357.72596,77,-0.29492,0.02688,0.04998
5,0.60669,357.72596,78,-0.29492,0.02688,0.04998
5,0.60669,357.72596,79,-0.29492,0.02688,0.04998
5,0.60669,357.72596,80,-0.29492,0.02688,0.04998
5,0.60669,357.72596,81,-0.29492,0.02688,0.04998
5,0.60669,357.72596,82,-0.29492,0.02688,0.04998
5,0.60669,357.72596,83,-0.29492,0.02688,0.04998
5,0.60669,357.72596,84,-0.29492,0.02688,0.04998
5,0.60669,357.72596,85,-0.29492,0.02688,0.04998
5,0.60669,357.72596,86,-0.29492,0.02688,0.04998
5,0.60669,357.72596,87,-0.29492,0.02688,0.04998
5,0.60669,357.72596,88,-0.29492,0.02688,0.04998
5,0.60669,357.72596,89,-0.29492,0.02688,0.04998
5,0.60669,357.72596,90,-0.29491,0.02688,0.04998
5,0.60669,357.72596,91,-0.29491,0.02688,0.04998
5,0.60669,357.72596,92,-0.29491,0.02688,0.04998
5,0.60669,357.72596,93,-0.29491,0.02688,0.04998
5,0.60669,357.72596,94,-0.29491,0.02688,0.04998
5,0.60669,357.72596,95,-0.29491,0.02688,0.04998
5,0.60669,357.72596,96,-0.29491,0.02688,0.04998
5,0.60669,357.72596,97,-0.29491,0.02688,0.04998
5,0.60669,357.72596,98,-0.29491,0.02688,0.04998
5,0.60669,357.72596,99,-0.29491,0.02688,0.04998
5,0.60669,357.72596,100,-0.29491,0.02688,0.04998
5,0.60669,357.72596,101,-0.29491,0.02688,0.04998
5,0.60669,357.72596,102,-0.29491,0.02688,0.04998
5,0.60669,357.72596,103,-0.29491,0.02688,0.04998
5,0.60669,357.72596,104,-0.29491,0.02688,0.04998
5,0.60669,357.72596,105,-0.29491,0.02688,0.04998
5,0.60669,357.72596,106,-0.29491,0.02688,0.04998
5,0.60669,357.72596,107,-0.29491,0.02688,0.04998
5,0.60669,357.72596,108,-0.29491,0.02688,0.04998
5,0.60669,357.72596,109,-0.29491,0.02688,0.04998
5,0.60669,357.72596,110,-0.29491,0.02688,0.04998
5,0.60669,357.72596,111,-0.2949,0.02688,0.04998
5,0.60669,357.72596,112,-0.2949,0.02688,0.04998
5,0.60669,357.72596,113,-0.2949,0.02688,0.04998
5,0.60669,357.72596,114,-0.2949,0.02688,0.04998
5,0.60669,357.72596,115,-0.2949,0.02688,0.04998
5,0.60669,357.72596,116,-0.2949,0.02688,0.04998
5,0.60669,357.72596,117,-0.2949,0.02688,0.04998
5,0.60669,357.72596,118,-0.2949,0.02688,0.04998
5,0.60669,357.72596,119,-0.2949,0.02688,0.04998
5,0.60669,357.72596,120,-0.2949,0.02688,0.04998
6,0.64919,339.20991,1,0.39598,-0.42212,0.47656
6,0.64919,339.20991,2,0.31225,-0.40953,0.51122
6,0.64919,339.20991,3,0.23372,-0.3763,0.53079
6,0.64919,339.20991,4,0.15558,-0.34324,0.53623
6,0.64919,339.20991,5,0.07783,-0.31033,0.52761
6,0.64919,339.20991,6,0.00046,-0.27759,0.505
6,0.64919,339.20991,7,-0.07652,-0.24501,0.46847
6,0.64919,339.20991,8,-0.1531,-0.2126,0.41811
6,0.64919,339.20991,9,-0.22926,-0.18038,0.354
6,0.64919,339.20991,10,-0.30497,-0.14833,0.27623
6,0.64919,339.20991,11,-0.38022,-0.11649,0.18492
6,0.64919,339.20991,12,-0.40777,-0.08638,0.09188
6,0.64919,339.20991,13,-0.38841,-0.06186,0.06075
6,0.64919,339.20991,14,-0.36971,-0.04168,0.07098
6,0.64919,339.20991,15,-0.35126,-0.02159,0.06796
6,0.64919,339.20991,16,-0.33468,-0.00339,0.06356
6,0.64919,339.20991,17,-0.31853,0.01256,0.0542
6,0.64919,339.20991,18,-0.30647,0.027,0.05212
6,0.64919,339.20991,19,-0.2972,0.04003,0.05063
6,0.64919,339.20991,20,-0.29044,0.05061,0.04979
6,0.64919,339.20991,21,-0.28594,0.0587,0.04915
6,0.64919,339.20991,22,-0.2832,0.06416,0.04905
6,0.64919,339.20991,23,-0.28164,0.06678,0.04917
6,0.64919,339.20991,24,-0.28139,0.06713,0.04945
6,0.64919,339.20991,25,-0.28141,0.06718,0.04973
6,0.64919,339.20991,26,-0.28142,0.06721,0.04986
6,0.64919,339.20991,27,-0.28142,0.06722,0.04993
6,0.64919,339.20991,28,-0.28142,0.06723,0.04996
6,0.64919,339.20991,29,-0.28143,0.06723,0.04997
6,0.64919,339.20991,30,-0.28143,0.06723,0.04998
6,0.64919,339.20991,31,-0.28143,0.06724,0.04998
6,0.64919,339.20991,32,-0.28143,0.06724,0.04998
6,0.64919,339.20991,33,-0.28143,0.06724,0.04998
6,0.64919,339.20991,34,-0.28143,0.06724,0.04998
6,0.64919,339.20991,35,-0.28143,0.06724,0.04998
6,0.64919,339.20991,36,-0.28143,0.06724,0.04998
6,0.64919,339.20991,37,-0.28143,0.06724,0.04998
6,0.64919,339.20991,38,-0.28143,0.06724,0.04998
6,0.64919,339.20991,39,-0.28143,0.06724,0.04998
6,0.64919,339.20991,40,-0.28143,0.06724,0.04998
6,0.64919,339.20991,41,-0.28143,0.06724,0.04998
6,0.64919,339.20991,42,-0.28143,0.06725,0.04998
6,0.64919,339.20991,43,-0.28144,0.06725,0.04998
6,0.64919,339.20991,44,-0.28144,0.06725,0.04998
6,0.64919,339.20991,45,-0.28144,0.06725,0.04998
6,0.64919,339.20991,46,-0.28144,0.06725,0.04998
6,0.64919,339.20991,47,-0.28144,0.06725,0.04998
6,0.64919,339.20991,48,-0.28144,0.06725,0.04998
6,0.64919,339.20991,49,-0.28144,0.06725,0.04998
6,0.64919,339.20991,50,-0.28144,0.06725,0.04998
6,0.64919,339.20991,51,-0.28144,0.06725,0.04998
6,0.64919,339.20991,52,-0.28144,0.06725,0.04998
6,0.64919,339.20991,53,-0.28144,0.06725,0.04998
6,0.64919,339.20991,54,-0.28145,0.06725,0.04998
6,0.64919,339.20991,55,-0.28145,0.06726,0.04998
6,0.64919,339.20991,56,-0.28145,0.06726,0.04998
6,0.64919,339.20991,57,-0.28145,0.06726,0.04998
6,0.64919,339.20991,58,-0.28145,0.06726,0.04998
6,0.64919,339.20991,59,-0.28145,0.06726,0.04998
6,0.64919,339.20991,60,-0.28145,0.06726,0.04998
6,0.64919,339.20991,61,-0.28145,0.06726,0.04998
6,0.64919,339.20991,62,-0.28145,0.06726,0.04998
6,0.64919,339.20991,63,-0.28145,0.06726,0.04998
6,0.64919,339.20991,64,-0.28145,0.06726,0.04998
6,0.64919,339.20991,65,-0.28145,0.06726,0.04998
6,0.64919,339.20991,66,-0.28146,0.06726,0.04998
6,0.64919,339.20991,67,-0.28146,0.06727,0.04998
6,0.64919,339.20991,68,-0.28146,0.06727,0.04998
6,0.64919,339.20991,69,-0.28146,0.06727,0.04998
6,0.64919,339.20991,70,-0.28146,0.06727,0.04998
6,0.64919,339.20991,71,-0.28146,0.06727,0.04998
6,0.64919,339.20991,72,-0.28146,0.06727,0.04998
6,0.64919,339.20991,73,-0.28146,0.06727,0.04998
6,0.64919,339.20991,74,-0.28146,0.06727,0.04998
6,0.64919,339.20991,75,-0.28146,0.06727,0.04998
6,0.64919,339.20991,76,-0.28146,0.06727,0.04998
6,0.64919,339.20991,77,-0.28146,0.06727,0.04998
6,0.64919,339.20991,78,-0.28147,0.06727,0.04998
6,0.64919,339.20991,79,-0.28147,0.06728,0.04998
6,0.64919,339.20991,80,-0.28147,0.06728,0.04998
6,0.64919,339.20991,81,-0.28147,0.06728,0.04998
6,0.64919,339.20991,82,-0.28147,0.06728,0.04998
6,0.64919,339.20991,83,-0.28147,0.06728,0.04998
6,0.64919,339.20991,84,-0.28147,0.06728,0.04998
6,0.64919,339.20991,85,-0.28147,0.06728,0.04998
6,0.64919,339.20991,86,-0.28147,0.06728,0.04998
6,0.64919,339.20991,87,-0.28147,0.06728,0.04998
6,0.64919,339.20991,88,-0.28147,0.06728,0.04998
6,0.64919,339.20991,89,-0.28148,0.06728,0.04998
6,0.64919,339.20991,90,-0.28148,0.06728,0.04998
6,0.64919,339.20991,91,-0.28148,0.06729,0.04998
6,0.64919,339.20991,92,-0.28148,0.06729,0.04998
6,0.64919,339.20991,93,-0.28148,0.06729,0.04998
6,0.64919,339.20991,94,-0.28148,0.06729,0.04998
6,0.64919,339.20991,95,-0.28148,0.06729,0.04998
6,0.64919,339.20991,96,-0.28148,0.06729,0.04998
6,0.64919,339.20991,97,-0.28148,0.06729,0.04998
6,0.64919,339.20991,98,-0.28148,0.06729,0.04998
6,0.64919,339.20991,99,-0.28148,0.06729,0.04998
6,0.64919,339.20991,100,-0.28148,0.06729,0.04998
6,0.64919,339.20991,101,-0.28149,0.06729,0.04998
6,0.64919,339.20991,102,-0.28149,0.06729,0.04998
6,0.64919,339.20991,103,-0.28149,0.06729,0.04998
6,0.64919,339.20991,104,-0.28149,0.0673,0.04998
6,0.64919,339.20991,105,-0.28149,0.0673,0.04998
6,0.64919,339.20991,106,-0.28149,0.0673,0.04998
6,0.64919,339.20991,107,-0.28149,0.0673,0.04998
6,0.64919,339.20991,108,-0.28149,0.0673,0.04998
6,0.64919,339.20991,109,-0.28149,0.0673,0.04998
6,0.64919,339.20991,110,-0.28149,0.0673,0.04998
6,0.64919,339.20991,111,-0.28149,0.0673,0.04998
6,0.64919,339.20991,112,-0.28149,0.0673,0.04998
6,0.64919,339.20991,113,-0.2815,0.0673,0.04998
6,0.64919,339.20991,114,-0.2815,0.0673,0.04998
6,0.64919,339.20991,115,-0.2815,0.0673,0.04998
6,0.64919,339.20991,116,-0.2815,0.06731,0.04998
6,0.64919,339.20991,117,-0.2815,0.06731,0.04998
6,0.64919,339.20991,118,-0.2815,0.06731,0.04998
6,0.64919,339.20991,119,-0.2815,0.06731,0.04998
6,0.64919,339.20991,120,-0.2815,0.06731,0.04998
7,0.60669,362.29216,1,0.39925,-0.42341,0.47706
7,0.60669,362.29216,2,0.32162,-0.40909,0.5123
7,0.60669,362.29216,3,0.24854,-0.37628,0.53271
7,0.60669,362.29216,4,0.17581,-0.34362,0.53899
7,0.60669,362.29216,5,0.10343,-0.31112,0.53121
7,0.60669,362.29216,6,0.03138,-0.27877,0.50943
7,0.60669,362.29216,7,-0.04031,-0.24658,0.47372
7,0.60669,362.29216,8,-0.11164,-0.21455,0.42417
7,0.60669,362.29216,9,-0.1826,-0.18269,0.36084
7,0.60669,362.29216,10,-0.25315,-0.15101,0.28386
7,0.60669,362.29216,11,-0.32328,-0.11953,0.19331
7,0.60669,362.29216,12,-0.39296,-0.08824,0.08932
7,0.60669,362.29216,13,-0.41835,-0.06457,0.06616
7,0.60669,362.29216,14,-0.39757,-0.05193,0.06936
7,0.60669,362.29216,15,-0.37691,-0.03779,0.06555
7,0.60669,362.29216,16,-0.35784,-0.02251,0.05979
7,0.60669,362.29216,17,-0.34041,-0.00796,0.04851
7,0.60669,362.29216,18,-0.32698,0.0012,0.0528
7,0.60669,362.29216,19,-0.315,0.00975,0.05051
7,0.60669,362.29216,20,-0.3057,0.01644,0.04928
7,0.60669,362.29216,21,-0.29952,0.02217,0.04898
7,0.60669,362.29216,22,-0.29608,0.0257,0.04926
7,0.60669,362.29216,23,-0.29497,0.02694,0.04949
7,0.60669,362.29216,24,-0.29496,0.02691,0.04975
7,0.60669,362.29216,25,-0.29495,0.02689,0.04988
7,0.60669,362.29216,26,-0.29495,0.02688,0.04993
7,0.60669,362.29216,27,-0.29495,0.02688,0.04996
7,0.60669,362.29216,28,-0.29495,0.02688,0.04997
7,0.60669,362.29216,29,-0.29495,0.02688,0.04998
7,0.60669,362.29216,30,-0.29494,0.02688,0.04998
7,0.60669,362.29216,31,-0.29494,0.02688,0.04998
7,0.60669,362.29216,32,-0.29494,0.02688,0.04998
7,0.60669,362.29216,33,-0.29494,0.02688,0.04998
7,0.60669,362.29216,34,-0.29494,0.02688,0.04998
7,0.60669,362.29216,35,-0.29494,0.02688,0.04998
7,0.60669,362.29216,36,-0.29494,0.02688,0.04998
7,0.60669,362.29216,37,-0.29494,0.02688,0.04998
7,0.60669,362.29216,38,-0.29494,0.02688,0.04998
7,0.60669,362.29216,39,-0.29494,0.02688,0.04998
7,0.60669,362.29216,40,-0.29494,0.02688,0.04998
7,0.60669,362.29216,41,-0.29494,0.02688,0.04998
7,0.60669,362.29216,42,-0.29494,0.02688,0.04998
7,0.60669,362.29216,43,-0.29494,0.02688,0.04998
7,0.60669,362.29216,44,-0.29494,0.02688,0.04998
7,0.60669,362.29216,45,-0.29494,0.02688,0.04998
7,0.60669,362.29216,46,-0.29494,0.02688,0.04998
7,0.60669,362.29216,47,-0.29494,0.02688,0.04998
7,0.60669,362.29216,48,-0.29494,0.02688,0.04998
7,0.60669,362.29216,49,-0.29493,0.02688,0.04998
7,0.60669,362.29216,50,-0.29493,0.02688,0.04998
7,0.60669,362.29216,51,-0.29493,0.02688,0.04998
7,0.60669,362.29216,52,-0.29493,0.02688,0.04998
7,0.60669,362.29216,53,-0.29493,0.02688,0.04998
7,0.60669,362.29216,54,-0.29493,0.02688,0.04998
7,0.60669,362.29216,55,-0.29493,0.02688,0.04998
7,0.60669,362.29216,56,-0.29493,0.02688,0.04998
7,0.60669,362.29216,57,-0.29493,0.02688,0.04998
7,0.60669,362.29216,58,-0.29493,0.02688,0.04998
7,0.60669,362.29216,59,-0.29493,0.02688,0.04998
7,0.60669,362.29216,60,-0.29493,0.02688,0.04998
7,0.60669,362.29216,61,-0.29493,0.02688,0.04998
7,0.60669,362.29216,62,-0.29493,0.02688,0.04998
7,0.60669,362.29216,63,-0.29493,0.02688,0.04998
7,0.60669,362.29216,64,-0.29493,0.02688,0.04998
7,0.60669,362.29216,65,-0.29493,0.02688,0.04998
7,0.60669,362.29216,66,-0.29493,0.02688,0.04998
7,0.60669,362.29216,67,-0.29493,0.02688,0.04998
7,0.60669,362.29216,68,-0.29493,0.02688,0.04998
7,0.60669,362.29216,69,-0.29492,0.02688,0.04998
7,0.60669,362.29216,70,-0.29492,0.02688,0.04998
7,0.60669,362.29216,71,-0.29492,0.02688,0.04998
7,0.60669,362.29216,72,-0.29492,0.02688,0.04998
7,0.60669,362.29216,73,-0.29492,0.02688,0.04998
7,0.60669,362.29216,74,-0.29492,0.02688,0.04998
7,0.60669,362.29216,75,-0.29492,0.02688,0.04998
7,0.60669,362.29216,76,-0.29492,0.02688,0.04998
7,0.60669,362.29216,77,-0.29492,0.02688,0.04998
7,0.60669,362.29216,78,-0.29492,0.02688,0.04998
7,0.60669,362.29216,79,-0.29492,0.02688,0.04998
7,0.60669,362.29216,80,-0.29492,0.02688,0.04998
7,0.60669,362.29216,81,-0.29492,0.02688,0.04998
7,0.60669,362.29216,82,-0.29492,0.02688,0.04998
7,0.60669,362.29216,83,-0.29492,0.02688,0.04998
7,0.60669,362.29216,84,-0.29492,0.02688,0.04998
7,0.60669,362.29216,85,-0.29492,0.02688,0.04998
7,0.60669,362.29216,86,-0.29492,0.02688,0.04998
7,0.60669,362.29216,87,-0.29492,0.02688,0.04998
7,0.60669,362.29216,88,-0.29492,0.02688,0.04998
7,0.60669,362.29216,89,-0.29492,0.02688,0.04998
7,0.60669,362.29216,90,-0.29491,0.02688,0.04998
7,0.60669,362.29216,91,-0.29491,0.02688,0.04998
7,0.60669,362.29216,92,-0.29491,0.02688,0.04998
7,0.60669,362.29216,93,-0.29491,0.02688,0.04998
7,0.60669,362.29216,94,-0.29491,0.02688,0.04998
7,0.60669,362.29216,95,-0.29491,0.02688,0.04998
7,0.60669,362.29216,96,-0.29491,0.02688,0.04998
7,0.60669,362.29216,97,-0.29491,0.02688,0.04998
7,0.60669,362.29216,98,-0.29491,0.02688,0.04998
7,0.60669,362.29216,99,-0.29491,0.02688,0.04998
7,0.60669,362.29216,100,-0.29491,0.02688,0.04998
7,0.60669,362.29216,101,-0.29491,0.02688,0.04998
7,0.60669,362.29216,102,-0.29491,0.02688,0.04998
7,0.60669,362.29216,103,-0.29491,0.02688,0.04998
7,0.60669,362.29216,104,-0.29491,0.02688,0.04998
7,0.60669,362.29216,105,-0.29491,0.02688,0.04998
7,0.60669,362.29216,106,-0.29491,0.02688,0.04998
7,0.60669,362.29216,107,-0.29491,0.02688,0.04998
7,0.60669,362.29216,108,-0.29491,0.02688,0.04998
7,0.60669,362.29216,109,-0.29491,0.02688,0.04998
7,0.60669,362.29216,110,-0.29491,0.02688,0.04998
7,0.60669,362.29216,111,-0.2949,0.02688,0.04998
7,0.60669,362.29216,112,-0.2949,0.02688,0.04998
7,0.60669,362.29216,113,-0.2949,0.02688,0.04998
7,0.60669,362.29216,114,-0.2949,0.02688,0.04998
7,0.60669,362.29216,115,-0.2949,0.02688,0.04998
7,0.60669,362.29216,116,-0.2949,0.02688,0.04998
7,0.60669,362.29216,117,-0.2949,0.02688,0.04998
7,0.60669,362.29216,118,-0.2949,0.02688,0.04998
7,0.60669,362.29216,119,-0.2949,0.02688,0.04998
7,0.60669,362.29216,120,-0.2949,0.02688,0.04998
8,0.58581,336.52465,1,0.40086,-0.42405,0.47731
8,0.58581,336.52465,2,0.32604,-0.40969,0.51298
8,0.58581,336.52465,3,0.25579,-0.37646,0.53381
8,0.58581,336.52465,4,0.18586,-0.34339,0.54052
8,0.58581,336.52465,5,0.11625,-0.31047,0.53315
8,0.58581,336.52465,6,0.04697,-0.2777,0.51179
8,0.58581,336.52465,7,-0.02198,-0.24508,0.4765
8,0.58581,336.52465,8,-0.09059,-0.21263,0.42735
8,0.58581,336.52465,9,-0.15885,-0.18035,0.36443
8,0.58581,336.52465,10,-0.22672,-0.14825,0.28783
8,0.58581,336.52465,11,-0.29419,-0.11634,0.19766
8,0.58581,336.52465,12,-0.36124,-0.08463,0.09405
8,0.58581,336.52465,13,-0.41667,-0.06035,0.06864
8,0.58581,336.52465,14,-0.40259,-0.04787,0.07157
8,0.58581,336.52465,15,-0.39019,-0.03845,0.0745
8,0.58581,336.52465,16,-0.37972,-0.02978,0.07181
8,0.58581,336.52465,17,-0.37198,-0.02168,0.0672
8,0.58581,336.52465,18,-0.36666,-0.01377,0.0596
8,0.58581,336.52465,19,-0.36178,-0.00556,0.04864
8,0.58581,336.52465,20,-0.35627,-0.00059,0.05466
8,0.58581,336.52465,21,-0.3517,0.00441,0.05329
8,0.58581,336.52465,22,-0.34783,0.00919,0.04916
8,0.58581,336.52465,23,-0.34425,0.01241,0.04896
8,0.58581,336.52465,24,-0.34234,0.01383,0.04914
8,0.58581,336.52465,25,-0.34212,0.01372,0.04959
8,0.58581,336.52465,26,-0.34218,0.01364,0.0498
8,0.58581,336.52465,27,-0.34221,0.01361,0.0499
8,0.58581,336.52465,28,-0.34223,0.01359,0.04994
8,0.58581,336.52465,29,-0.34223,0.01358,0.04997
8,0.58581,336.52465,30,-0.34224,0.01358,0.04998
8,0.58581,336.52465,31,-0.34224,0.01357,0.04998
8,0.58581,336.52465,32,-0.34224,0.01358,0.04998
8,0.58581,336.52465,33,-0.34224,0.01358,0.04998
8,0.58581,336.52465,34,-0.34224,0.01358,0.04998
8,0.58581,336.52465,35,-0.34224,0.01358,0.04998
8,0.58581,336.52465,36,-0.34224,0.01358,0.04998
8,0.58581,336.52465,37,-0.34224,0.01358,0.04998
8,0.58581,336.52465,38,-0.34224,0.01358,0.04998
8,0.58581,336.52465,39,-0.34224,0.01358,0.04998
8,0.58581,336.52465,40,-0.34224,0.01358,0.04998
8,0.58581,336.52465,41,-0.34224,0.01358,0.04998
8,0.58581,336.52465,42,-0.34224,0.01358,0.04998
8,0.58581,336.52465,43,-0.34224,0.01358,0.04998
8,0.58581,336.52465,44,-0.34224,0.01358,0.04998
8,0.58581,336.52465,45,-0.34224,0.01358,0.04998
8,0.58581,336.52465,46,-0.34224,0.01358,0.04998
8,0.58581,336.52465,47,-0.34224,0.01358,0.04998
8,0.58581,336.52465,48,-0.34224,0.01358,0.04998
8,0.58581,336.52465,49,-0.34224,0.01358,0.04998
8,0.58581,336.52465,50,-0.34224,0.01358,0.04998
8,0.58581,336.52465,51,-0.34224,0.01358,0.04998
8,0.58581,336.52465,52,-0.34224,0.01358,0.04998
8,0.58581,336.52465,53,-0.34224,0.01358,0.04998
8,0.58581,336.52465,54,-0.34224,0.01358,0.04998
8,0.58581,336.52465,55,-0.34224,0.01358,0.04998
8,0.58581,336.52465,56,-0.34224,0.01358,0.04998
8,0.58581,336.52465,57,-0.34224,0.01358,0.04998
8,0.58581,336.52465,58,-0.34224,0.01358,0.04998
8,0.58581,336.52465,59,-0.34224,0.01358,0.04998
8,0.58581,336.52465,60,-0.34224,0.01358,0.04998
8,0.58581,336.52465,61,-0.34224,0.01358,0.04998
8,0.58581,336.52465,62,-0.34224,0.01358,0.04998
8,0.58581,336.52465,63,-0.34224,0.01358,0.04998
8,0.58581,336.52465,64,-0.34224,0.01358,0.04998
8,0.58581,336.52465,65,-0.34224,0.01358,0.04998
8,0.58581,336.52465,66,-0.34224,0.01358,0.04998
8,0.58581,336.52465,67,-0.34224,0.01358,0.04998
8,0.58581,336.52465,68,-0.34224,0.01358,0.04998
8,0.58581,336.52465,69,-0.34224,0.01358,0.04998
8,0.58581,336.52465,70,-0.34224,0.01358,0.04998
8,0.58581,336.52465,71,-0.34224,0.01358,0.04998
8,0.58581,336.52465,72,-0.34224,0.01358,0.04998
8,0.58581,336.52465,73,-0.34224,0.01358,0.04998
8,0.58581,336.52465,74,-0.34224,0.01358,0.04998
8,0.58581,336.52465,75,-0.34224,0.01358,0.04998
8,0.58581,336.52465,76,-0.34224,0.01358,0.04998
8,0.58581,336.52465,77,-0.34224,0.01358,0.04998
8,0.58581,336.52465,78,-0.34224,0.01358,0.04998
8,0.58581,336.52465,79,-0.34224,0.01358,0.04998
8,0.58581,336.52465,80,-0.34224,0.01358,0.04998
8,0.58581,336.52465,81,-0.34224,0.01358,0.04998
8,0.58581,336.52465,82,-0.34224,0.01358,0.04998
8,0.58581,336.52465,83,-0.34224,0.01358,0.04998
8,0.58581,336.52465,84,-0.34224,0.01358,0.04998
8,0.58581,336.52465,85,-0.34224,0.01358,0.04998
8,0.58581,336.52465,86,-0.34224,0.01358,0.04998
8,0.58581,336.52465,87,-0.34224,0.01358,0.04998
8,0.58581,336.52465,88,-0.34224,0.01358,0.04998
8,0.58581,336.52465,89,-0.34224,0.01358,0.04998
8,0.58581,336.52465,90,-0.34224,0.01358,0.04998
8,0.58581,336.52465,91,-0.34224,0.01358,0.04998
8,0.58581,336.52465,92,-0.34224,0.01358,0.04998
8,0.58581,336.52465,93,-0.34224,0.01358,0.04998
8,0.58581,336.52465,94,-0.34224,0.01358,0.04998
8,0.58581,336.52465,95,-0.34224,0.01358,0.04998
8,0.58581,336.52465,96,-0.34224,0.01358,0.04998
8,0.58581,336.52465,97,-0.34224,0.01358,0.04998
8,0.58581,336.52465,98,-0.34224,0.01358,0.04998
8,0.58581,336.52465,99,-0.34224,0.01358,0.04998
8,0.58581,336.52465,100,-0.34224,0.01358,0.04998
8,0.58581,336.52465,101,-0.34224,0.01358,0.04998
8,0.58581,336.52465,102,-0.34224,0.01358,0.04998
8,0.58581,336.52465,103,-0.34224,0.01358,0.04998
8,0.58581,336.52465,104,-0.34224,0.01358,0.04998
8,0.58581,336.52465,105,-0.34224,0.01358,0.04998
8,0.58581,336.52465,106,-0.34224,0.01358,0.04998
8,0.58581,336.52465,107,-0.34224,0.01358,0.04998
8,0.58581,336.52465,108,-0.34224,0.01358,0.04998
8,0.58581,336.52465,109,-0.34224,0.01358,0.04998
8,0.58581,336.52465,110,-0.34224,0.01358,0.04998
8,0.58581,336.52465,111,-0.34224,0.01358,0.04998
8,0.58581,336.52465,112,-0.34224,0.01358,0.04998
8,0.58581,336.52465,113,-0.34224,0.01358,0.04998
8,0.58581,336.52465,114,-0.34224,0.01358,0.04998
8,0.58581,336.52465,115,-0.34224,0.01358,0.04998
8,0.58581,336.52465,116,-0.34224,0.01358,0.04998
8,0.58581,336.52465,117,-0.34224,0.01358,0.04998
8,0.58581,336.52465,118,-0.34224,0.01358,0.04998
8,0.58581,336.52465,119,-0.34224,0.01358,0.04998
8,0.58581,336.52465,120,-0.34224,0.01358,0.04998
9,0.64785,355.49058,1,0.39608,-0.42216,0.47657
9,0.64785,355.49058,2,0.31253,-0.40957,0.51126
9,0.64785,355.49058,3,0.23419,-0.37631,0.53085
9,0.64785,355.49058,4,0.15624,-0.34321,0.53631
9,0.64785,355.49058,5,0.07866,-0.31027,0.52772
9,0.64785,355.49058,6,0.00147,-0.27749,0.50513
9,0.64785,355.49058,7,-0.07532,-0.24488,0.46863
9,0.64785,355.49058,8,-0.15173,-0.21243,0.41829
9,0.64785,355.49058,9,-0.22771,-0.18017,0.35419
9,0.64785,355.49058,10,-0.30325,-0.1481,0.27645
9,0.64785,355.49058,11,-0.37832,-0.11622,0.18516
9,0.64785,355.49058,12,-0.40646,-0.08598,0.09195
9,0.64785,355.49058,13,-0.38848,-0.06093,0.06037
9,0.64785,355.49058,14,-0.3714,-0.04014,0.07079
9,0.64785,355.49058,15,-0.35454,-0.01942,0.06785
9,0.64785,355.49058,16,-0.33971,-0.00114,0.06556
9,0.64785,355.49058,17,-0.32561,0.01466,0.05984
9,0.64785,355.49058,18,-0.31195,0.02903,0.04806
9,0.64785,355.49058,19,-0.30424,0.04162,0.05271
9,0.64785,355.49058,20,-0.29685,0.05305,0.04832
9,0.64785,355.49058,21,-0.29262,0.06128,0.04968
9,0.64785,355.49058,22,-0.28951,0.06764,0.04963
9,0.64785,355.49058,23,-0.28749,0.07128,0.0492
9,0.64785,355.49058,24,-0.28673,0.0724,0.04935
9,0.64785,355.49058,25,-0.28676,0.07227,0.04968
9,0.64785,355.49058,26,-0.28678,0.0722,0.04984
9,0.64785,355.49058,27,-0.28678,0.07217,0.04992
9,0.64785,355.49058,28,-0.28679,0.07216,0.04995
9,0.64785,355.49058,29,-0.28679,0.07215,0.04997
9,0.64785,355.49058,30,-0.28679,0.07215,0.04998
9,0.64785,355.49058,31,-0.28679,0.07215,0.04998
9,0.64785,355.49058,32,-0.28679,0.07215,0.04998
9,0.64785,355.49058,33,-0.28679,0.07215,0.04998
9,0.64785,355.49058,34,-0.28679,0.07215,0.04998
9,0.64785,355.49058,35,-0.28679,0.07215,0.04998
9,0.64785,355.49058,36,-0.28679,0.07215,0.04998
9,0.64785,355.49058,37,-0.28679,0.07215,0.04998
9,0.64785,355.49058,38,-0.28679,0.07215,0.04998
9,0.64785,355.49058,39,-0.2868,0.07215,0.04998
9,0.64785,355.49058,40,-0.2868,0.07215,0.04998
9,0.64785,355.49058,41,-0.2868,0.07215,0.04998
9,0.64785,355.49058,42,-0.2868,0.07215,0.04998
9,0.64785,355.49058,43,-0.2868,0.07215,0.04998
9,0.64785,355.49058,44,-0.2868,0.07215,0.04998
9,0.64785,355.49058,45,-0.2868,0.07215,0.04998
9,0.64785,355.49058,46,-0.2868,0.07215,0.04998
9,0.64785,355.49058,47,-0.2868,0.07215,0.04998
9,0.64785,355.49058,48,-0.2868,0.07215,0.04998
9,0.64785,355.49058,49,-0.2868,0.07215,0.04998
9,0.64785,355.49058,50,-0.2868,0.07215,0.04998
9,0.64785,355.49058,51,-0.2868,0.07215,0.04998
9,0.64785,355.49058,52,-0.2868,0.07215,0.04998
9,0.64785,355.49058,53,-0.2868,0.07215,0.04998
9,0.64785,355.49058,54,-0.2868,0.07215,0.04998
9,0.64785,355.49058,55,-0.2868,0.07215,0.04998
9,0.64785,355.49058,56,-0.2868,0.07215,0.04998
9,0.64785,355.49058,57,-0.2868,0.07215,0.04998
9,0.64785,355.49058,58,-0.2868,0.07215,0.04998
9,0.64785,355.49058,59,-0.2868,0.07215,0.04998
9,0.64785,355.49058,60,-0.2868,0.07215,0.04998
9,0.64785,355.49058,61,-0.2868,0.07215,0.04998
9,0.64785,355.49058,62,-0.28681,0.07215,0.04998
9,0.64785,355.49058,63,-0.28681,0.07215,0.04998
9,0.64785,355.49058,64,-0.28681,0.07215,0.04998
9,0.64785,355.49058,65,-0.28681,0.07215,0.04998
9,0.64785,355.49058,66,-0.28681,0.07215,0.04998
9,0.64785,355.49058,67,-0.28681,0.07215,0.04998
9,0.64785,355.49058,68,-0.28681,0.07215,0.04998
9,0.64785,355.49058,69,-0.28681,0.07215,0.04998
9,0.64785,355.49058,70,-0.28681,0.07215,0.04998
9,0.64785,355.49058,71,-0.28681,0.07215,0.04998
9,0.64785,355.49058,72,-0.28681,0.07215,0.04998
9,0.64785,355.49058,73,-0.28681,0.07215,0.04998
9,0.64785,355.49058,74,-0.28681,0.07215,0.04998
9,0.64785,355.49058,75,-0.28681,0.07215,0.04998
9,0.64785,355.49058,76,-0.28681,0.07215,0.04998
9,0.64785,355.49058,77,-0.28681,0.07215,0.04998
9,0.64785,355.49058,78,-0.28681,0.07215,0.04998
9,0.64785,355.49058,79,-0.28681,0.07215,0.04998
9,0.64785,355.49058,80,-0.28681,0.07215,0.04998
9,0.64785,355.49058,81,-0.28681,0.07215,0.04998
9,0.64785,355.49058,82,-0.28681,0.07215,0.04998
9,0.64785,355.49058,83,-0.28681,0.07215,0.04998
9,0.64785,355.49058,84,-0.28682,0.07215,0.04998
9,0.64785,355.49058,85,-0.28682,0.07215,0.04998
9,0.64785,355.49058,86,-0.28682,0.07215,0.04998
9,0.64785,355.49058,87,-0.28682,0.07215,0.04998
9,0.64785,355.49058,88,-0.28682,0.07215,0.04998
9,0.64785,355.49058,89,-0.28682,0.07215,0.04998
9,0.64785,355.49058,90,-0.28682,0.07215,0.04998
9,0.64785,355.49058,91,-0.28682,0.07215,0.04998
9,0.64785,355.49058,92,-0.28682,0.07215,0.04998
9,0.64785,355.49058,93,-0.28682,0.07215,0.04998
9,0.64785,355.49058,94,-0.28682,0.07215,0.04998
9,0.64785,355.49058,95,-0.28682,0.07215,0.04998
9,0.64785,355.49058,96,-0.28682,0.07215,0.04998
9,0.64785,355.49058,97,-0.28682,0.07215,0.04998
9,0.64785,355.49058,98,-0.28682,0.07215,0.04998
9,0.64785,355.49058,99,-0.28682,0.07215,0.04998
9,0.64785,355.49058,100,-0.28682,0.07215,0.04998
9,0.64785,355.49058,101,-0.28682,0.07215,0.04998
9,0.64785,355.49058,102,-0.28682,0.07215,0.04998
9,0.64785,355.49058,103,-0.28682,0.07215,0.04998
9,0.64785,355.49058,104,-0.28682,0.07215,0.04998
9,0.64785,355.49058,105,-0.28682,0.07215,0.04998
9,0.64785,355.49058,106,-0.28682,0.07215,0.04998
9,0.64785,355.49058,107,-0.28683,0.07215,0.04998
9,0.64785,355.49058,108,-0.28683,0.07215,0.04998
9,0.64785,355.49058,109,-0.28683,0.07215,0.04998
9,0.64785,355.49058,110,-0.28683,0.07215,0.04998
9,0.64785,355.49058,111,-0.28683,0.07215,0.04998
9,0.64785,355.49058,112,-0.28683,0.07215,0.04998
9,0.64785,355.49058,113,-0.28683,0.07215,0.04998
9,0.64785,355.49058,114,-0.28683,0.07215,0.04998
9,0.64785,355.49058,115,-0.28683,0.07215,0.04998
9,0.64785,355.49058,116,-0.28683,0.07215,0.04998
9,0.64785,355.49058,117,-0.28683,0.07215,0.04998
9,0.64785,355.49058,118,-0.28683,0.07215,0.04998
9,0.64785,355.49058,119,-0.28683,0.07215,0.04998
9,0.64785,355.49058,120,-0.28683,0.07215,0.04998
10,0.58581,328.45126,1,0.40086,-0.42405,0.47731
10,0.58581,328.45126,2,0.32604,-0.40969,0.51298
10,0.58581,328.45126,3,0.25579,-0.37646,0.53381
10,0.58581,328.45126,4,0.18586,-0.34339,0.54052
10,0.58581,328.45126,5,0.11625,-0.31047,0.53315
10,0.58581,328.45126,6,0.04697,-0.2777,0.51179
10,0.58581,328.45126,7,-0.02198,-0.24508,0.4765
10,0.58581,328.45126,8,-0.09059,-0.21263,0.42735
10,0.58581,328.45126,9,-0.15885,-0.18035,0.36443
10,0.58581,328.45126,10,-0.22672,-0.14825,0.28783
10,0.58581,328.45126,11,-0.29419,-0.11634,0.19766
10,0.58581,328.45126,12,-0.36124,-0.08463,0.09405
10,0.58581,328.45126,13,-0.41667,-0.06035,0.06864
10,0.58581,328.45126,14,-0.40259,-0.04787,0.07157
10,0.58581,328.45126,15,-0.39019,-0.03845,0.0745
10,0.58581,328.45126,16,-0.37972,-0.02978,0.07181
10,0.58581,328.45126,17,-0.37198,-0.02168,0.0672
10,0.58581,328.45126,18,-0.36666,-0.01377,0.0596
10,0.58581,328.45126,19,-0.36178,-0.00556,0.04864
10,0.58581,328.45126,20,-0.35627,-0.00059,0.05466
10,0.58581,328.45126,21,-0.3517,0.00441,0.05329
10,0.58581,328.45126,22,-0.34783,0.00919,0.04916
10,0.58581,328.45126,23,-0.34425,0.01241,0.04896
10,0.58581,328.45126,24,-0.34234,0.01383,0.04914
10,0.58581,328.45126,25,-0.34212,0.01372,0.04959
10,0.58581,328.45126,26,-0.34218,0.01364,0.0498
10,0.58581,328.45126,27,-0.34221,0.01361,0.0499
10,0.58581,328.45126,28,-0.34223,0.01359,0.04994
10,0.58581,328.45126,29,-0.34223,0.01358,0.04997
10,0.58581,328.45126,30,-0.34224,0.01358,0.04998
10,0.58581,328.45126,31,-0.34224,0.01357,0.04998
10,0.58581,328.45126,32,-0.34224,0.01358,0.04998
10,0.58581,328.45126,33,-0.34224,0.01358,0.04998
10,0.58581,328.45126,34,-0.34224,0.01358,0.04998
10,0.58581,328.45126,35,-0.34224,0.01358,0.04998
10,0.58581,328.45126,36,-0.34224,0.01358,0.04998
10,0.58581,328.45126,37,-0.34224,0.01358,0.04998
10,0.58581,328.45126,38,-0.34224,0.01358,0.04998
10,0.58581,328.45126,39,-0.34224,0.01358,0.04998
10,0.58581,328.45126,40,-0.34224,0.01358,0.04998
10,0.58581,328.45126,41,-0.34224,0.01358,0.04998
10,0.58581,328.45126,42,-0.34224,0.01358,0.04998
10,0.58581,328.45126,43,-0.34224,0.01358,0.04998
10,0.58581,328.45126,44,-0.34224,0.01358,0.04998
10,0.58581,328.45126,45,-0.34224,0.01358,0.04998
10,0.58581,328.45126,46,-0.34224,0.01358,0.04998
10,0.58581,328.45126,47,-0.34224,0.01358,0.04998
10,0.58581,328.45126,48,-0.34224,0.01358,0.04998
10,0.58581,328.45126,49,-0.34224,0.01358,0.04998
10,0.58581,328.45126,50,-0.34224,0.01358,0.04998
10,0.58581,328.45126,51,-0.34224,0.01358,0.04998
10,0.58581,328.45126,52,-0.34224,0.01358,0.04998
10,0.58581,328.45126,53,-0.34224,0.01358,0.04998
10,0.58581,328.45126,54,-0.34224,0.01358,0.04998
10,0.58581,328.45126,55,-0.34224,0.01358,0.04998
10,0.58581,328.45126,56,-0.34224,0.01358,0.04998
10,0.58581,328.45126,57,-0.34224,0.01358,0.04998
10,0.58581,328.45126,58,-0.34224,0.01358,0.04998
10,0.58581,328.45126,59,-0.34224,0.01358,0.04998
10,0.58581,328.45126,60,-0.34224,0.01358,0.04998
10,0.58581,328.45126,61,-0.34224,0.01358,0.04998
10,0.58581,328.45126,62,-0.34224,0.01358,0.04998
10,0.58581,328.45126,63,-0.34224,0.01358,0.04998
10,0.58581,328.45126,64,-0.34224,0.01358,0.04998
10,0.58581,328.45126,65,-0.34224,0.01358,0.04998
10,0.58581,328.45126,66,-0.34224,0.01358,0.04998
10,0.58581,328.45126,67,-0.34224,0.01358,0.04998
10,0.58581,328.45126,68,-0.34224,0.01358,0.04998
10,0.58581,328.45126,69,-0.34224,0.01358,0.04998
10,0.58581,328.45126,70,-0.34224,0.01358,0.04998
10,0.58581,328.45126,71,-0.34224,0.01358,0.04998
10,0.58581,328.45126,72,-0.34224,0.01358,0.04998
10,0.58581,328.45126,73,-0.34224,0.01358,0.04998
10,0.58581,328.45126,74,-0.34224,0.01358,0.04998
10,0.58581,328.45126,75,-0.34224,0.01358,0.04998
10,0.58581,328.45126,76,-0.34224,0.01358,0.04998
10,0.58581,328.45126,77,-0.34224,0.01358,0.04998
10,0.58581,328.45126,78,-0.34224,0.01358,0.04998
10,0.58581,328.45126,79,-0.34224,0.01358,0.04998
10,0.58581,328.45126,80,-0.34224,0.01358,0.04998
10,0.58581,328.45126,81,-0.34224,0.01358,0.04998
10,0.58581,328.45126,82,-0.34224,0.01358,0.04998
10,0.58581,328.45126,83,-0.34224,0.01358,0.04998
10,0.58581,328.45126,84,-0.34224,0.01358,0.04998
10,0.58581,328.45126,85,-0.34224,0.01358,0.04998
10,0.58581,328.45126,86,-0.34224,0.01358,0.04998
10,0.58581,328.45126,87,-0.34224,0.01358,0.04998
10,0.58581,328.45126,88,-0.34224,0.01358,0.04998
10,0.58581,328.45126,89,-0.34224,0.01358,0.04998
10,0.58581,328.45126,90,-0.34224,0.01358,0.04998
10,0.58581,328.45126,91,-0.34224,0.01358,0.04998
10,0.58581,328.45126,92,-0.34224,0.01358,0.04998
10,0.58581,328.45126,93,-0.34224,0.01358,0.04998
10,0.58581,328.45126,94,-0.34224,0.01358,0.04998
10,0.58581,328.45126,95,-0.34224,0.01358,0.04998
10,0.58581,328.45126,96,-0.34224,0.01358,0.04998
10,0.58581,328.45126,97,-0.34224,0.01358,0.04998
10,0.58581,328.45126,98,-0.34224,0.01358,0.04998
10,0.58581,328.45126,99,-0.34224,0.01358,0.04998
10,0.58581,328.45126,100,-0.34224,0.01358,0.04998
10,0.58581,328.45126,101,-0.34224,0.01358,0.04998
10,0.58581,328.45126,102,-0.34224,0.01358,0.04998
10,0.58581,328.45126,103,-0.34224,0.01358,0.04998
10,0.58581,328.45126,104,-0.34224,0.01358,0.04998
10,0.58581,328.45126,105,-0.34224,0.01358,0.04998
10,0.58581,328.45126,106,-0.34224,0.01358,0.04998
10,0.58581,328.45126,107,-0.34224,0.01358,0.04998
10,0.58581,328.45126,108,-0.34224,0.01358,0.04998
10,0.58581,328.45126,109,-0.34224,0.01358,0.04998
10,0.58581,328.45126,110,-0.34224,0.01358,0.04998
10,0.58581,328.45126,111,-0.34224,0.01358,0.04998
10,0.58581,328.45126,112,-0.34224,0.01358,0.04998
10,0.58581,328.45126,113,-0.34224,0.01358,0.04998
10,0.58581,328.45126,114,-0.34224,0.01358,0.04998
10,0.58581,328.45126,115,-0.34224,0.01358,0.04998
10,0.58581,328.45126,116,-0.34224,0.01358,0.04998
10,0.58581,328.45126,117,-0.34224,0.01358,0.04998
10,0.58581,328.45126,118,-0.34224,0.01358,0.04998
10,0.58581,328.45126,119,-0.34224,0.01358,0.04998
10,0.58581,328.45126,120,-0.34224,0.01358,0.04998
11,0.64785,346.81609,1,0.39608,-0.42216,0.47657
11,0.64785,346.81609,2,0.31253,-0.40957,0.51126
11,0.64785,346.81609,3,0.23419,-0.37631,0.53085
11,0.64785,346.81609,4,0.15624,-0.34321,0.53631
11,0.64785,346.81609,5,0.07866,-0.31027,0.52772
11,0.64785,346.81609,6,0.00147,-0.27749,0.50513
11,0.64785,346.81609,7,-0.07532,-0.24488,0.46863
11,0.64785,346.81609,8,-0.15173,-0.21243,0.41829
11,0.64785,346.81609,9,-0.22771,-0.18017,0.35419
11,0.64785,346.81609,10,-0.30325,-0.1481,0.27645
11,0.64785,346.81609,11,-0.37832,-0.11622,0.18516
11,0.64785,346.81609,12,-0.40646,-0.08598,0.09195
11,0.64785,346.81609,13,-0.38848,-0.06093,0.06037
11,0.64785,346.81609,14,-0.3714,-0.04014,0.07079
11,0.64785,346.81609,15,-0.35454,-0.01942,0.06785
11,0.64785,346.81609,16,-0.33971,-0.00114,0.06556
11,0.64785,346.81609,17,-0.32561,0.01466,0.05984
11,0.64785,346.81609,18,-0.31195,0.02903,0.04806
11,0.64785,346.81609,19,-0.30424,0.04162,0.05271
11,0.64785,346.81609,20,-0.29685,0.05305,0.04832
11,0.64785,346.81609,21,-0.29262,0.06128,0.04968
11,0.64785,346.81609,22,-0.28951,0.06764,0.04963
11,0.64785,346.81609,23,-0.28749,0.07128,0.0492
11,0.64785,346.81609,24,-0.28673,0.0724,0.04935
11,0.64785,346.81609,25,-0.28676,0.07227,0.04968
11,0.64785,346.81609,26,-0.28678,0.0722,0.04984
11,0.64785,346.81609,27,-0.28678,0.07217,0.04992
11,0.64785,346.81609,28,-0.28679,0.07216,0.04995
11,0.64785,346.81609,29,-0.28679,0.07215,0.04997
11,0.64785,346.81609,30,-0.28679,0.07215,0.04998
11,0.64785,346.81609,31,-0.28679,0.07215,0.04998
11,0.64785,346.81609,32,-0.28679,0.07215,0.04998
11,0.64785,346.81609,33,-0.28679,0.07215,0.04998
11,0.64785,346.81609,34,-0.28679,0.07215,0.04998
11,0.64785,346.81609,35,-0.28679,0.07215,0.04998
11,0.64785,346.81609,36,-0.28679,0.07215,0.04998
11,0.64785,346.81609,37,-0.28679,0.07215,0.04998
11,0.64785,346.81609,38,-0.28679,0.07215,0.04998
11,0.64785,346.81609,39,-0.2868,0.07215,0.04998
11,0.64785,346.81609,40,-0.2868,0.07215,0.04998
11,0.64785,346.81609,41,-0.2868,0.07215,0.04998
11,0.64785,346.81609,42,-0.2868,0.07215,0.04998
11,0.64785,346.81609,43,-0.2868,0.07215,0.04998
11,0.64785,346.81609,44,-0.2868,0.07215,0.04998
11,0.64785,346.81609,45,-0.2868,0.07215,0.04998
11,0.64785,346.81609,46,-0.2868,0.07215,0.04998
11,0.64785,346.81609,47,-0.2868,0.07215,0.04998
11,0.64785,346.81609,48,-0.2868,0.07215,0.04998
11,0.64785,346.81609,49,-0.2868,0.07215,0.04998
11,0.64785,346.81609,50,-0.2868,0.07215,0.04998
11,0.64785,346.81609,51,-0.2868,0.07215,0.04998
11,0.64785,346.81609,52,-0.2868,0.07215,0.04998
11,0.64785,346.81609,53,-0.2868,0.07215,0.04998
11,0.64785,346.81609,54,-0.2868,0.07215,0.04998
11,0.64785,346.81609,55,-0.2868,0.07215,0.04998
11,0.64785,346.81609,56,-0.2868,0.07215,0.04998
11,0.64785,346.81609,57,-0.2868,0.07215,0.04998
11,0.64785,346.81609,58,-0.2868,0.07215,0.04998
11,0.64785,346.81609,59,-0.2868,0.07215,0.04998
11,0.64785,346.81609,60,-0.2868,0.07215,0.04998
11,0.64785,346.81609,61,-0.2868,0.07215,0.04998
11,0.64785,346.81609,62,-0.28681,0.07215,0.04998
11,0.64785,346.81609,63,-0.28681,0.07215,0.04998
11,0.64785,346.81609,64,-0.28681,0.07215,0.04998
11,0.64785,346.81609,65,-0.28681,0.07215,0.04998
11,0.64785,346.81609,66,-0.28681,0.07215,0.04998
11,0.64785,346.81609,67,-0.28681,0.07215,0.04998
11,0.64785,346.81609,68,-0.28681,0.07215,0.04998
11,0.64785,346.81609,69,-0.28681,0.07215,0.04998
11,0.64785,346.81609,70,-0.28681,0.07215,0.04998
11,0.64785,346.81609,71,-0.28681,0.07215,0.04998
11,0.64785,346.81609,72,-0.28681,0.07215,0.04998
11,0.64785,346.81609,73,-0.28681,0.07215,0.04998
11,0.64785,346.81609,74,-0.28681,0.07215,0.04998
11,0.64785,346.81609,75,-0.28681,0.07215,0.04998
11,0.64785,346.81609,76,-0.28681,0.07215,0.04998
11,0.64785,346.81609,77,-0.28681,0.07215,0.04998
11,0.64785,346.81609,78,-0.28681,0.07215,0.04998
11,0.64785,346.81609,79,-0.28681,0.07215,0.04998
11,0.64785,346.81609,80,-0.28681,0.07215,0.04998
11,0.64785,346.81609,81,-0.28681,0.07215,0.04998
11,0.64785,346.81609,82,-0.28681,0.07215,0.04998
11,0.64785,346.81609,83,-0.28681,0.07215,0.04998
11,0.64785,346.81609,84,-0.28682,0.07215,0.04998
11,0.64785,346.81609,85,-0.28682,0.07215,0.04998
11,0.64785,346.81609,86,-0.28682,0.07215,0.04998
11,0.64785,346.81609,87,-0.28682,0.07215,0.04998
11,0.64785,346.81609,88,-0.28682,0.07215,0.04998
11,0.64785,346.81609,89,-0.28682,0.07215,0.04998
11,0.64785,346.81609,90,-0.28682,0.07215,0.04998
11,0.64785,346.81609,91,-0.28682,0.07215,0.04998
11,0.64785,346.81609,92,-0.28682,0.07215,0.04998
11,0.64785,346.81609,93,-0.28682,0.07215,0.04998
11,0.64785,346.81609,94,-0.28682,0.07215,0.04998
11,0.64785,346.81609,95,-0.28682,0.07215,0.04998
11,0.64785,346.81609,96,-0.28682,0.07215,0.04998
11,0.64785,346.81609,97,-0.28682,0.07215,0.04998
11,0.64785,346.81609,98,-0.28682,0.07215,0.04998
11,0.64785,346.81609,99,-0.28682,0.07215,0.04998
11,0.64785,346.81609,100,-0.28682,0.07215,0.04998
11,0.64785,346.81609,101,-0.28682,0.07215,0.04998
11,0.64785,346.81609,102,-0.28682,0.07215,0.04998
11,0.64785,346.81609,103,-0.28682,0.07215,0.04998
11,0.64785,346.81609,104,-0.28682,0.07215,0.04998
11,0.64785,346.81609,105,-0.28682,0.07215,0.04998
11,0.64785,346.81609,106,-0.28682,0.07215,0.04998
11,0.64785,346.81609,107,-0.28683,0.07215,0.04998
11,0.64785,346.81609,108,-0.28683,0.07215,0.04998
11,0.64785,346.81609,109,-0.28683,0.07215,0.04998
11,0.64785,346.81609,110,-0.28683,0.07215,0.04998
11,0.64785,346.81609,111,-0.28683,0.07215,0.04998
11,0.64785,346.81609,112,-0.28683,0.07215,0.04998
11,0.64785,346.81609,113,-0.28683,0.07215,0.04998
11,0.64785,346.81609,114,-0.28683,0.07215,0.04998
11,0.64785,346.81609,115,-0.28683,0.07215,0.04998
11,0.64785,346.81609,116,-0.28683,0.07215,0.04998
11,0.64785,346.81609,117,-0.28683,0.07215,0.04998
11,0.64785,346.81609,118,-0.28683,0.07215,0.04998
11,0.64785,346.81609,119,-0.28683,0.07215,0.04998
11,0.64785,346.81609,120,-0.28683,0.07215,0.04998
12,0.64919,361.18003,1,0.39598,-0.42212,0.47656
12,0.64919,361.18003,2,0.31225,-0.40953,0.51122
12,0.64919,361.18003,3,0.23372,-0.3763,0.53079
12,0.64919,361.18003,4,0.15558,-0.34324,0.53623
12,0.64919,361.18003,5,0.07783,-0.31033,0.52761
12,0.64919,361.18003,6,0.00046,-0.27759,0.505
12,0.64919,361.18003,7,-0.07652,-0.24501,0.46847
12,0.64919,361.18003,8,-0.1531,-0.2126,0.41811
12,0.64919,361.18003,9,-0.22926,-0.18038,0.354
12,0.64919,361.18003,10,-0.30497,-0.14833,0.27623
12,0.64919,361.18003,11,-0.38022,-0.11649,0.18492
12,0.64919,361.18003,12,-0.40777,-0.08638,0.09188
12,0.64919,361.18003,13,-0.38841,-0.06186,0.06075
12,0.64919,361.18003,14,-0.36971,-0.04168,0.07098
12,0.64919,361.18003,15,-0.35126,-0.02159,0.06796
12,0.64919,361.18003,16,-0.33468,-0.00339,0.06356
12,0.64919,361.18003,17,-0.31853,0.01256,0.0542
12,0.64919,361.18003,18,-0.30647,0.027,0.05212
12,0.64919,361.18003,19,-0.2972,0.04003,0.05063
12,0.64919,361.18003,20,-0.29044,0.05061,0.04979
12,0.64919,361.18003,21,-0.28594,0.0587,0.04915
12,0.64919,361.18003,22,-0.2832,0.06416,0.04905
12,0.64919,361.18003,23,-0.28164,0.06678,0.04917
12,0.64919,361.18003,24,-0.28139,0.06713,0.04945
12,0.64919,361.18003,25,-0.28141,0.06718,0.04973
12,0.64919,361.18003,26,-0.28142,0.06721,0.04986
12,0.64919,361.18003,27,-0.28142,0.06722,0.04993
12,0.64919,361.18003,28,-0.28142,0.06723,0.04996
12,0.64919,361.18003,29,-0.28143,0.06723,0.04997
12,0.64919,361.18003,30,-0.28143,0.06723,0.04998
12,0.64919,361.18003,31,-0.28143,0.06724,0.04998
12,0.64919,361.18003,32,-0.28143,0.06724,0.04998
12,0.64919,361.18003,33,-0.28143,0.06724,0.04998
12,0.64919,361.18003,34,-0.28143,0.06724,0.04998
12,0.64919,361.18003,35,-0.28143,0.06724,0.04998
12,0.64919,361.18003,36,-0.28143,0.06724,0.04998
12,0.64919,361.18003,37,-0.28143,0.06724,0.04998
12,0.64919,361.18003,38,-0.28143,0.06724,0.04998
12,0.64919,361.18003,39,-0.28143,0.06724,0.04998
12,0.64919,361.18003,40,-0.28143,0.06724,0.04998
12,0.64919,361.18003,41,-0.28143,0.06724,0.04998
12,0.64919,361.18003,42,-0.28143,0.06725,0.04998
12,0.64919,361.18003,43,-0.28144,0.06725,0.04998
12,0.64919,361.18003,44,-0.28144,0.06725,0.04998
12,0.64919,361.18003,45,-0.28144,0.06725,0.04998
12,0.64919,361.18003,46,-0.28144,0.06725,0.04998
12,0.64919,361.18003,47,-0.28144,0.06725,0.04998
12,0.64919,361.18003,48,-0.28144,0.06725,0.04998
12,0.64919,361.18003,49,-0.28144,0.06725,0.04998
12,0.64919,361.18003,50,-0.28144,0.06725,0.04998
12,0.64919,361.18003,51,-0.28144,0.06725,0.04998
12,0.64919,361.18003,52,-0.28144,0.06725,0.04998
12,0.64919,361.18003,53,-0.28144,0.06725,0.04998
12,0.64919,361.18003,54,-0.28145,0.06725,0.04998
12,0.64919,361.18003,55,-0.28145,0.06726,0.04998
12,0.64919,361.18003,56,-0.28145,0.06726,0.04998
12,0.64919,361.18003,57,-0.28145,0.06726,0.04998
12,0.64919,361.18003,58,-0.28145,0.06726,0.04998
12,0.64919,361.18003,59,-0.28145,0.06726,0.04998
12,0.64919,361.18003,60,-0.28145,0.06726,0.04998
12,0.64919,361.18003,61,-0.28145,0.06726,0.04998
12,0.64919,361.18003,62,-0.28145,0.06726,0.04998
12,0.64919,361.18003,63,-0.28145,0.06726,0.04998
12,0.64919,361.18003,64,-0.28145,0.06726,0.04998
12,0.64919,361.18003,65,-0.28145,0.06726,0.04998
12,0.64919,361.18003,66,-0.28146,0.06726,0.04998
12,0.64919,361.18003,67,-0.28146,0.06727,0.04998
12,0.64919,361.18003,68,-0.28146,0.06727,0.04998
12,0.64919,361.18003,69,-0.28146,0.06727,0.04998
12,0.64919,361.18003,70,-0.28146,0.06727,0.04998
12,0.64919,361.18003,71,-0.28146,0.06727,0.04998
12,0.64919,361.18003,72,-0.28146,0.06727,0.04998
12,0.64919,361.18003,73,-0.28146,0.06727,0.04998
12,0.64919,361.18003,74,-0.28146,0.06727,0.04998
12,0.64919,361.18003,75,-0.28146,0.06727,0.04998
12,0.64919,361.18003,76,-0.28146,0.06727,0.04998
12,0.64919,361.18003,77,-0.28146,0.06727,0.04998
12,0.64919,361.18003,78,-0.28147,0.06727,0.04998
12,0.64919,361.18003,79,-0.28147,0.06728,0.04998
12,0.64919,361.18003,80,-0.28147,0.06728,0.04998
12,0.64919,361.18003,81,-0.28147,0.06728,0.04998
12,0.64919,361.18003,82,-0.28147,0.06728,0.04998
12,0.64919,361.18003,83,-0.28147,0.06728,0.04998
12,0.64919,361.18003,84,-0.28147,0.06728,0.04998
12,0.64919,361.18003,85,-0.28147,0.06728,0.04998
12,0.64919,361.18003,86,-0.28147,0.06728,0.04998
12,0.64919,361.18003,87,-0.28147,0.06728,0.04998
12,0.64919,361.18003,88,-0.28147,0.06728,0.04998
12,0.64919,361.18003,89,-0.28148,0.06728,0.04998
12,0.64919,361.18003,90,-0.28148,0.06728,0.04998
12,0.64919,361.18003,91,-0.28148,0.06729,0.04998
12,0.64919,361.18003,92,-0.28148,0.06729,0.04998
12,0.64919,361.18003,93,-0.28148,0.06729,0.04998
12,0.64919,361.18003,94,-0.28148,0.06729,0.04998
12,0.64919,361.18003,95,-0.28148,0.06729,0.04998
12,0.64919,361.18003,96,-0.28148,0.06729,0.04998
12,0.64919,361.18003,97,-0.28148,0.06729,0.04998
12,0.64919,361.18003,98,-0.28148,0.06729,0.04998
12,0.64919,361.18003,99,-0.28148,0.06729,0.04998
12,0.64919,361.18003,100,-0.28148,0.06729,0.04998
12,0.64919,361.18003,101,-0.28149,0.06729,0.04998
12,0.64919,361.18003,102,-0.28149,0.06729,0.04998
12,0.64919,361.18003,103,-0.28149,0.06729,0.04998
12,0.64919,361.18003,104,-0.28149,0.0673,0.04998
12,0.64919,361.18003,105,-0.28149,0.0673,0.04998
12,0.64919,361.18003,106,-0.28149,0.0673,0.04998
12,0.64919,361.18003,107,-0.28149,0.0673,0.04998
12,0.64919,361.18003,108,-0.28149,0.0673,0.04998
12,0.64919,361.18003,109,-0.28149,0.0673,0.04998
12,0.64919,361.18003,110,-0.28149,0.0673,0.04998
12,0.64919,361.18003,111,-0.28149,0.0673,0.04998
12,0.64919,361.18003,112,-0.28149,0.0673,0.04998
12,0.64919,361.18003,113,-0.2815,0.0673,0.04998
12,0.64919,361.18003,114,-0.2815,0.0673,0.04998
12,0.64919,361.18003,115,-0.2815,0.0673,0.04998
12,0.64919,361.18003,116,-0.2815,0.06731,0.04998
12,0.64919,361.18003,117,-0.2815,0.06731,0.04998
12,0.64919,361.18003,118,-0.2815,0.06731,0.04998
12,0.64919,361.18003,119,-0.2815,0.06731,0.04998
12,0.64919,361.18003,120,-0.2815,0.06731,0.04998
13,0.58581,344.56544,1,0.40086,-0.42405,0.47731
13,0.58581,344.56544,2,0.32604,-0.40969,0.51298
13,0.58581,344.56544,3,0.25579,-0.37646,0.53381
13,0.58581,344.56544,4,0.18586,-0.34339,0.54052
13,0.58581,344.56544,5,0.11625,-0.31047,0.53315
13,0.58581,344.56544,6,0.04697,-0.2777,0.51179
13,0.58581,344.56544,7,-0.02198,-0.24508,0.4765
13,0.58581,344.56544,8,-0.09059,-0.21263,0.42735
13,0.58581,344.56544,9,-0.15885,-0.18035,0.36443
13,0.58581,344.56544,10,-0.22672,-0.14825,0.28783
13,0.58581,344.56544,11,-0.29419,-0.11634,0.19766
13,0.58581,344.56544,12,-0.36124,-0.08463,0.09405
13,0.58581,344.56544,13,-0.41667,-0.06035,0.06864
13,0.58581,344.56544,14,-0.40259,-0.04787,0.07157
13,0.58581,344.56544,15,-0.39019,-0.03845,0.0745
13,0.58581,344.56544,16,-0.37972,-0.02978,0.07181
13,0.58581,344.56544,17,-0.37198,-0.02168,0.0672
13,0.58581,344.56544,18,-0.36666,-0.01377,0.0596
13,0.58581,344.56544,19,-0.36178,-0.00556,0.04864
13,0.58581,344.56544,20,-0.35627,-0.00059,0.05466
13,0.58581,344.56544,21,-0.3517,0.00441,0.05329
13,0.58581,344.56544,22,-0.34783,0.00919,0.04916
13,0.58581,344.56544,23,-0.34425,0.01241,0.04896
13,0.58581,344.56544,24,-0.34234,0.01383,0.04914
13,0.58581,344.56544,25,-0.34212,0.01372,0.04959
13,0.58581,344.56544,26,-0.34218,0.01364,0.0498
13,0.58581,344.56544,27,-0.34221,0.01361,0.0499
13,0.58581,344.56544,28,-0.34223,0.01359,0.04994
13,0.58581,344.56544,29,-0.34223,0.01358,0.04997
13,0.58581,344.56544,30,-0.34224,0.01358,0.04998
13,0.58581,344.56544,31,-0.34224,0.01357,0.04998
13,0.58581,344.56544,32,-0.34224,0.01358,0.04998
13,0.58581,344.56544,33,-0.34224,0.01358,0.04998
13,0.58581,344.56544,34,-0.34224,0.01358,0.04998
13,0.58581,344.56544,35,-0.34224,0.01358,0.04998
13,0.58581,344.56544,36,-0.34224,0.01358,0.04998
13,0.58581,344.56544,37,-0.34224,0.01358,0.04998
13,0.58581,344.56544,38,-0.34224,0.01358,0.04998
13,0.58581,344.56544,39,-0.34224,0.01358,0.04998
13,0.58581,344.56544,40,-0.34224,0.01358,0.04998
13,0.58581,344.56544,41,-0.34224,0.01358,0.04998
13,0.58581,344.56544,42,-0.34224,0.01358,0.04998
13,0.58581,344.56544,43,-0.34224,0.01358,0.04998
13,0.58581,344.56544,44,-0.34224,0.01358,0.04998
13,0.58581,344.56544,45,-0.34224,0.01358,0.04998
13,0.58581,344.56544,46,-0.34224,0.01358,0.04998
13,0.58581,344.56544,47,-0.34224,0.01358,0.04998
13,0.58581,344.56544,48,-0.34224,0.01358,0.04998
13,0.58581,344.56544,49,-0.34224,0.01358,0.04998
13,0.58581,344.56544,50,-0.34224,0.01358,0.04998
13,0.58581,344.56544,51,-0.34224,0.01358,0.04998
13,0.58581,344.56544,52,-0.34224,0.01358,0.04998
13,0.58581,344.56544,53,-0.34224,0.01358,0.04998
13,0.58581,344.56544,54,-0.34224,0.01358,0.04998
13,0.58581,344.56544,55,-0.34224,0.01358,0.04998
13,0.58581,344.56544,56,-0.34224,0.01358,0.04998
13,0.58581,344.56544,57,-0.34224,0.01358,0.04998
13,0.58581,344.56544,58,-0.34224,0.01358,0.04998
13,0.58581,344.56544,59,-0.34224,0.01358,0.04998
13,0.58581,344.56544,60,-0.34224,0.01358,0.04998
13,0.58581,344.56544,61,-0.34224,0.01358,0.04998
13,0.58581,344.56544,62,-0.34224,0.01358,0.04998
13,0.58581,344.56544,63,-0.34224,0.01358,0.04998
13,0.58581,344.56544,64,-0.34224,0.01358,0.04998
13,0.58581,344.56544,65,-0.34224,0.01358,0.04998
13,0.58581,344.56544,66,-0.34224,0.01358,0.04998
13,0.58581,344.56544,67,-0.34224,0.01358,0.04998
13,0.58581,344.56544,68,-0.34224,0.01358,0.04998
13,0.58581,344.56544,69,-0.34224,0.01358,0.04998
13,0.58581,344.56544,70,-0.34224,0.01358,0.04998
13,0.58581,344.56544,71,-0.34224,0.01358,0.04998
13,0.58581,344.56544,72,-0.34224,0.01358,0.04998
13,0.58581,344.56544,73,-0.34224,0.01358,0.04998
13,0.58581,344.56544,74,-0.34224,0.01358,0.04998
13,0.58581,344.56544,75,-0.34224,0.01358,0.04998
13,0.58581,344.56544,76,-0.34224,0.01358,0.04998
13,0.58581,344.56544,77,-0.34224,0.01358,0.04998
13,0.58581,344.56544,78,-0.34224,0.01358,0.04998
13,0.58581,344.56544,79,-0.34224,0.01358,0.04998
13,0.58581,344.56544,80,-0.34224,0.01358,0.04998
13,0.58581,344.56544,81,-0.34224,0.01358,0.04998
13,0.58581,344.56544,82,-0.34224,0.01358,0.04998
13,0.58581,344.56544,83,-0.34224,0.01358,0.04998
13,0.58581,344.56544,84,-0.34224,0.01358,0.04998
13,0.58581,344.56544,85,-0.34224,0.01358,0.04998
13,0.58581,344.56544,86,-0.34224,0.01358,0.04998
13,0.58581,344.56544,87,-0.34224,0.01358,0.04998
13,0.58581,344.56544,88,-0.34224,0.01358,0.04998
13,0.58581,344.56544,89,-0.34224,0.01358,0.04998
13,0.58581,344.56544,90,-0.34224,0.01358,0.04998
13,0.58581,344.56544,91,-0.34224,0.01358,0.04998
13,0.58581,344.56544,92,-0.34224,0.01358,0.04998
13,0.58581,344.56544,93,-0.34224,0.01358,0.04998
13,0.58581,344.56544,94,-0.34224,0.01358,0.04998
13,0.58581,344.56544,95,-0.34224,0.01358,0.04998
13,0.58581,344.56544,96,-0.34224,0.01358,0.04998
13,0.58581,344.56544,97,-0.34224,0.01358,0.04998
13,0.58581,344.56544,98,-0.34224,0.01358,0.04998
13,0.58581,344.56544,99,-0.34224,0.01358,0.04998
13,0.58581,344.56544,100,-0.34224,0.01358,0.04998
13,0.58581,344.56544,101,-0.34224,0.01358,0.04998
13,0.58581,344.56544,102,-0.34224,0.01358,0.04998
13,0.58581,344.56544,103,-0.34224,0.01358,0.04998
13,0.58581,344.56544,104,-0.34224,0.01358,0.04998
13,0.58581,344.56544,105,-0.34224,0.01358,0.04998
13,0.58581,344.56544,106,-0.34224,0.01358,0.04998
13,0.58581,344.56544,107,-0.34224,0.01358,0.04998
13,0.58581,344.56544,108,-0.34224,0.01358,0.04998
13,0.58581,344.56544,109,-0.34224,0.01358,0.04998
13,0.58581,344.56544,110,-0.34224,0.01358,0.04998
13,0.58581,344.56544,111,-0.34224,0.01358,0.04998
13,0.58581,344.56544,112,-0.34224,0.01358,0.04998
13,0.58581,344.56544,113,-0.34224,0.01358,0.04998
13,0.58581,344.56544,114,-0.34224,0.01358,0.04998
13,0.58581,344.56544,115,-0.34224,0.01358,0.04998
13,0.58581,344.56544,116,-0.34224,0.01358,0.04998
13,0.58581,344.56544,117,-0.34224,0.01358,0.04998
13,0.58581,344.56544,118,-0.34224,0.01358,0.04998
13,0.58581,344.56544,119,-0.34224,0.01358,0.04998
13,0.58581,344.56544,120,-0.34224,0.01358,0.04998
14,0.58581,330.24949,1,0.40086,-0.42405,0.47731
14,0.58581,330.24949,2,0.32604,-0.40969,0.51298
14,0.58581,330.24949,3,0.25579,-0.37646,0.53381
14,0.58581,330.24949,4,0.18586,-0.34339,0.54052
14,0.58581,330.24949,5,0.11625,-0.31047,0.53315
14,0.58581,330.24949,6,0.04697,-0.2777,0.51179
14,0.58581,330.24949,7,-0.02198,-0.24508,0.4765
14,0.58581,330.24949,8,-0.09059,-0.21263,0.42735
14,0.58581,330.24949,9,-0.15885,-0.18035,0.36443
14,0.58581,330.24949,10,-0.22672,-0.14825,0.28783
14,0.58581,330.24949,11,-0.29419,-0.11634,0.19766
14,0.58581,330.24949,12,-0.36124,-0.08463,0.09405
14,0.58581,330.24949,13,-0.41667,-0.06035,0.06864
14,0.58581,330.24949,14,-0.40259,-0.04787,0.07157
14,0.58581,330.24949,15,-0.39019,-0.03845,0.0745
14,0.58581,330.24949,16,-0.37972,-0.02978,0.07181
14,0.58581,330.24949,17,-0.37198,-0.02168,0.0672
14,0.58581,330.24949,18,-0.36666,-0.01377,0.0596
14,0.58581,330.24949,19,-0.36178,-0.00556,0.04864
14,0.58581,330.24949,20,-0.35627,-0.00059,0.05466
14,0.58581,330.24949,21,-0.3517,0.00441,0.05329
14,0.58581,330.24949,22,-0.34783,0.00919,0.04916
14,0.58581,330.24949,23,-0.34425,0.01241,0.04896
14,0.58581,330.24949,24,-0.34234,0.01383,0.04914
14,0.58581,330.24949,25,-0.34212,0.01372,0.04959
14,0.58581,330.24949,26,-0.34218,0.01364,0.0498
14,0.58581,330.24949,27,-0.34221,0.01361,0.0499
14,0.58581,330.24949,28,-0.34223,0.01359,0.04994
14,0.58581,330.24949,29,-0.34223,0.01358,0.04997
14,0.58581,330.24949,30,-0.34224,0.01358,0.04998
14,0.58581,330.24949,31,-0.34224,0.01357,0.04998
14,0.58581,330.24949,32,-0.34224,0.01358,0.04998
14,0.58581,330.24949,33,-0.34224,0.01358,0.04998
14,0.58581,330.24949,34,-0.34224,0.01358,0.04998
14,0.58581,330.24949,35,-0.34224,0.01358,0.04998
14,0.58581,330.24949,36,-0.34224,0.01358,0.04998
14,0.58581,330.24949,37,-0.34224,0.01358,0.04998
14,0.58581,330.24949,38,-0.34224,0.01358,0.04998
14,0.58581,330.24949,39,-0.34224,0.01358,0.04998
14,0.58581,330.24949,40,-0.34224,0.01358,0.04998
14,0.58581,330.24949,41,-0.34224,0.01358,0.04998
14,0.58581,330.24949,42,-0.34224,0.01358,0.04998
14,0.58581,330.24949,43,-0.34224,0.01358,0.04998
14,0.58581,330.24949,44,-0.34224,0.01358,0.04998
14,0.58581,330.24949,45,-0.34224,0.01358,0.04998
14,0.58581,330.24949,46,-0.34224,0.01358,0.04998
14,0.58581,330.24949,47,-0.34224,0.01358,0.04998
14,0.58581,330.24949,48,-0.34224,0.01358,0.04998
14,0.58581,330.24949,49,-0.34224,0.01358,0.04998
14,0.58581,330.24949,50,-0.34224,0.01358,0.04998
14,0.58581,330.24949,51,-0.34224,0.01358,0.04998
14,0.58581,330.24949,52,-0.34224,0.01358,0.04998
14,0.58581,330.24949,53,-0.34224,0.01358,0.04998
14,0.58581,330.24949,54,-0.34224,0.01358,0.04998
14,0.58581,330.24949,55,-0.34224,0.01358,0.04998
14,0.58581,330.24949,56,-0.34224,0.01358,0.04998
14,0.58581,330.24949,57,-0.34224,0.01358,0.04998
14,0.58581,330.24949,58,-0.34224,0.01358,0.04998
14,0.58581,330.24949,59,-0.34224,0.01358,0.04998
14,0.58581,330.24949,60,-0.34224,0.01358,0.04998
14,0.58581,330.24949,61,-0.34224,0.01358,0.04998
14,0.58581,330.24949,62,-0.34224,0.01358,0.04998
14,0.58581,330.24949,63,-0.34224,0.01358,0.04998
14,0.58581,330.24949,64,-0.34224,0.01358,0.04998
14,0.58581,330.24949,65,-0.34224,0.01358,0.04998
14,0.58581,330.24949,66,-0.34224,0.01358,0.04998
14,0.58581,330.24949,67,-0.34224,0.01358,0.04998
14,0.58581,330.24949,68,-0.34224,0.01358,0.04998
14,0.58581,330.24949,69,-0.34224,0.01358,0.04998
14,0.58581,330.24949,70,-0.34224,0.01358,0.04998
14,0.58581,330.24949,71,-0.34224,0.01358,0.04998
14,0.58581,330.24949,72,-0.34224,0.01358,0.04998
14,0.58581,330.24949,73,-0.34224,0.01358,0.04998
14,0.58581,330.24949,74,-0.34224,0.01358,0.04998
14,0.58581,330.24949,75,-0.34224,0.01358,0.04998
14,0.58581,330.24949,76,-0.34224,0.01358,0.04998
14,0.58581,330.24949,77,-0.34224,0.01358,0.04998
14,0.58581,330.24949,78,-0.34224,0.01358,0.04998
14,0.58581,330.24949,79,-0.34224,0.01358,0.04998
14,0.58581,330.24949,80,-0.34224,0.01358,0.04998
14,0.58581,330.24949,81,-0.34224,0.01358,0.04998
14,0.58581,330.24949,82,-0.34224,0.01358,0.04998
14,0.58581,330.24949,83,-0.34224,0.01358,0.04998
14,0.58581,330.24949,84,-0.34224,0.01358,0.04998
14,0.58581,330.24949,85,-0.34224,0.01358,0.04998
14,0.58581,330.24949,86,-0.34224,0.01358,0.04998
14,0.58581,330.24949,87,-0.34224,0.01358,0.04998
14,0.58581,330.24949,88,-0.34224,0.01358,0.04998
14,0.58581,330.24949,89,-0.34224,0.01358,0.04998
14,0.58581,330.24949,90,-0.34224,0.01358,0.04998
14,0.58581,330.24949,91,-0.34224,0.01358,0.04998
14,0.58581,330.24949,92,-0.34224,0.01358,0.04998
14,0.58581,330.24949,93,-0.34224,0.01358,0.04998
14,0.58581,330.24949,94,-0.34224,0.01358,0.04998
14,0.58581,330.24949,95,-0.34224,0.01358,0.04998
14,0.58581,330.24949,96,-0.34224,0.01358,0.04998
14,0.58581,330.24949,97,-0.34224,0.01358,0.04998
14,0.58581,330.24949,98,-0.34224,0.01358,0.04998
14,0.58581,330.24949,99,-0.34224,0.01358,0.04998
14,0.58581,330.24949,100,-0.34224,0.01358,0.04998
14,0.58581,330.24949,101,-0.34224,0.01358,0.04998
14,0.58581,330.24949,102,-0.34224,0.01358,0.04998
14,0.58581,330.24949,103,-0.34224,0.01358,0.04998
14,0.58581,330.24949,104,-0.34224,0.01358,0.04998
14,0.58581,330.24949,105,-0.34224,0.01358,0.04998
14,0.58581,330.24949,106,-0.34224,0.01358,0.04998
14,0.58581,330.24949,107,-0.34224,0.01358,0.04998
14,0.58581,330.24949,108,-0.34224,0.01358,0.04998
14,0.58581,330.24949,109,-0.34224,0.01358,0.04998
14,0.58581,330.24949,110,-0.34224,0.01358,0.04998
14,0.58581,330.24949,111,-0.34224,0.01358,0.04998
14,0.58581,330.24949,112,-0.34224,0.01358,0.04998
14,0.58581,330.24949,113,-0.34224,0.01358,0.04998
14,0.58581,330.24949,114,-0.34224,0.01358,0.04998
14,0.58581,330.24949,115,-0.34224,0.01358,0.04998
14,0.58581,330.24949,116,-0.34224,0.01358,0.04998
14,0.58581,330.24949,117,-0.34224,0.01358,0.04998
14,0.58581,330.24949,118,-0.34224,0.01358,0.04998
14,0.58581,330.24949,119,-0.34224,0.01358,0.04998
14,0.58581,330.24949,120,-0.34224,0.01358,0.04998
15,0.64785,357.4493,1,0.39608,-0.42216,0.47657
15,0.64785,357.4493,2,0.31253,-0.40957,0.51126
15,0.64785,357.4493,3,0.23419,-0.37631,0.53085
15,0.64785,357.4493,4,0.15624,-0.34321,0.53631
15,0.64785,357.4493,5,0.07866,-0.31027,0.52772
15,0.64785,357.4493,6,0.00147,-0.27749,0.50513
15,0.64785,357.4493,7,-0.07532,-0.24488,0.46863
15,0.64785,357.4493,8,-0.15173,-0.21243,0.41829
15,0.64785,357.4493,9,-0.22771,-0.18017,0.35419
15,0.64785,357.4493,10,-0.30325,-0.1481,0.27645
15,0.64785,357.4493,11,-0.37832,-0.11622,0.18516
15,0.64785,357.4493,12,-0.40646,-0.08598,0.09195
15,0.64785,357.4493,13,-0.38848,-0.06093,0.06037
15,0.64785,357.4493,14,-0.3714,-0.04014,0.07079
15,0.64785,357.4493,15,-0.35454,-0.01942,0.06785
15,0.64785,357.4493,16,-0.33971,-0.00114,0.06556
15,0.64785,357.4493,17,-0.32561,0.01466,0.05984
15,0.64785,357.4493,18,-0.31195,0.02903,0.04806
15,0.64785,357.4493,19,-0.30424,0.04162,0.05271
15,0.64785,357.4493,20,-0.29685,0.05305,0.04832
15,0.64785,357.4493,21,-0.29262,0.06128,0.04968
15,0.64785,357.4493,22,-0.28951,0.06764,0.04963
15,0.64785,357.4493,23,-0.28749,0.07128,0.0492
15,0.64785,357.4493,24,-0.28673,0.0724,0.04935
15,0.64785,357.4493,25,-0.28676,0.07227,0.04968
15,0.64785,357.4493,26,-0.28678,0.0722,0.04984
15,0.64785,357.4493,27,-0.28678,0.07217,0.04992
15,0.64785,357.4493,28,-0.28679,0.07216,0.04995
15,0.64785,357.4493,29,-0.28679,0.07215,0.04997
15,0.64785,357.4493,30,-0.28679,0.07215,0.04998
15,0.64785,357.4493,31,-0.28679,0.07215,0.04998
15,0.64785,357.4493,32,-0.28679,0.07215,0.04998
15,0.64785,357.4493,33,-0.28679,0.07215,0.04998
15,0.64785,357.4493,34,-0.28679,0.07215,0.04998
15,0.64785,357.4493,35,-0.28679,0.07215,0.04998
15,0.64785,357.4493,36,-0.28679,0.07215,0.04998
15,0.64785,357.4493,37,-0.28679,0.07215,0.04998
15,0.64785,357.4493,38,-0.28679,0.07215,0.04998
15,0.64785,357.4493,39,-0.2868,0.07215,0.04998
15,0.64785,357.4493,40,-0.2868,0.07215,0.04998
15,0.64785,357.4493,41,-0.2868,0.07215,0.04998
15,0.64785,357.4493,42,-0.2868,0.07215,0.04998
15,0.64785,357.4493,43,-0.2868,0.07215,0.04998
15,0.64785,357.4493,44,-0.2868,0.07215,0.04998
15,0.64785,357.4493,45,-0.2868,0.07215,0.04998
15,0.64785,357.4493,46,-0.2868,0.07215,0.04998
15,0.64785,357.4493,47,-0.2868,0.07215,0.04998
15,0.64785,357.4493,48,-0.2868,0.07215,0.04998
15,0.64785,357.4493,49,-0.2868,0.07215,0.04998
15,0.64785,357.4493,50,-0.2868,0.07215,0.04998
15,0.64785,357.4493,51,-0.2868,0.07215,0.04998
15,0.64785,357.4493,52,-0.2868,0.07215,0.04998
15,0.64785,357.4493,53,-0.2868,0.07215,0.04998
15,0.64785,357.4493,54,-0.2868,0.07215,0.04998
15,0.64785,357.4493,55,-0.2868,0.07215,0.04998
15,0.64785,357.4493,56,-0.2868,0.07215,0.04998
15,0.64785,357.4493,57,-0.2868,0.07215,0.04998
15,0.64785,357.4493,58,-0.2868,0.07215,0.04998
15,0.64785,357.4493,59,-0.2868,0.07215,0.04998
15,0.64785,357.4493,60,-0.2868,0.07215,0.04998
15,0.64785,357.4493,61,-0.2868,0.07215,0.04998
15,0.64785,357.4493,62,-0.28681,0.07215,0.04998
15,0.64785,357.4493,63,-0.28681,0.07215,0.04998
15,0.64785,357.4493,64,-0.28681,0.07215,0.04998
15,0.64785,357.4493,65,-0.28681,0.07215,0.04998
15,0.64785,357.4493,66,-0.28681,0.07215,0.04998
15,0.64785,357.4493,67,-0.28681,0.07215,0.04998
15,0.64785,357.4493,68,-0.28681,0.07215,0.04998
15,0.64785,357.4493,69,-0.28681,0.07215,0.04998
15,0.64785,357.4493,70,-0.28681,0.07215,0.04998
15,0.64785,357.4493,71,-0.28681,0.07215,0.04998
15,0.64785,357.4493,72,-0.28681,0.07215,0.04998
15,0.64785,357.4493,73,-0.28681,0.07215,0.04998
15,0.64785,357.4493,74,-0.28681,0.07215,0.04998
15,0.64785,357.4493,75,-0.28681,0.07215,0.04998
15,0.64785,357.4493,76,-0.28681,0.07215,0.04998
15,0.64785,357.4493,77,-0.28681,0.07215,0.04998
15,0.64785,357.4493,78,-0.28681,0.07215,0.04998
15,0.64785,357.4493,79,-0.28681,0.07215,0.04998
15,0.64785,357.4493,80,-0.28681,0.07215,0.04998
15,0.64785,357.4493,81,-0.28681,0.07215,0.04998
15,0.64785,357.4493,82,-0.28681,0.07215,0.04998
15,0.64785,357.4493,83,-0.28681,0.07215,0.04998
15,0.64785,357.4493,84,-0.28682,0.07215,0.04998
15,0.64785,357.4493,85,-0.28682,0.07215,0.04998
15,0.64785,357.4493,86,-0.28682,0.07215,0.04998
15,0.64785,357.4493,87,-0.28682,0.07215,0.04998
15,0.64785,357.4493,88,-0.28682,0.07215,0.04998
15,0.64785,357.4493,89,-0.28682,0.07215,0.04998
15,0.64785,357.4493,90,-0.28682,0.07215,0.04998
15,0.64785,357.4493,91,-0.28682,0.07215,0.04998
15,0.64785,357.4493,92,-0.28682,0.07215,0.04998
15,0.64785,357.4493,93,-0.28682,0.07215,0.04998
15,0.64785,357.4493,94,-0.28682,0.07215,0.04998
15,0.64785,357.4493,95,-0.28682,0.07215,0.04998
15,0.64785,357.4493,96,-0.28682,0.07215,0.04998
15,0.64785,357.4493,97,-0.28682,0.07215,0.04998
15,0.64785,357.4493,98,-0.28682,0.07215,0.04998
15,0.64785,357.4493,99,-0.28682,0.07215,0.04998
15,0.64785,357.4493,100,-0.28682,0.07215,0.04998
15,0.64785,357.4493,101,-0.28682,0.07215,0.04998
15,0.64785,357.4493,102,-0.28682,0.07215,0.04998
15,0.64785,357.4493,103,-0.28682,0.07215,0.04998
15,0.64785,357.4493,104,-0.28682,0.07215,0.04998
15,0.64785,357.4493,105,-0.28682,0.07215,0.04998
15,0.64785,357.4493,106,-0.28682,0.07215,0.04998
15,0.64785,357.4493,107,-0.28683,0.07215,0.04998
15,0.64785,357.4493,108,-0.28683,0.07215,0.04998
15,0.64785,357.4493,109,-0.28683,0.07215,0.04998
15,0.64785,357.4493,110,-0.28683,0.07215,0.04998
15,0.64785,357.4493,111,-0.28683,0.07215,0.04998
15,0.64785,357.4493,112,-0.28683,0.07215,0.04998
15,0.64785,357.4493,113,-0.28683,0.07215,0.04998
15,0.64785,357.4493,114,-0.28683,0.07215,0.04998
15,0.64785,357.4493,115,-0.28683,0.07215,0.04998
15,0.64785,357.4493,116,-0.28683,0.07215,0.04998
15,0.64785,357.4493,117,-0.28683,0.07215,0.04998
15,0.64785,357.4493,118,-0.28683,0.07215,0.04998
15,0.64785,357.4493,119,-0.28683,0.07215,0.04998
15,0.64785,357.4493,120,-0.28683,0.07215,0.04998
16,0.60669,341.26073,1,0.39925,-0.42341,0.47706
16,0.60669,341.26073,2,0.32162,-0.40909,0.5123
16,0.60669,341.26073,3,0.24854,-0.37628,0.53271
16,0.60669,341.26073,4,0.17581,-0.34362,0.53899
16,0.60669,341.26073,5,0.10343,-0.31112,0.53121
16,0.60669,341.26073,6,0.03138,-0.27877,0.50943
16,0.60669,341.26073,7,-0.04031,-0.24658,0.47372
16,0.60669,341.26073,8,-0.11164,-0.21455,0.42417
16,0.60669,341.26073,9,-0.1826,-0.18269,0.36084
16,0.60669,341.26073,10,-0.25315,-0.15101,0.28386
16,0.60669,341.26073,11,-0.32328,-0.11953,0.19331
16,0.60669,341.26073,12,-0.39296,-0.08824,0.08932
16,0.60669,341.26073,13,-0.41835,-0.06457,0.06616
16,0.60669,341.26073,14,-0.39757,-0.05193,0.06936
16,0.60669,341.26073,15,-0.37691,-0.03779,0.06555
16,0.60669,341.26073,16,-0.35784,-0.02251,0.05979
16,0.60669,341.26073,17,-0.34041,-0.00796,0.04851
16,0.60669,341.26073,18,-0.32698,0.0012,0.0528
16,0.60669,341.26073,19,-0.315,0.00975,0.05051
16,0.60669,341.26073,20,-0.3057,0.01644,0.04928
16,0.60669,341.26073,21,-0.29952,0.02217,0.04898
16,0.60669,341.26073,22,-0.29608,0.0257,0.04926
16,0.60669,341.26073,23,-0.29497,0.02694,0.04949
16,0.60669,341.26073,24,-0.29496,0.02691,0.04975
16,0.60669,341.26073,25,-0.29495,0.02689,0.04988
16,0.60669,341.26073,26,-0.29495,0.02688,0.04993
16,0.60669,341.26073,27,-0.29495,0.02688,0.04996
16,0.60669,341.26073,28,-0.29495,0.02688,0.04997
16,0.60669,341.26073,29,-0.29495,0.02688,0.04998
16,0.60669,341.26073,30,-0.29494,0.02688,0.04998
16,0.60669,341.26073,31,-0.29494,0.02688,0.04998
16,0.60669,341.26073,32,-0.29494,0.02688,0.04998
16,0.60669,341.26073,33,-0.29494,0.02688,0.04998
16,0.60669,341.26073,34,-0.29494,0.02688,0.04998
16,0.60669,341.26073,35,-0.29494,0.02688,0.04998
16,0.60669,341.26073,36,-0.29494,0.02688,0.04998
16,0.60669,341.26073,37,-0.29494,0.02688,0.04998
16,0.60669,341.26073,38,-0.29494,0.02688,0.04998
16,0.60669,341.26073,39,-0.29494,0.02688,0.04998
16,0.60669,341.26073,40,-0.29494,0.02688,0.04998
16,0.60669,341.26073,41,-0.29494,0.02688,0.04998
16,0.60669,341.26073,42,-0.29494,0.02688,0.04998
16,0.60669,341.26073,43,-0.29494,0.02688,0.04998
16,0.60669,341.26073,44,-0.29494,0.02688,0.04998
16,0.60669,341.26073,45,-0.29494,0.02688,0.04998
16,0.60669,341.26073,46,-0.29494,0.02688,0.04998
16,0.60669,341.26073,47,-0.29494,0.02688,0.04998
16,0.60669,341.26073,48,-0.29494,0.02688,0.04998
16,0.60669,341.26073,49,-0.29493,0.02688,0.04998
16,0.60669,341.26073,50,-0.29493,0.02688,0.04998
16,0.60669,341.26073,51,-0.29493,0.02688,0.04998
16,0.60669,341.26073,52,-0.29493,0.02688,0.04998
16,0.60669,341.26073,53,-0.29493,0.02688,0.04998
16,0.60669,341.26073,54,-0.29493,0.02688,0.04998
16,0.60669,341.26073,55,-0.29493,0.02688,0.04998
16,0.60669,341.26073,56,-0.29493,0.02688,0.04998
16,0.60669,341.26073,57,-0.29493,0.02688,0.04998
16,0.60669,341.26073,58,-0.29493,0.02688,0.04998
16,0.60669,341.26073,59,-0.29493,0.02688,0.04998
16,0.60669,341.26073,60,-0.29493,0.02688,0.04998
16,0.60669,341.26073,61,-0.29493,0.02688,0.04998
16,0.60669,341.26073,62,-0.29493,0.02688,0.04998
16,0.60669,341.26073,63,-0.29493,0.02688,0.04998
16,0.60669,341.26073,64,-0.29493,0.02688,0.04998
16,0.60669,341.26073,65,-0.29493,0.02688,0.04998
16,0.60669,341.26073,66,-0.29493,0.02688,0.04998
16,0.60669,341.26073,67,-0.29493,0.02688,0.04998
16,0.60669,341.26073,68,-0.29493,0.02688,0.04998
16,0.60669,341.26073,69,-0.29492,0.02688,0.04998
16,0.60669,341.26073,70,-0.29492,0.02688,0.04998
16,0.60669,341.26073,71,-0.29492,0.02688,0.04998
16,0.60669,341.26073,72,-0.29492,0.02688,0.04998
16,0.60669,341.26073,73,-0.29492,0.02688,0.04998
16,0.60669,341.26073,74,-0.29492,0.02688,0.04998
16,0.60669,341.26073,75,-0.29492,0.02688,0.04998
16,0.60669,341.26073,76,-0.29492,0.02688,0.04998
16,0.60669,341.26073,77,-0.29492,0.02688,0.04998
16,0.60669,341.26073,78,-0.29492,0.02688,0.04998
16,0.60669,341.26073,79,-0.29492,0.02688,0.04998
16,0.60669,341.26073,80,-0.29492,0.02688,0.04998
16,0.60669,341.26073,81,-0.29492,0.02688,0.04998
16,0.60669,341.26073,82,-0.29492,0.02688,0.04998
16,0.60669,341.26073,83,-0.29492,0.02688,0.04998
16,0.60669,341.26073,84,-0.29492,0.02688,0.04998
16,0.60669,341.26073,85,-0.29492,0.02688,0.04998
16,0.60669,341.26073,86,-0.29492,0.02688,0.04998
16,0.60669,341.26073,87,-0.29492,0.02688,0.04998
16,0.60669,341.26073,88,-0.29492,0.02688,0.04998
16,0.60669,341.26073,89,-0.29492,0.02688,0.04998
16,0.60669,341.26073,90,-0.29491,0.02688,0.04998
16,0.60669,341.26073,91,-0.29491,0.02688,0.04998
16,0.60669,341.26073,92,-0.29491,0.02688,0.04998
16,0.60669,341.26073,93,-0.29491,0.02688,0.04998
16,0.60669,341.26073,94,-0.29491,0.02688,0.04998
16,0.60669,341.26073,95,-0.29491,0.02688,0.04998
16,0.60669,341.26073,96,-0.29491,0.02688,0.04998
16,0.60669,341.26073,97,-0.29491,0.02688,0.04998
16,0.60669,341.26073,98,-0.29491,0.02688,0.04998
16,0.60669,341.26073,99,-0.29491,0.02688,0.04998
16,0.60669,341.26073,100,-0.29491,0.02688,0.04998
16,0.60669,341.26073,101,-0.29491,0.02688,0.04998
16,0.60669,341.26073,102,-0.29491,0.02688,0.04998
16,0.60669,341.26073,103,-0.29491,0.02688,0.04998
16,0.60669,341.26073,104,-0.29491,0.02688,0.04998
16,0.60669,341.26073,105,-0.29491,0.02688,0.04998
16,0.60669,341.26073,106,-0.29491,0.02688,0.04998
16,0.60669,341.26073,107,-0.29491,0.02688,0.04998
16,0.60669,341.26073,108,-0.29491,0.02688,0.04998
16,0.60669,341.26073,109,-0.29491,0.02688,0.04998
16,0.60669,341.26073,110,-0.29491,0.02688,0.04998
16,0.60669,341.26073,111,-0.2949,0.02688,0.04998
16,0.60669,341.26073,112,-0.2949,0.02688,0.04998
16,0.60669,341.26073,113,-0.2949,0.02688,0.04998
16,0.60669,341.26073,114,-0.2949,0.02688,0.04998
16,0.60669,341.26073,115,-0.2949,0.02688,0.04998
16,0.60669,341.26073,116,-0.2949,0.02688,0.04998
16,0.60669,341.26073,117,-0.2949,0.02688,0.04998
16,0.60669,341.26073,118,-0.2949,0.02688,0.04998
16,0.60669,341.26073,119,-0.2949,0.02688,0.04998
16,0.60669,341.26073,120,-0.2949,0.02688,0.04998
17,0.64785,340.16554,1,0.39608,-0.42216,0.47657
17,0.64785,340.16554,2,0.31253,-0.40957,0.51126
17,0.64785,340.16554,3,0.23419,-0.37631,0.53085
17,0.64785,340.16554,4,0.15624,-0.34321,0.53631
17,0.64785,340.16554,5,0.07866,-0.31027,0.52772
17,0.64785,340.16554,6,0.00147,-0.27749,0.50513
17,0.64785,340.16554,7,-0.07532,-0.24488,0.46863
17,0.64785,340.16554,8,-0.15173,-0.21243,0.41829
17,0.64785,340.16554,9,-0.22771,-0.18017,0.35419
17,0.64785,340.16554,10,-0.30325,-0.1481,0.27645
17,0.64785,340.16554,11,-0.37832,-0.11622,0.18516
17,0.64785,340.16554,12,-0.40646,-0.08598,0.09195
17,0.64785,340.16554,13,-0.38848,-0.06093,0.06037
17,0.64785,340.16554,14,-0.3714,-0.04014,0.07079
17,0.64785,340.16554,15,-0.35454,-0.01942,0.06785
17,0.64785,340.16554,16,-0.33971,-0.00114,0.06556
17,0.64785,340.16554,17,-0.32561,0.01466,0.05984
17,0.64785,340.16554,18,-0.31195,0.02903,0.04806
17,0.64785,340.16554,19,-0.30424,0.04162,0.05271
17,0.64785,340.16554,20,-0.29685,0.05305,0.04832
17,0.64785,340.16554,21,-0.29262,0.06128,0.04968
17,0.64785,340.16554,22,-0.28951,0.06764,0.04963
17,0.64785,340.16554,23,-0.28749,0.07128,0.0492
17,0.64785,340.16554,24,-0.28673,0.0724,0.04935
17,0.64785,340.16554,25,-0.28676,0.07227,0.04968
17,0.64785,340.16554,26,-0.28678,0.0722,0.04984
17,0.64785,340.16554,27,-0.28678,0.07217,0.04992
17,0.64785,340.16554,28,-0.28679,0.07216,0.04995
17,0.64785,340.16554,29,-0.28679,0.07215,0.04997
17,0.64785,340.16554,30,-0.28679,0.07215,0.04998
17,0.64785,340.16554,31,-0.28679,0.07215,0.04998
17,0.64785,340.16554,32,-0.28679,0.07215,0.04998
17,0.64785,340.16554,33,-0.28679,0.07215,0.04998
17,0.64785,340.16554,34,-0.28679,0.07215,0.04998
17,0.64785,340.16554,35,-0.28679,0.07215,0.04998
17,0.64785,340.16554,36,-0.28679,0.07215,0.04998
17,0.64785,340.16554,37,-0.28679,0.07215,0.04998
17,0.64785,340.16554,38,-0.28679,0.07215,0.04998
17,0.64785,340.16554,39,-0.2868,0.07215,0.04998
17,0.64785,340.16554,40,-0.2868,0.07215,0.04998
17,0.64785,340.16554,41,-0.2868,0.07215,0.04998
17,0.64785,340.16554,42,-0.2868,0.07215,0.04998
17,0.64785,340.16554,43,-0.2868,0.07215,0.04998
17,0.64785,340.16554,44,-0.2868,0.07215,0.04998
17,0.64785,340.16554,45,-0.2868,0.07215,0.04998
17,0.64785,340.16554,46,-0.2868,0.07215,0.04998
17,0.64785,340.16554,47,-0.2868,0.07215,0.04998
17,0.64785,340.16554,48,-0.2868,0.07215,0.04998
17,0.64785,340.16554,49,-0.2868,0.07215,0.04998
17,0.64785,340.16554,50,-0.2868,0.07215,0.04998
17,0.64785,340.16554,51,-0.2868,0.07215,0.04998
17,0.64785,340.16554,52,-0.2868,0.07215,0.04998
17,0.64785,340.16554,53,-0.2868,0.07215,0.04998
17,0.64785,340.16554,54,-0.2868,0.07215,0.04998
17,0.64785,340.16554,55,-0.2868,0.07215,0.04998
17,0.64785,340.16554,56,-0.2868,0.07215,0.04998
17,0.64785,340.16554,57,-0.2868,0.07215,0.04998
17,0.64785,340.16554,58,-0.2868,0.07215,0.04998
17,0.64785,340.16554,59,-0.2868,0.07215,0.04998
17,0.64785,340.16554,60,-0.2868,0.07215,0.04998
17,0.64785,340.16554,61,-0.2868,0.07215,0.04998
17,0.64785,340.16554,62,-0.28681,0.07215,0.04998
17,0.64785,340.16554,63,-0.28681,0.07215,0.04998
17,0.64785,340.16554,64,-0.28681,0.07215,0.04998
17,0.64785,340.16554,65,-0.28681,0.07215,0.04998
17,0.64785,340.16554,66,-0.28681,0.07215,0.04998
17,0.64785,340.16554,67,-0.28681,0.07215,0.04998
17,0.64785,340.16554,68,-0.28681,0.07215,0.04998
17,0.64785,340.16554,69,-0.28681,0.07215,0.04998
17,0.64785,340.16554,70,-0.28681,0.07215,0.04998
17,0.64785,340.16554,71,-0.28681,0.07215,0.04998
17,0.64785,340.16554,72,-0.28681,0.07215,0.04998
17,0.64785,340.16554,73,-0.28681,0.07215,0.04998
17,0.64785,340.16554,74,-0.28681,0.07215,0.04998
17,0.64785,340.16554,75,-0.28681,0.07215,0.04998
17,0.64785,340.16554,76,-0.28681,0.07215,0.04998
17,0.64785,340.16554,77,-0.28681,0.07215,0.04998
17,0.64785,340.16554,78,-0.28681,0.07215,0.04998
17,0.64785,340.16554,79,-0.28681,0.07215,0.04998
17,0.64785,340.16554,80,-0.28681,0.07215,0.04998
17,0.64785,340.16554,81,-0.28681,0.07215,0.04998
17,0.64785,340.16554,82,-0.28681,0.07215,0.04998
17,0.64785,340.16554,83,-0.28681,0.07215,0.04998
17,0.64785,340.16554,84,-0.28682,0.07215,0.04998
17,0.64785,340.16554,85,-0.28682,0.07215,0.04998
17,0.64785,340.16554,86,-0.28682,0.07215,0.04998
17,0.64785,340.16554,87,-0.28682,0.07215,0.04998
17,0.64785,340.16554,88,-0.28682,0.07215,0.04998
17,0.64785,340.16554,89,-0.28682,0.07215,0.04998
17,0.64785,340.16554,90,-0.28682,0.07215,0.04998
17,0.64785,340.16554,91,-0.28682,0.07215,0.04998
17,0.64785,340.16554,92,-0.28682,0.07215,0.04998
17,0.64785,340.16554,93,-0.28682,0.07215,0.04998
17,0.64785,340.16554,94,-0.28682,0.07215,0.04998
17,0.64785,340.16554,95,-0.28682,0.07215,0.04998
17,0.64785,340.16554,96,-0.28682,0.07215,0.04998
17,0.64785,340.16554,97,-0.28682,0.07215,0.04998
17,0.64785,340.16554,98,-0.28682,0.07215,0.04998
17,0.64785,340.16554,99,-0.28682,0.07215,0.04998
17,0.64785,340.16554,100,-0.28682,0.07215,0.04998
17,0.64785,340.16554,101,-0.28682,0.07215,0.04998
17,0.64785,340.16554,102,-0.28682,0.07215,0.04998
17,0.64785,340.16554,103,-0.28682,0.07215,0.04998
17,0.64785,340.16554,104,-0.28682,0.07215,0.04998
17,0.64785,340.16554,105,-0.28682,0.07215,0.04998
17,0.64785,340.16554,106,-0.28682,0.07215,0.04998
17,0.64785,340.16554,107,-0.28683,0.07215,0.04998
17,0.64785,340.16554,108,-0.28683,0.07215,0.04998
17,0.64785,340.16554,109,-0.28683,0.07215,0.04998
17,0.64785,340.16554,110,-0.28683,0.07215,0.04998
17,0.64785,340.16554,111,-0.28683,0.07215,0.04998
17,0.64785,340.16554,112,-0.28683,0.07215,0.04998
17,0.64785,340.16554,113,-0.28683,0.07215,0.04998
17,0.64785,340.16554,114,-0.28683,0.07215,0.04998
17,0.64785,340.16554,115,-0.28683,0.07215,0.04998
17,0.64785,340.16554,116,-0.28683,0.07215,0.04998
17,0.64785,340.16554,117,-0.28683,0.07215,0.04998
17,0.64785,340.16554,118,-0.28683,0.07215,0.04998
17,0.64785,340.16554,119,-0.28683,0.07215,0.04998
17,0.64785,340.16554,120,-0.28683,0.07215,0.04998
18,0.58322,359.91851,1,0.40106,-0.42413,0.47734
18,0.58322,359.91851,2,0.32659,-0.40976,0.51307
18,0.58322,359.91851,3,0.25669,-0.37648,0.53395
18,0.58322,359.91851,4,0.18711,-0.34336,0.54071
18,0.58322,359.91851,5,0.11784,-0.31039,0.5334
18,0.58322,359.91851,6,0.0489,-0.27757,0.51209
18,0.58322,359.91851,7,-0.01971,-0.24491,0.47685
18,0.58322,359.91851,8,-0.08799,-0.2124,0.42775
18,0.58322,359.91851,9,-0.15591,-0.18007,0.36488
18,0.58322,359.91851,10,-0.22345,-0.14792,0.28834
18,0.58322,359.91851,11,-0.29059,-0.11596,0.19822
18,0.58322,359.91851,12,-0.35731,-0.0842,0.09465
18,0.58322,359.91851,13,-0.41487,-0.0585,0.06404
18,0.58322,359.91851,14,-0.41196,-0.04351,0.07999
18,0.58322,359.91851,15,-0.40804,-0.02937,0.0871
18,0.58322,359.91851,16,-0.40074,-0.01616,0.08037
18,0.58322,359.91851,17,-0.39236,-0.00376,0.06509
18,0.58322,359.91851,18,-0.37933,0.00851,0.05846
18,0.58322,359.91851,19,-0.36827,0.01795,0.05267
18,0.58322,359.91851,20,-0.3601,0.02459,0.05012
18,0.58322,359.91851,21,-0.35456,0.02911,0.04961
18,0.58322,359.91851,22,-0.3511,0.03149,0.04949
18,0.58322,359.91851,23,-0.35012,0.03208,0.04962
18,0.58322,359.91851,24,-0.3502,0.0321,0.04981
18,0.58322,359.91851,25,-0.35024,0.03211,0.0499
18,0.58322,359.91851,26,-0.35026,0.03212,0.04995
18,0.58322,359.91851,27,-0.35027,0.03212,0.04997
18,0.58322,359.91851,28,-0.35027,0.03212,0.04998
18,0.58322,359.91851,29,-0.35027,0.03212,0.04998
18,0.58322,359.91851,30,-0.35027,0.03212,0.04998
18,0.58322,359.91851,31,-0.35027,0.03212,0.04998
18,0.58322,359.91851,32,-0.35027,0.03212,0.04998
18,0.58322,359.91851,33,-0.35027,0.03212,0.04998
18,0.58322,359.91851,34,-0.35027,0.03212,0.04998
18,0.58322,359.91851,35,-0.35027,0.03212,0.04998
18,0.58322,359.91851,36,-0.35027,0.03212,0.04998
18,0.58322,359.91851,37,-0.35027,0.03212,0.04998
18,0.58322,359.91851,38,-0.35027,0.03212,0.04998
18,0.58322,359.91851,39,-0.35027,0.03212,0.04998
18,0.58322,359.91851,40,-0.35027,0.03212,0.04998
18,0.58322,359.91851,41,-0.35027,0.03212,0.04998
18,0.58322,359.91851,42,-0.35027,0.03212,0.04998
18,0.58322,359.91851,43,-0.35027,0.03212,0.04998
18,0.58322,359.91851,44,-0.35027,0.03212,0.04998
18,0.58322,359.91851,45,-0.35027,0.03212,0.04998
18,0.58322,359.91851,46,-0.35027,0.03212,0.04998
18,0.58322,359.91851,47,-0.35027,0.03212,0.04998
18,0.58322,359.91851,48,-0.35027,0.03212,0.04998
18,0.58322,359.91851,49,-0.35027,0.03211,0.04998
18,0.58322,359.91851,50,-0.35027,0.03211,0.04998
18,0.58322,359.91851,51,-0.35027,0.03211,0.04998
18,0.58322,359.91851,52,-0.35027,0.03211,0.04998
18,0.58322,359.91851,53,-0.35027,0.03211,0.04998
18,0.58322,359.91851,54,-0.35027,0.03211,0.04998
18,0.58322,359.91851,55,-0.35027,0.03211,0.04998
18,0.58322,359.91851,56,-0.35027,0.03211,0.04998
18,0.58322,359.91851,57,-0.35027,0.03211,0.04998
18,0.58322,359.91851,58,-0.35027,0.03211,0.04998
18,0.58322,359.91851,59,-0.35027,0.03211,0.04998
18,0.58322,359.91851,60,-0.35027,0.03211,0.04998
18,0.58322,359.91851,61,-0.35027,0.03211,0.04998
18,0.58322,359.91851,62,-0.35027,0.03211,0.04998
18,0.58322,359.91851,63,-0.35027,0.03211,0.04998
18,0.58322,359.91851,64,-0.35027,0.03211,0.04998
18,0.58322,359.91851,65,-0.35027,0.03211,0.04998
18,0.58322,359.91851,66,-0.35027,0.03211,0.04998
18,0.58322,359.91851,67,-0.35027,0.03211,0.04998
18,0.58322,359.91851,68,-0.35027,0.03211,0.04998
18,0.58322,359.91851,69,-0.35027,0.03211,0.04998
18,0.58322,359.91851,70,-0.35027,0.03211,0.04998
18,0.58322,359.91851,71,-0.35027,0.03211,0.04998
18,0.58322,359.91851,72,-0.35027,0.03211,0.04998
18,0.58322,359.91851,73,-0.35027,0.03211,0.04998
18,0.58322,359.91851,74,-0.35027,0.03211,0.04998
18,0.58322,359.91851,75,-0.35027,0.03211,0.04998
18,0.58322,359.91851,76,-0.35027,0.03211,0.04998
18,0.58322,359.91851,77,-0.35027,0.03211,0.04998
18,0.58322,359.91851,78,-0.35027,0.03211,0.04998
18,0.58322,359.91851,79,-0.35027,0.03211,0.04998
18,0.58322,359.91851,80,-0.35027,0.03211,0.04998
18,0.58322,359.91851,81,-0.35027,0.03211,0.04998
18,0.58322,359.91851,82,-0.35027,0.03211,0.04998
18,0.58322,359.91851,83,-0.35027,0.03211,0.04998
18,0.58322,359.91851,84,-0.35027,0.03211,0.04998
18,0.58322,359.91851,85,-0.35027,0.03211,0.04998
18,0.58322,359.91851,86,-0.35027,0.03211,0.04998
18,0.58322,359.91851,87,-0.35027,0.03211,0.04998
18,0.58322,359.91851,88,-0.35027,0.03211,0.04998
18,0.58322,359.91851,89,-0.35027,0.03211,0.04998
18,0.58322,359.91851,90,-0.35027,0.03211,0.04998
18,0.58322,359.91851,91,-0.35027,0.03211,0.04998
18,0.58322,359.91851,92,-0.35026,0.03211,0.04998
18,0.58322,359.91851,93,-0.35026,0.03211,0.04998
18,0.58322,359.91851,94,-0.35026,0.03211,0.04998
18,0.58322,359.91851,95,-0.35026,0.03211,0.04998
18,0.58322,359.91851,96,-0.35026,0.03211,0.04998
18,0.58322,359.91851,97,-0.35026,0.03211,0.04998
18,0.58322,359.91851,98,-0.35026,0.03211,0.04998
18,0.58322,359.91851,99,-0.35026,0.03211,0.04998
18,0.58322,359.91851,100,-0.35026,0.03211,0.04998
18,0.58322,359.91851,101,-0.35026,0.03211,0.04998
18,0.58322,359.91851,102,-0.35026,0.03211,0.04998
18,0.58322,359.91851,103,-0.35026,0.03211,0.04998
18,0.58322,359.91851,104,-0.35026,0.03211,0.04998
18,0.58322,359.91851,105,-0.35026,0.03211,0.04998
18,0.58322,359.91851,106,-0.35026,0.03211,0.04998
18,0.58322,359.91851,107,-0.35026,0.03211,0.04998
18,0.58322,359.91851,108,-0.35026,0.03211,0.04998
18,0.58322,359.91851,109,-0.35026,0.03211,0.04998
18,0.58322,359.91851,110,-0.35026,0.03211,0.04998
18,0.58322,359.91851,111,-0.35026,0.03211,0.04998
18,0.58322,359.91851,112,-0.35026,0.03211,0.04998
18,0.58322,359.91851,113,-0.35026,0.03211,0.04998
18,0.58322,359.91851,114,-0.35026,0.03211,0.04998
18,0.58322,359.91851,115,-0.35026,0.03211,0.04998
18,0.58322,359.91851,116,-0.35026,0.03211,0.04998
18,0.58322,359.91851,117,-0.35026,0.03211,0.04998
18,0.58322,359.91851,118,-0.35026,0.03211,0.04998
18,0.58322,359.91851,119,-0.35026,0.03211,0.04998
18,0.58322,359.91851,120,-0.35026,0.03211,0.04998
19,0.60669,345.32954,1,0.39925,-0.42341,0.47706
19,0.60669,345.32954,2,0.32162,-0.40909,0.5123
19,0.60669,345.32954,3,0.24854,-0.37628,0.53271
19,0.60669,345.32954,4,0.17581,-0.34362,0.53899
19,0.60669,345.32954,5,0.10343,-0.31112,0.53121
19,0.60669,345.32954,6,0.03138,-0.27877,0.50943
19,0.60669,345.32954,7,-0.04031,-0.24658,0.47372
19,0.60669,345.32954,8,-0.11164,-0.21455,0.42417
19,0.60669,345.32954,9,-0.1826,-0.18269,0.36084
19,0.60669,345.32954,10,-0.25315,-0.15101,0.28386
19,0.60669,345.32954,11,-0.32328,-0.11953,0.19331
19,0.60669,345.32954,12,-0.39296,-0.08824,0.08932
19,0.60669,345.32954,13,-0.41835,-0.06457,0.06616
19,0.60669,345.32954,14,-0.39757,-0.05193,0.06936
19,0.60669,345.32954,15,-0.37691,-0.03779,0.06555
19,0.60669,345.32954,16,-0.35784,-0.02251,0.05979
19,0.60669,345.32954,17,-0.34041,-0.00796,0.04851
19,0.60669,345.32954,18,-0.32698,0.0012,0.0528
19,0.60669,345.32954,19,-0.315,0.00975,0.05051
19,0.60669,345.32954,20,-0.3057,0.01644,0.04928
19,0.60669,345.32954,21,-0.29952,0.02217,0.04898
19,0.60669,345.32954,22,-0.29608,0.0257,0.04926
19,0.60669,345.32954,23,-0.29497,0.02694,0.04949
19,0.60669,345.32954,24,-0.29496,0.02691,0.04975
19,0.60669,345.32954,25,-0.29495,0.02689,0.04988
19,0.60669,345.32954,26,-0.29495,0.02688,0.04993
19,0.60669,345.32954,27,-0.29495,0.02688,0.04996
19,0.60669,345.32954,28,-0.29495,0.02688,0.04997
19,0.60669,345.32954,29,-0.29495,0.02688,0.04998
19,0.60669,345.32954,30,-0.29494,0.02688,0.04998
19,0.60669,345.32954,31,-0.29494,0.02688,0.04998
19,0.60669,345.32954,32,-0.29494,0.02688,0.04998
19,0.60669,345.32954,33,-0.29494,0.02688,0.04998
19,0.60669,345.32954,34,-0.29494,0.02688,0.04998
19,0.60669,345.32954,35,-0.29494,0.02688,0.04998
19,0.60669,345.32954,36,-0.29494,0.02688,0.04998
19,0.60669,345.32954,37,-0.29494,0.02688,0.04998
19,0.60669,345.32954,38,-0.29494,0.02688,0.04998
19,0.60669,345.32954,39,-0.29494,0.02688,0.04998
19,0.60669,345.32954,40,-0.29494,0.02688,0.04998
19,0.60669,345.32954,41,-0.29494,0.02688,0.04998
19,0.60669,345.32954,42,-0.29494,0.02688,0.04998
19,0.60669,345.32954,43,-0.29494,0.02688,0.04998
19,0.60669,345.32954,44,-0.29494,0.02688,0.04998
19,0.60669,345.32954,45,-0.29494,0.02688,0.04998
19,0.60669,345.32954,46,-0.29494,0.02688,0.04998
19,0.60669,345.32954,47,-0.29494,0.02688,0.04998
19,0.60669,345.32954,48,-0.29494,0.02688,0.04998
19,0.60669,345.32954,49,-0.29493,0.02688,0.04998
19,0.60669,345.32954,50,-0.29493,0.02688,0.04998
19,0.60669,345.32954,51,-0.29493,0.02688,0.04998
19,0.60669,345.32954,52,-0.29493,0.02688,0.04998
19,0.60669,345.32954,53,-0.29493,0.02688,0.04998
19,0.60669,345.32954,54,-0.29493,0.02688,0.04998
19,0.60669,345.32954,55,-0.29493,0.02688,0.04998
19,0.60669,345.32954,56,-0.29493,0.02688,0.04998
19,0.60669,345.32954,57,-0.29493,0.02688,0.04998
19,0.60669,345.32954,58,-0.29493,0.02688,0.04998
19,0.60669,345.32954,59,-0.29493,0.02688,0.04998
19,0.60669,345.32954,60,-0.29493,0.02688,0.04998
19,0.60669,345.32954,61,-0.29493,0.02688,0.04998
19,0.60669,345.32954,62,-0.29493,0.02688,0.04998
19,0.60669,345.32954,63,-0.29493,0.02688,0.04998
19,0.60669,345.32954,64,-0.29493,0.02688,0.04998
19,0.60669,345.32954,65,-0.29493,0.02688,0.04998
19,0.60669,345.32954,66,-0.29493,0.02688,0.04998
19,0.60669,345.32954,67,-0.29493,0.02688,0.04998
19,0.60669,345.32954,68,-0.29493,0.02688,0.04998
19,0.60669,345.32954,69,-0.29492,0.02688,0.04998
19,0.60669,345.32954,70,-0.29492,0.02688,0.04998
19,0.60669,345.32954,71,-0.29492,0.02688,0.04998
19,0.60669,345.32954,72,-0.29492,0.02688,0.04998
19,0.60669,345.32954,73,-0.29492,0.02688,0.04998
19,0.60669,345.32954,74,-0.29492,0.02688,0.04998
19,0.60669,345.32954,75,-0.29492,0.02688,0.04998
19,0.60669,345.32954,76,-0.29492,0.02688,0.04998
19,0.60669,345.32954,77,-0.29492,0.02688,0.04998
19,0.60669,345.32954,78,-0.29492,0.02688,0.04998
19,0.60669,345.32954,79,-0.29492,0.02688,0.04998
19,0.60669,345.32954,80,-0.29492,0.02688,0.04998
19,0.60669,345.32954,81,-0.29492,0.02688,0.04998
19,0.60669,345.32954,82,-0.29492,0.02688,0.04998
19,0.60669,345.32954,83,-0.29492,0.02688,0.04998
19,0.60669,345.32954,84,-0.29492,0.02688,0.04998
19,0.60669,345.32954,85,-0.29492,0.02688,0.04998
19,0.60669,345.32954,86,-0.29492,0.02688,0.04998
19,0.60669,345.32954,87,-0.29492,0.02688,0.04998
19,0.60669,345.32954,88,-0.29492,0.02688,0.04998
19,0.60669,345.32954,89,-0.29492,0.02688,0.04998
19,0.60669,345.32954,90,-0.29491,0.02688,0.04998
19,0.60669,345.32954,91,-0.29491,0.02688,0.04998
19,0.60669,345.32954,92,-0.29491,0.02688,0.04998
19,0.60669,345.32954,93,-0.29491,0.02688,0.04998
19,0.60669,345.32954,94,-0.29491,0.02688,0.04998
19,0.60669,345.32954,95,-0.29491,0.02688,0.04998
19,0.60669,345.32954,96,-0.29491,0.02688,0.04998
19,0.60669,345.32954,97,-0.29491,0.02688,0.04998
19,0.60669,345.32954,98,-0.29491,0.02688,0.04998
19,0.60669,345.32954,99,-0.29491,0.02688,0.04998
19,0.60669,345.32954,100,-0.29491,0.02688,0.04998
19,0.60669,345.32954,101,-0.29491,0.02688,0.04998
19,0.60669,345.32954,102,-0.29491,0.02688,0.04998
19,0.60669,345.32954,103,-0.29491,0.02688,0.04998
19,0.60669,345.32954,104,-0.29491,0.02688,0.04998
19,0.60669,345.32954,105,-0.29491,0.02688,0.04998
19,0.60669,345.32954,106,-0.29491,0.02688,0.04998
19,0.60669,345.32954,107,-0.29491,0.02688,0.04998
19,0.60669,345.32954,108,-0.29491,0.02688,0.04998
19,0.60669,345.32954,109,-0.29491,0.02688,0.04998
19,0.60669,345.32954,110,-0.29491,0.02688,0.04998
19,0.60669,345.32954,111,-0.2949,0.02688,0.04998
19,0.60669,345.32954,112,-0.2949,0.02688,0.04998
19,0.60669,345.32954,113,-0.2949,0.02688,0.04998
19,0.60669,345.32954,114,-0.2949,0.02688,0.04998
19,0.60669,345.32954,115,-0.2949,0.02688,0.04998
19,0.60669,345.32954,116,-0.2949,0.02688,0.04998
19,0.60669,345.32954,117,-0.2949,0.02688,0.04998
19,0.60669,345.32954,118,-0.2949,0.02688,0.04998
19,0.60669,345.32954,119,-0.2949,0.02688,0.04998
19,0.60669,345.32954,120,-0.2949,0.02688,0.04998
20,0.60669,353.50201,1,0.39925,-0.42341,0.47706
20,0.60669,353.50201,2,0.32162,-0.40909,0.5123
20,0.60669,353.50201,3,0.24854,-0.37628,0.53271
20,0.60669,353.50201,4,0.17581,-0.34362,0.53899
20,0.60669,353.50201,5,0.10343,-0.31112,0.53121
20,0.60669,353.50201,6,0.03138,-0.27877,0.50943
20,0.60669,353.50201,7,-0.04031,-0.24658,0.47372
20,0.60669,353.50201,8,-0.11164,-0.21455,0.42417
20,0.60669,353.50201,9,-0.1826,-0.18269,0.36084
20,0.60669,353.50201,10,-0.25315,-0.15101,0.28386
20,0.60669,353.50201,11,-0.32328,-0.11953,0.19331
20,0.60669,353.50201,12,-0.39296,-0.08824,0.08932
20,0.60669,353.50201,13,-0.41835,-0.06457,0.06616
20,0.60669,353.50201,14,-0.39757,-0.05193,0.06936
20,0.60669,353.50201,15,-0.37691,-0.03779,0.06555
20,0.60669,353.50201,16,-0.35784,-0.02251,0.05979
20,0.60669,353.50201,17,-0.34041,-0.00796,0.04851
20,0.60669,353.50201,18,-0.32698,0.0012,0.0528
20,0.60669,353.50201,19,-0.315,0.00975,0.05051
20,0.60669,353.50201,20,-0.3057,0.01644,0.04928
20,0.60669,353.50201,21,-0.29952,0.02217,0.04898
20,0.60669,353.50201,22,-0.29608,0.0257,0.04926
20,0.60669,353.50201,23,-0.29497,0.02694,0.04949
20,0.60669,353.50201,24,-0.29496,0.02691,0.04975
20,0.60669,353.50201,25,-0.29495,0.02689,0.04988
20,0.60669,353.50201,26,-0.29495,0.02688,0.04993
20,0.60669,353.50201,27,-0.29495,0.02688,0.04996
20,0.60669,353.50201,28,-0.29495,0.02688,0.04997
20,0.60669,353.50201,29,-0.29495,0.02688,0.04998
20,0.60669,353.50201,30,-0.29494,0.02688,0.04998
20,0.60669,353.50201,31,-0.29494,0.02688,0.04998
20,0.60669,353.50201,32,-0.29494,0.02688,0.04998
20,0.60669,353.50201,33,-0.29494,0.02688,0.04998
20,0.60669,353.50201,34,-0.29494,0.02688,0.04998
20,0.60669,353.50201,35,-0.29494,0.02688,0.04998
20,0.60669,353.50201,36,-0.29494,0.02688,0.04998
20,0.60669,353.50201,37,-0.29494,0.02688,0.04998
20,0.60669,353.50201,38,-0.29494,0.02688,0.04998
20,0.60669,353.50201,39,-0.29494,0.02688,0.04998
20,0.60669,353.50201,40,-0.29494,0.02688,0.04998
20,0.60669,353.50201,41,-0.29494,0.02688,0.04998
20,0.60669,353.50201,42,-0.29494,0.02688,0.04998
20,0.60669,353.50201,43,-0.29494,0.02688,0.04998
20,0.60669,353.50201,44,-0.29494,0.02688,0.04998
20,0.60669,353.50201,45,-0.29494,0.02688,0.04998
20,0.60669,353.50201,46,-0.29494,0.02688,0.04998
20,0.60669,353.50201,47,-0.29494,0.02688,0.04998
20,0.60669,353.50201,48,-0.29494,0.02688,0.04998
20,0.60669,353.50201,49,-0.29493,0.02688,0.04998
20,0.60669,353.50201,50,-0.29493,0.02688,0.04998
20,0.60669,353.50201,51,-0.29493,0.02688,0.04998
20,0.60669,353.50201,52,-0.29493,0.02688,0.04998
20,0.60669,353.50201,53,-0.29493,0.02688,0.04998
20,0.60669,353.50201,54,-0.29493,0.02688,0.04998
20,0.60669,353.50201,55,-0.29493,0.02688,0.04998
20,0.60669,353.50201,56,-0.29493,0.02688,0.04998
20,0.60669,353.50201,57,-0.29493,0.02688,0.04998
20,0.60669,353.50201,58,-0.29493,0.02688,0.04998
20,0.60669,353.50201,59,-0.29493,0.02688,0.04998
20,0.60669,353.50201,60,-0.29493,0.02688,0.04998
20,0.60669,353.50201,61,-0.29493,0.02688,0.04998
20,0.60669,353.50201,62,-0.29493,0.02688,0.04998
20,0.60669,353.50201,63,-0.29493,0.02688,0.04998
20,0.60669,353.50201,64,-0.29493,0.02688,0.04998
20,0.60669,353.50201,65,-0.29493,0.02688,0.04998
20,0.60669,353.50201,66,-0.29493,0.02688,0.04998
20,0.60669,353.50201,67,-0.29493,0.02688,0.04998
20,0.60669,353.50201,68,-0.29493,0.02688,0.04998
20,0.60669,353.50201,69,-0.29492,0.02688,0.04998
20,0.60669,353.50201,70,-0.29492,0.02688,0.04998
20,0.60669,353.50201,71,-0.29492,0.02688,0.04998
20,0.60669,353.50201,72,-0.29492,0.02688,0.04998
20,0.60669,353.50201,73,-0.29492,0.02688,0.04998
20,0.60669,353.50201,74,-0.29492,0.02688,0.04998
20,0.60669,353.50201,75,-0.29492,0.02688,0.04998
20,0.60669,353.50201,76,-0.29492,0.02688,0.04998
20,0.60669,353.50201,77,-0.29492,0.02688,0.04998
20,0.60669,353.50201,78,-0.29492,0.02688,0.04998
20,0.60669,353.50201,79,-0.29492,0.02688,0.04998
20,0.60669,353.50201,80,-0.29492,0.02688,0.04998
20,0.60669,353.50201,81,-0.29492,0.02688,0.04998
20,0.60669,353.50201,82,-0.29492,0.02688,0.04998
20,0.60669,353.50201,83,-0.29492,0.02688,0.04998
20,0.60669,353.50201,84,-0.29492,0.02688,0.04998
20,0.60669,353.50201,85,-0.29492,0.02688,0.04998
20,0.60669,353.50201,86,-0.29492,0.02688,0.04998
20,0.60669,353.50201,87,-0.29492,0.02688,0.04998
20,0.60669,353.50201,88,-0.29492,0.02688,0.04998
20,0.60669,353.50201,89,-0.29492,0.02688,0.04998
20,0.60669,353.50201,90,-0.29491,0.02688,0.04998
20,0.60669,353.50201,91,-0.29491,0.02688,0.04998
20,0.60669,353.50201,92,-0.29491,0.02688,0.04998
20,0.60669,353.50201,93,-0.29491,0.02688,0.04998
20,0.60669,353.50201,94,-0.29491,0.02688,0.04998
20,0.60669,353.50201,95,-0.29491,0.02688,0.04998
20,0.60669,353.50201,96,-0.29491,0.02688,0.04998
20,0.60669,353.50201,97,-0.29491,0.02688,0.04998
20,0.60669,353.50201,98,-0.29491,0.02688,0.04998
20,0.60669,353.50201,99,-0.29491,0.02688,0.04998
20,0.60669,353.50201,100,-0.29491,0.02688,0.04998
20,0.60669,353.50201,101,-0.29491,0.02688,0.04998
20,0.60669,353.50201,102,-0.29491,0.02688,0.04998
20,0.60669,353.50201,103,-0.29491,0.02688,0.04998
20,0.60669,353.50201,104,-0.29491,0.02688,0.04998
20,0.60669,353.50201,105,-0.29491,0.02688,0.04998
20,0.60669,353.50201,106,-0.29491,0.02688,0.04998
20,0.60669,353.50201,107,-0.29491,0.02688,0.04998
20,0.60669,353.50201,108,-0.29491,0.02688,0.04998
20,0.60669,353.50201,109,-0.29491,0.02688,0.04998
20,0.60669,353.50201,110,-0.29491,0.02688,0.04998
20,0.60669,353.50201,111,-0.2949,0.02688,0.04998
20,0.60669,353.50201,112,-0.2949,0.02688,0.04998
20,0.60669,353.50201,113,-0.2949,0.02688,0.04998
20,0.60669,353.50201,114,-0.2949,0.02688,0.04998
20,0.60669,353.50201,115,-0.2949,0.02688,0.04998
20,0.60669,353.50201,116,-0.2949,0.02688,0.04998
20,0.60669,353.50201,117,-0.2949,0.02688,0.04998
20,0.60669,353.50201,118,-0.2949,0.02688,0.04998
20,0.60669,353.50201,119,-0.2949,0.02688,0.04998
20,0.60669,353.50201,120,-0.2949,0.02688,0.04998
