particle,elasticity,weight,frame,x,y,z
1,0.75859,649.82081,1,0.38277,-0.23261,0.12032
1,0.75859,649.82081,2,0.39333,-0.34654,0.23872
1,0.75859,649.82081,3,0.34605,-0.33528,0.28243
1,0.75859,649.82081,4,0.40619,-0.37165,0.42644
1,0.75859,649.82081,5,0.3606,-0.32262,0.49806
1,0.75859,649.82081,6,0.35114,-0.33703,0.56768
1,0.75859,649.82081,7,0.31158,-0.27367,0.67931
1,0.75859,649.82081,8,0.24297,-0.23973,0.73306
1,0.75859,649.82081,9,0.19427,-0.13142,0.75052
1,0.75859,649.82081,10,0.18759,-0.0481,0.85587
1,0.75859,649.82081,11,0.11065,0.02533,0.83543
1,0.75859,649.82081,12,0.12845,0.05482,0.88348
1,0.75859,649.82081,13,-0.02413,0.12548,0.89684
1,0.75859,649.82081,14,-0.00796,0.17445,0.82466
1,0.75859,649.82081,15,-0.1877,0.21142,0.84142
1,0.75859,649.82081,16,-0.11923,0.33409,0.71641
1,0.75859,649.82081,17,-0.13423,0.39224,0.66606
1,0.75859,649.82081,18,-0.22135,0.38451,0.5982
1,0.75859,649.82081,19,-0.17174,0.40119,0.50562
1,0.75859,649.82081,20,-0.19701,0.4023,0.40003
1,0.75859,649.82081,21,-0.16372,0.34,0.29353
1,0.75859,649.82081,22,-0.2598,0.28176,0.14854
1,0.75859,649.82081,23,-0.209,0.21764,0.10406
1,0.75859,649.82081,24,-0.19657,0.18458,0.13676
1,0.75859,649.82081,25,-0.25746,0.08044,0.10856
1,0.75859,649.82081,26,-0.22107,0.10907,0.12469
1,0.75859,649.82081,27,-0.23307,0.04301,0.26882
1,0.75859,649.82081,28,-0.21174,-0.04621,0.3691
1,0.75859,649.82081,29,-0.26177,-0.15626,0.31472
1,0.75859,649.82081,30,-0.2484,-0.22594,0.29003
1,0.75859,649.82081,31,-0.19852,-0.28924,0.30714
1,0.75859,649.82081,32,-0.21903,-0.27441,0.27957
1,0.75859,649.82081,33,-0.18403,-0.33671,0.32553
1,0.75859,649.82081,34,-0.19351,-0.38464,0.3385
1,0.75859,649.82081,35,-0.18438,-0.31837,0.24669
1,0.75859,649.82081,36,-0.15989,-0.30023,0.2881
1,0.75859,649.82081,37,-0.12357,-0.30067,0.14324
1,0.75859,649.82081,38,-0.17214,-0.2945,0.13511
1,0.75859,649.82081,39,-0.11714,-0.3001,0.10613
1,0.75859,649.82081,40,-0.11069,-0.38055,0.10538
1,0.75859,649.82081,41,-0.04941,-0.25808,0.20928
1,0.75859,649.82081,42,-0.04118,-0.16433,0.25115
1,0.75859,649.82081,43,-0.01397,-0.15004,0.20255
1,0.75859,649.82081,44,-0.03755,-0.14928,0.18849
1,0.75859,649.82081,45,-0.04747,-0.19966,0.07999
1,0.75859,649.82081,46,-0.06126,-0.05009,0.17482
1,0.75859,649.82081,47,-0.00485,-0.056,0.17053
1,0.75859,649.82081,48,0.03905,0.00709,0.22138
1,0.75859,649.82081,49,0.02726,0.01153,0.16932
1,0.75859,649.82081,50,0.02667,-0.00397,0.09999
1,0.75859,649.82081,51,0.05458,0.05048,0.09151
1,0.75859,649.82081,52,-0.03644,0.12037,0.10462
1,0.75859,649.82081,53,-0.00755,0.16437,0.06569
1,0.75859,649.82081,54,0.00808,0.22672,0.13181
1,0.75859,649.82081,55,-0.00579,0.27142,0.08455
1,0.75859,649.82081,56,0.05385,0.32678,0.08106
1,0.75859,649.82081,57,0.03224,0.39001,0.1052
1,0.75859,649.82081,58,0.06287,0.37557,0.07936
1,0.75859,649.82081,59,0.02781,0.32041,0.14712
1,0.75859,649.82081,60,0.08002,0.39001,0.20235
1,0.75859,649.82081,61,0.06185,0.39634,0.09957
1,0.75859,649.82081,62,0.04153,0.33599,0.14663
1,0.75859,649.82081,63,0.10428,0.35663,0.12538
1,0.75859,649.82081,64,0.17252,0.33586,0.0863
1,0.75859,649.82081,65,0.13855,0.39952,0.16163
1,0.75859,649.82081,66,0.0992,0.37368,0.11325
1,0.75859,649.82081,67,0.16241,0.33696,0.11774
1,0.75859,649.82081,68,0.21666,0.31231,0.15783
1,0.75859,649.82081,69,0.21769,0.28509,0.10028
1,0.75859,649.82081,70,0.22348,0.30853,0.0757
2,0.90907,656.04951,1,0.38128,-0.23242,0.12648
2,0.90907,656.04951,2,0.39028,-0.34611,0.26546
2,0.90907,656.04951,3,0.34352,-0.32422,0.30201
2,0.90907,656.04951,4,0.40621,-0.35912,0.44545
2,0.90907,656.04951,5,0.36065,-0.31024,0.51683
2,0.90907,656.04951,6,0.35123,-0.3248,0.58625
2,0.90907,656.04951,7,0.3117,-0.26157,0.69769
2,0.90907,656.04951,8,0.24312,-0.22775,0.75128
2,0.90907,656.04951,9,0.19444,-0.11956,0.7686
2,0.90907,656.04951,10,0.1878,-0.03635,0.87383
2,0.90907,656.04951,11,0.11088,0.03699,0.85329
2,0.90907,656.04951,12,0.13153,0.06794,0.8883
2,0.90907,656.04951,13,-0.01967,0.13848,0.89684
2,0.90907,656.04951,14,-0.00351,0.18737,0.82468
2,0.90907,656.04951,15,-0.18326,0.22425,0.84146
2,0.90907,656.04951,16,-0.11481,0.34682,0.71647
2,0.90907,656.04951,17,-0.12756,0.38431,0.66781
2,0.90907,656.04951,18,-0.21048,0.33446,0.60166
2,0.90907,656.04951,19,-0.16816,0.40119,0.50328
2,0.90907,656.04951,20,-0.19345,0.40231,0.39771
2,0.90907,656.04951,21,-0.16019,0.34,0.29124
2,0.90907,656.04951,22,-0.25629,0.28177,0.14628
2,0.90907,656.04951,23,-0.20545,0.21773,0.1037
2,0.90907,656.04951,24,-0.1926,0.18541,0.15141
2,0.90907,656.04951,25,-0.2535,0.08129,0.12312
2,0.90907,656.04951,26,-0.21713,0.10993,0.13916
2,0.90907,656.04951,27,-0.22913,0.04388,0.28323
2,0.90907,656.04951,28,-0.20782,-0.04534,0.38347
2,0.90907,656.04951,29,-0.25786,-0.15539,0.32903
2,0.90907,656.04951,30,-0.24451,-0.22509,0.3043
2,0.90907,656.04951,31,-0.19464,-0.28841,0.32134
2,0.90907,656.04951,32,-0.21518,-0.2736,0.29371
2,0.90907,656.04951,33,-0.1802,-0.33592,0.33958
2,0.90907,656.04951,34,-0.19014,-0.38172,0.35311
2,0.90907,656.04951,35,-0.18102,-0.31544,0.26122
2,0.90907,656.04951,36,-0.15656,-0.29729,0.30252
2,0.90907,656.04951,37,-0.12026,-0.29773,0.15754
2,0.90907,656.04951,38,-0.16884,-0.29156,0.14929
2,0.90907,656.04951,39,-0.11387,-0.29716,0.12016
2,0.90907,656.04951,40,-0.10745,-0.37768,0.10984
2,0.90907,656.04951,41,-0.04625,-0.25543,0.18081
2,0.90907,656.04951,42,-0.03804,-0.16167,0.22281
2,0.90907,656.04951,43,-0.01084,-0.14738,0.1743
2,0.90907,656.04951,44,-0.03442,-0.14663,0.16033
2,0.90907,656.04951,45,-0.0444,-0.19711,0.09219
2,0.90907,656.04951,46,-0.0582,-0.04756,0.18698
2,0.90907,656.04951,47,-0.00179,-0.05349,0.18264
2,0.90907,656.04951,48,0.0421,0.00959,0.23346
2,0.90907,656.04951,49,0.0303,0.01403,0.18136
2,0.90907,656.04951,50,0.02964,-0.00146,0.09999
2,0.90907,656.04951,51,0.05754,0.05287,0.09151
2,0.90907,656.04951,52,-0.03349,0.12274,0.10462
2,0.90907,656.04951,53,-0.00462,0.16672,0.06634
2,0.90907,656.04951,54,0.011,0.22906,0.13245
2,0.90907,656.04951,55,-0.00289,0.27375,0.08519
2,0.90907,656.04951,56,0.05674,0.3291,0.08169
2,0.90907,656.04951,57,0.03488,0.38945,0.1058
2,0.90907,656.04951,58,0.04641,0.35293,0.07492
2,0.90907,656.04951,59,0.10827,0.39045,0.0783
2,0.90907,656.04951,60,0.02278,0.40402,0.1299
2,0.90907,656.04951,61,0.03282,0.41657,0.13174
2,0.90907,656.04951,62,0.02924,0.41894,0.0933
2,0.90907,656.04951,63,0.06861,0.33883,0.09012
2,0.90907,656.04951,64,0.11052,0.24278,0.15383
2,0.90907,656.04951,65,0.10266,0.20979,0.14747
2,0.90907,656.04951,66,0.14754,0.25905,0.08103
2,0.90907,656.04951,67,0.10896,0.25164,0.083
2,0.90907,656.04951,68,0.12691,0.24152,0.17286
2,0.90907,656.04951,69,0.18138,0.22929,0.09033
2,0.90907,656.04951,70,0.14696,0.19073,0.08151
3,0.90907,656.04951,1,0.38128,-0.23242,0.12648
3,0.90907,656.04951,2,0.39028,-0.34611,0.26546
3,0.90907,656.04951,3,0.34352,-0.32422,0.30201
3,0.90907,656.04951,4,0.40621,-0.35912,0.44545
3,0.90907,656.04951,5,0.36065,-0.31024,0.51683
3,0.90907,656.04951,6,0.35123,-0.3248,0.58625
3,0.90907,656.04951,7,0.3117,-0.26157,0.69769
3,0.90907,656.04951,8,0.24312,-0.22775,0.75128
3,0.90907,656.04951,9,0.19444,-0.11956,0.7686
3,0.90907,656.04951,10,0.1878,-0.03635,0.87383
3,0.90907,656.04951,11,0.11088,0.03699,0.85329
3,0.90907,656.04951,12,0.13153,0.06794,0.8883
3,0.90907,656.04951,13,-0.01967,0.13848,0.89684
3,0.90907,656.04951,14,-0.00351,0.18737,0.82468
3,0.90907,656.04951,15,-0.18326,0.22425,0.84146
3,0.90907,656.04951,16,-0.11481,0.34682,0.71647
3,0.90907,656.04951,17,-0.12756,0.38431,0.66781
3,0.90907,656.04951,18,-0.21048,0.33446,0.60166
3,0.90907,656.04951,19,-0.16816,0.40119,0.50328
3,0.90907,656.04951,20,-0.19345,0.40231,0.39771
3,0.90907,656.04951,21,-0.16019,0.34,0.29124
3,0.90907,656.04951,22,-0.25629,0.28177,0.14628
3,0.90907,656.04951,23,-0.20545,0.21773,0.1037
3,0.90907,656.04951,24,-0.1926,0.18541,0.15141
3,0.90907,656.04951,25,-0.2535,0.08129,0.12312
3,0.90907,656.04951,26,-0.21713,0.10993,0.13916
3,0.90907,656.04951,27,-0.22913,0.04388,0.28323
3,0.90907,656.04951,28,-0.20782,-0.04534,0.38347
3,0.90907,656.04951,29,-0.25786,-0.15539,0.32903
3,0.90907,656.04951,30,-0.24451,-0.22509,0.3043
3,0.90907,656.04951,31,-0.19464,-0.28841,0.32134
3,0.90907,656.04951,32,-0.21518,-0.2736,0.29371
3,0.90907,656.04951,33,-0.1802,-0.33592,0.33958
3,0.90907,656.04951,34,-0.19014,-0.38172,0.35311
3,0.90907,656.04951,35,-0.18102,-0.31544,0.26122
3,0.90907,656.04951,36,-0.15656,-0.29729,0.30252
3,0.90907,656.04951,37,-0.12026,-0.29773,0.15754
3,0.90907,656.04951,38,-0.16884,-0.29156,0.14929
3,0.90907,656.04951,39,-0.11387,-0.29716,0.12016
3,0.90907,656.04951,40,-0.10745,-0.37768,0.10984
3,0.90907,656.04951,41,-0.04625,-0.25543,0.18081
3,0.90907,656.04951,42,-0.03804,-0.16167,0.22281
3,0.90907,656.04951,43,-0.01084,-0.14738,0.1743
3,0.90907,656.04951,44,-0.03442,-0.14663,0.16033
3,0.90907,656.04951,45,-0.0444,-0.19711,0.09219
3,0.90907,656.04951,46,-0.0582,-0.04756,0.18698
3,0.90907,656.04951,47,-0.00179,-0.05349,0.18264
3,0.90907,656.04951,48,0.0421,0.00959,0.23346
3,0.90907,656.04951,49,0.0303,0.01403,0.18136
3,0.90907,656.04951,50,0.02964,-0.00146,0.09999
3,0.90907,656.04951,51,0.05754,0.05287,0.09151
3,0.90907,656.04951,52,-0.03349,0.12274,0.10462
3,0.90907,656.04951,53,-0.00462,0.16672,0.06634
3,0.90907,656.04951,54,0.011,0.22906,0.13245
3,0.90907,656.04951,55,-0.00289,0.27375,0.08519
3,0.90907,656.04951,56,0.05674,0.3291,0.08169
3,0.90907,656.04951,57,0.03488,0.38945,0.1058
3,0.90907,656.04951,58,0.04641,0.35293,0.07492
3,0.90907,656.04951,59,0.10827,0.39045,0.0783
3,0.90907,656.04951,60,0.02278,0.40402,0.1299
3,0.90907,656.04951,61,0.03282,0.41657,0.13174
3,0.90907,656.04951,62,0.02924,0.41894,0.0933
3,0.90907,656.04951,63,0.06861,0.33883,0.09012
3,0.90907,656.04951,64,0.11052,0.24278,0.15383
3,0.90907,656.04951,65,0.10266,0.20979,0.14747
3,0.90907,656.04951,66,0.14754,0.25905,0.08103
3,0.90907,656.04951,67,0.10896,0.25164,0.083
3,0.90907,656.04951,68,0.12691,0.24152,0.17286
3,0.90907,656.04951,69,0.18138,0.22929,0.09033
3,0.90907,656.04951,70,0.14696,0.19073,0.08151
4,0.87198,656.60887,1,0.38165,-0.23247,0.12496
4,0.87198,656.60887,2,0.39103,-0.34621,0.25888
4,0.87198,656.60887,3,0.34414,-0.32694,0.2972
4,0.87198,656.60887,4,0.4062,-0.3622,0.44078
4,0.87198,656.60887,5,0.36064,-0.31328,0.51222
4,0.87198,656.60887,6,0.3512,-0.3278,0.58169
4,0.87198,656.60887,7,0.31167,-0.26454,0.69318
4,0.87198,656.60887,8,0.24308,-0.23069,0.74682
4,0.87198,656.60887,9,0.1944,-0.12246,0.76418
4,0.87198,656.60887,10,0.18774,-0.03923,0.86944
4,0.87198,656.60887,11,0.11082,0.03414,0.84892
4,0.87198,656.60887,12,0.13088,0.06485,0.88656
4,0.87198,656.60887,13,-0.02081,0.1354,0.89684
4,0.87198,656.60887,14,-0.00464,0.1843,0.82468
4,0.87198,656.60887,15,-0.18439,0.2212,0.84145
4,0.87198,656.60887,16,-0.11593,0.3438,0.71645
4,0.87198,656.60887,17,-0.12978,0.38998,0.66704
4,0.87198,656.60887,18,-0.21137,0.31699,0.60238
4,0.87198,656.60887,19,-0.16914,0.39559,0.50106
4,0.87198,656.60887,20,-0.19445,0.39974,0.39478
4,0.87198,656.60887,21,-0.16118,0.33746,0.28834
4,0.87198,656.60887,22,-0.25727,0.27925,0.14342
4,0.87198,656.60887,23,-0.20643,0.2155,0.1012
4,0.87198,656.60887,24,-0.19363,0.18533,0.15136
4,0.87198,656.60887,25,-0.25453,0.08121,0.12307
4,0.87198,656.60887,26,-0.21815,0.10985,0.13912
4,0.87198,656.60887,27,-0.23015,0.0438,0.28319
4,0.87198,656.60887,28,-0.20883,-0.04542,0.38343
4,0.87198,656.60887,29,-0.25887,-0.15547,0.32899
4,0.87198,656.60887,30,-0.24552,-0.22516,0.30425
4,0.87198,656.60887,31,-0.19565,-0.28848,0.3213
4,0.87198,656.60887,32,-0.21618,-0.27367,0.29366
4,0.87198,656.60887,33,-0.18119,-0.336,0.33954
4,0.87198,656.60887,34,-0.19084,-0.38247,0.35283
4,0.87198,656.60887,35,-0.18172,-0.3162,0.26093
4,0.87198,656.60887,36,-0.15725,-0.29805,0.30224
4,0.87198,656.60887,37,-0.12095,-0.29848,0.15726
4,0.87198,656.60887,38,-0.16954,-0.2923,0.14901
4,0.87198,656.60887,39,-0.11456,-0.2979,0.11988
4,0.87198,656.60887,40,-0.10814,-0.3784,0.10955
4,0.87198,656.60887,41,-0.04697,-0.25611,0.18047
4,0.87198,656.60887,42,-0.03875,-0.16235,0.22247
4,0.87198,656.60887,43,-0.01155,-0.14805,0.17397
4,0.87198,656.60887,44,-0.03513,-0.1473,0.15999
4,0.87198,656.60887,45,-0.04509,-0.19776,0.09184
4,0.87198,656.60887,46,-0.05889,-0.0482,0.18663
4,0.87198,656.60887,47,-0.00248,-0.05413,0.1823
4,0.87198,656.60887,48,0.04142,0.00895,0.23311
4,0.87198,656.60887,49,0.02961,0.01339,0.18102
4,0.87198,656.60887,50,0.02897,-0.00208,0.09999
4,0.87198,656.60887,51,0.05687,0.05226,0.09151
4,0.87198,656.60887,52,-0.03415,0.12214,0.10462
4,0.87198,656.60887,53,-0.00528,0.16612,0.06618
4,0.87198,656.60887,54,0.01034,0.22846,0.13229
4,0.87198,656.60887,55,-0.00354,0.27316,0.08503
4,0.87198,656.60887,56,0.05609,0.32851,0.08153
4,0.87198,656.60887,57,0.03433,0.39001,0.10574
4,0.87198,656.60887,58,0.04593,0.34941,0.07492
4,0.87198,656.60887,59,0.10779,0.39468,0.07831
4,0.87198,656.60887,60,0.02231,0.40402,0.12783
4,0.87198,656.60887,61,0.03235,0.41657,0.12969
4,0.87198,656.60887,62,0.02878,0.41894,0.0933
4,0.87198,656.60887,63,0.06815,0.33883,0.09012
4,0.87198,656.60887,64,0.11006,0.24278,0.15383
4,0.87198,656.60887,65,0.1022,0.20979,0.14747
4,0.87198,656.60887,66,0.14708,0.25844,0.08063
4,0.87198,656.60887,67,0.1085,0.25103,0.08261
4,0.87198,656.60887,68,0.12646,0.24091,0.17247
4,0.87198,656.60887,69,0.08169,0.20713,0.08325
4,0.87198,656.60887,70,0.11341,0.2011,0.09059
5,0.87198,656.60887,1,0.38165,-0.23247,0.12496
5,0.87198,656.60887,2,0.39103,-0.34621,0.25888
5,0.87198,656.60887,3,0.34414,-0.32694,0.2972
5,0.87198,656.60887,4,0.4062,-0.3622,0.44078
5,0.87198,656.60887,5,0.36064,-0.31328,0.51222
5,0.87198,656.60887,6,0.3512,-0.3278,0.58169
5,0.87198,656.60887,7,0.31167,-0.26454,0.69318
5,0.87198,656.60887,8,0.24308,-0.23069,0.74682
5,0.87198,656.60887,9,0.1944,-0.12246,0.76418
5,0.87198,656.60887,10,0.18774,-0.03923,0.86944
5,0.87198,656.60887,11,0.11082,0.03414,0.84892
5,0.87198,656.60887,12,0.13088,0.06485,0.88656
5,0.87198,656.60887,13,-0.02081,0.1354,0.89684
5,0.87198,656.60887,14,-0.00464,0.1843,0.82468
5,0.87198,656.60887,15,-0.18439,0.2212,0.84145
5,0.87198,656.60887,16,-0.11593,0.3438,0.71645
5,0.87198,656.60887,17,-0.12978,0.38998,0.66704
5,0.87198,656.60887,18,-0.21137,0.31699,0.60238
5,0.87198,656.60887,19,-0.16914,0.39559,0.50106
5,0.87198,656.60887,20,-0.19445,0.39974,0.39478
5,0.87198,656.60887,21,-0.16118,0.33746,0.28834
5,0.87198,656.60887,22,-0.25727,0.27925,0.14342
5,0.87198,656.60887,23,-0.20643,0.2155,0.1012
5,0.87198,656.60887,24,-0.19363,0.18533,0.15136
5,0.87198,656.60887,25,-0.25453,0.08121,0.12307
5,0.87198,656.60887,26,-0.21815,0.10985,0.13912
5,0.87198,656.60887,27,-0.23015,0.0438,0.28319
5,0.87198,656.60887,28,-0.20883,-0.04542,0.38343
5,0.87198,656.60887,29,-0.25887,-0.15547,0.32899
5,0.87198,656.60887,30,-0.24552,-0.22516,0.30425
5,0.87198,656.60887,31,-0.19565,-0.28848,0.3213
5,0.87198,656.60887,32,-0.21618,-0.27367,0.29366
5,0.87198,656.60887,33,-0.18119,-0.336,0.33954
5,0.87198,656.60887,34,-0.19084,-0.38247,0.35283
5,0.87198,656.60887,35,-0.18172,-0.3162,0.26093
5,0.87198,656.60887,36,-0.15725,-0.29805,0.30224
5,0.87198,656.60887,37,-0.12095,-0.29848,0.15726
5,0.87198,656.60887,38,-0.16954,-0.2923,0.14901
5,0.87198,656.60887,39,-0.11456,-0.2979,0.11988
5,0.87198,656.60887,40,-0.10814,-0.3784,0.10955
5,0.87198,656.60887,41,-0.04697,-0.25611,0.18047
5,0.87198,656.60887,42,-0.03875,-0.16235,0.22247
5,0.87198,656.60887,43,-0.01155,-0.14805,0.17397
5,0.87198,656.60887,44,-0.03513,-0.1473,0.15999
5,0.87198,656.60887,45,-0.04509,-0.19776,0.09184
5,0.87198,656.60887,46,-0.05889,-0.0482,0.18663
5,0.87198,656.60887,47,-0.00248,-0.05413,0.1823
5,0.87198,656.60887,48,0.04142,0.00895,0.23311
5,0.87198,656.60887,49,0.02961,0.01339,0.18102
5,0.87198,656.60887,50,0.02897,-0.00208,0.09999
5,0.87198,656.60887,51,0.05687,0.05226,0.09151
5,0.87198,656.60887,52,-0.03415,0.12214,0.10462
5,0.87198,656.60887,53,-0.00528,0.16612,0.06618
5,0.87198,656.60887,54,0.01034,0.22846,0.13229
5,0.87198,656.60887,55,-0.00354,0.27316,0.08503
5,0.87198,656.60887,56,0.05609,0.32851,0.08153
5,0.87198,656.60887,57,0.03433,0.39001,0.10574
5,0.87198,656.60887,58,0.04593,0.34941,0.07492
5,0.87198,656.60887,59,0.10779,0.39468,0.07831
5,0.87198,656.60887,60,0.02231,0.40402,0.12783
5,0.87198,656.60887,61,0.03235,0.41657,0.12969
5,0.87198,656.60887,62,0.02878,0.41894,0.0933
5,0.87198,656.60887,63,0.06815,0.33883,0.09012
5,0.87198,656.60887,64,0.11006,0.24278,0.15383
5,0.87198,656.60887,65,0.1022,0.20979,0.14747
5,0.87198,656.60887,66,0.14708,0.25844,0.08063
5,0.87198,656.60887,67,0.1085,0.25103,0.08261
5,0.87198,656.60887,68,0.12646,0.24091,0.17247
5,0.87198,656.60887,69,0.08169,0.20713,0.08325
5,0.87198,656.60887,70,0.11341,0.2011,0.09059
6,0.90907,656.04951,1,0.38128,-0.23242,0.12648
6,0.90907,656.04951,2,0.39028,-0.34611,0.26546
6,0.90907,656.04951,3,0.34352,-0.32422,0.30201
6,0.90907,656.04951,4,0.40621,-0.35912,0.44545
6,0.90907,656.04951,5,0.36065,-0.31024,0.51683
6,0.90907,656.04951,6,0.35123,-0.3248,0.58625
6,0.90907,656.04951,7,0.3117,-0.26157,0.69769
6,0.90907,656.04951,8,0.24312,-0.22775,0.75128
6,0.90907,656.04951,9,0.19444,-0.11956,0.7686
6,0.90907,656.04951,10,0.1878,-0.03635,0.87383
6,0.90907,656.04951,11,0.11088,0.03699,0.85329
6,0.90907,656.04951,12,0.13153,0.06794,0.8883
6,0.90907,656.04951,13,-0.01967,0.13848,0.89684
6,0.90907,656.04951,14,-0.00351,0.18737,0.82468
6,0.90907,656.04951,15,-0.18326,0.22425,0.84146
6,0.90907,656.04951,16,-0.11481,0.34682,0.71647
6,0.90907,656.04951,17,-0.12756,0.38431,0.66781
6,0.90907,656.04951,18,-0.21048,0.33446,0.60166
6,0.90907,656.04951,19,-0.16816,0.40119,0.50328
6,0.90907,656.04951,20,-0.19345,0.40231,0.39771
6,0.90907,656.04951,21,-0.16019,0.34,0.29124
6,0.90907,656.04951,22,-0.25629,0.28177,0.14628
6,0.90907,656.04951,23,-0.20545,0.21773,0.1037
6,0.90907,656.04951,24,-0.1926,0.18541,0.15141
6,0.90907,656.04951,25,-0.2535,0.08129,0.12312
6,0.90907,656.04951,26,-0.21713,0.10993,0.13916
6,0.90907,656.04951,27,-0.22913,0.04388,0.28323
6,0.90907,656.04951,28,-0.20782,-0.04534,0.38347
6,0.90907,656.04951,29,-0.25786,-0.15539,0.32903
6,0.90907,656.04951,30,-0.24451,-0.22509,0.3043
6,0.90907,656.04951,31,-0.19464,-0.28841,0.32134
6,0.90907,656.04951,32,-0.21518,-0.2736,0.29371
6,0.90907,656.04951,33,-0.1802,-0.33592,0.33958
6,0.90907,656.04951,34,-0.19014,-0.38172,0.35311
6,0.90907,656.04951,35,-0.18102,-0.31544,0.26122
6,0.90907,656.04951,36,-0.15656,-0.29729,0.30252
6,0.90907,656.04951,37,-0.12026,-0.29773,0.15754
6,0.90907,656.04951,38,-0.16884,-0.29156,0.14929
6,0.90907,656.04951,39,-0.11387,-0.29716,0.12016
6,0.90907,656.04951,40,-0.10745,-0.37768,0.10984
6,0.90907,656.04951,41,-0.04625,-0.25543,0.18081
6,0.90907,656.04951,42,-0.03804,-0.16167,0.22281
6,0.90907,656.04951,43,-0.01084,-0.14738,0.1743
6,0.90907,656.04951,44,-0.03442,-0.14663,0.16033
6,0.90907,656.04951,45,-0.0444,-0.19711,0.09219
6,0.90907,656.04951,46,-0.0582,-0.04756,0.18698
6,0.90907,656.04951,47,-0.00179,-0.05349,0.18264
6,0.90907,656.04951,48,0.0421,0.00959,0.23346
6,0.90907,656.04951,49,0.0303,0.01403,0.18136
6,0.90907,656.04951,50,0.02964,-0.00146,0.09999
6,0.90907,656.04951,51,0.05754,0.05287,0.09151
6,0.90907,656.04951,52,-0.03349,0.12274,0.10462
6,0.90907,656.04951,53,-0.00462,0.16672,0.06634
6,0.90907,656.04951,54,0.011,0.22906,0.13245
6,0.90907,656.04951,55,-0.00289,0.27375,0.08519
6,0.90907,656.04951,56,0.05674,0.3291,0.08169
6,0.90907,656.04951,57,0.03488,0.38945,0.1058
6,0.90907,656.04951,58,0.04641,0.35293,0.07492
6,0.90907,656.04951,59,0.10827,0.39045,0.0783
6,0.90907,656.04951,60,0.02278,0.40402,0.1299
6,0.90907,656.04951,61,0.03282,0.41657,0.13174
6,0.90907,656.04951,62,0.02924,0.41894,0.0933
6,0.90907,656.04951,63,0.06861,0.33883,0.09012
6,0.90907,656.04951,64,0.11052,0.24278,0.15383
6,0.90907,656.04951,65,0.10266,0.20979,0.14747
6,0.90907,656.04951,66,0.14754,0.25905,0.08103
6,0.90907,656.04951,67,0.10896,0.25164,0.083
6,0.90907,656.04951,68,0.12691,0.24152,0.17286
6,0.90907,656.04951,69,0.18138,0.22929,0.09033
6,0.90907,656.04951,70,0.14696,0.19073,0.08151
7,0.97355,656.82947,1,0.38065,-0.23234,0.12911
7,0.97355,656.82947,2,0.38897,-0.34592,0.27687
7,0.97355,656.82947,3,0.34243,-0.3195,0.31035
7,0.97355,656.82947,4,0.40621,-0.35379,0.45353
7,0.97355,656.82947,5,0.36067,-0.30498,0.52481
7,0.97355,656.82947,6,0.35126,-0.3196,0.59413
7,0.97355,656.82947,7,0.31175,-0.25643,0.70548
7,0.97355,656.82947,8,0.24318,-0.22268,0.759
7,0.97355,656.82947,9,0.19452,-0.11453,0.77625
7,0.97355,656.82947,10,0.18788,-0.03138,0.88142
7,0.97355,656.82947,11,0.11098,0.04191,0.86082
7,0.97355,656.82947,12,0.13502,0.07439,0.88088
7,0.97355,656.82947,13,-0.01771,0.14374,0.89685
7,0.97355,656.82947,14,-0.00156,0.19258,0.82469
7,0.97355,656.82947,15,-0.18132,0.22942,0.84148
7,0.97355,656.82947,16,-0.11287,0.35196,0.71649
7,0.97355,656.82947,17,-0.12572,0.38297,0.66775
7,0.97355,656.82947,18,-0.20895,0.31067,0.60128
7,0.97355,656.82947,19,-0.16673,0.38931,0.49999
7,0.97355,656.82947,20,-0.19206,0.39351,0.39373
7,0.97355,656.82947,21,-0.1588,0.33127,0.28731
7,0.97355,656.82947,22,-0.25491,0.27311,0.14241
7,0.97355,656.82947,23,-0.20405,0.20963,0.10139
7,0.97355,656.82947,24,-0.19093,0.18118,0.16095
7,0.97355,656.82947,25,-0.25184,0.0771,0.13259
7,0.97355,656.82947,26,-0.21547,0.10578,0.14857
7,0.97355,656.82947,27,-0.22748,0.03976,0.29259
7,0.97355,656.82947,28,-0.20617,-0.04943,0.39279
7,0.97355,656.82947,29,-0.25622,-0.15946,0.33831
7,0.97355,656.82947,30,-0.24287,-0.22913,0.31354
7,0.97355,656.82947,31,-0.19301,-0.29244,0.33056
7,0.97355,656.82947,32,-0.21355,-0.27762,0.30289
7,0.97355,656.82947,33,-0.17858,-0.33993,0.34872
7,0.97355,656.82947,34,-0.18851,-0.37839,0.36407
7,0.97355,656.82947,35,-0.1794,-0.31212,0.27212
7,0.97355,656.82947,36,-0.15494,-0.29398,0.31336
7,0.97355,656.82947,37,-0.11865,-0.29442,0.1683
7,0.97355,656.82947,38,-0.16725,-0.28825,0.15996
7,0.97355,656.82947,39,-0.11228,-0.29385,0.13074
7,0.97355,656.82947,40,-0.10578,-0.37353,0.10465
7,0.97355,656.82947,41,-0.04474,-0.2527,0.211
7,0.97355,656.82947,42,-0.03652,-0.15898,0.25286
7,0.97355,656.82947,43,-0.00933,-0.14472,0.20424
7,0.97355,656.82947,44,-0.03292,-0.14398,0.19017
7,0.97355,656.82947,45,-0.04292,-0.19452,0.07998
7,0.97355,656.82947,46,-0.05673,-0.04496,0.17482
7,0.97355,656.82947,47,-0.00033,-0.0509,0.17052
7,0.97355,656.82947,48,0.04357,0.01217,0.22138
7,0.97355,656.82947,49,0.03176,0.01659,0.16932
7,0.97355,656.82947,50,0.03109,0.00091,0.09998
7,0.97355,656.82947,51,0.05897,0.05529,0.09151
7,0.97355,656.82947,52,-0.03207,0.12514,0.10462
7,0.97355,656.82947,53,-0.00322,0.16909,0.06661
7,0.97355,656.82947,54,0.0124,0.23141,0.13273
7,0.97355,656.82947,55,-0.00149,0.27609,0.08546
7,0.97355,656.82947,56,0.05813,0.33143,0.08195
7,0.97355,656.82947,57,0.03621,0.38459,0.10629
7,0.97355,656.82947,58,0.06668,0.36322,0.07936
7,0.97355,656.82947,59,0.03162,0.30809,0.14712
7,0.97355,656.82947,60,0.08376,0.38093,0.20155
7,0.97355,656.82947,61,0.06552,0.39634,0.09957
7,0.97355,656.82947,62,0.04517,0.33598,0.14663
7,0.97355,656.82947,63,0.1079,0.35662,0.12538
7,0.97355,656.82947,64,0.17608,0.33739,0.08938
7,0.97355,656.82947,65,0.14211,0.39952,0.16431
7,0.97355,656.82947,66,0.10275,0.37368,0.11593
7,0.97355,656.82947,67,0.11764,0.31506,0.08862
7,0.97355,656.82947,68,0.12241,0.29817,0.10352
7,0.97355,656.82947,69,0.15367,0.31161,0.10948
7,0.97355,656.82947,70,0.06463,0.30267,0.08516
8,0.87494,659.438,1,0.38162,-0.23247,0.12508
8,0.87494,659.438,2,0.39097,-0.34621,0.25941
8,0.87494,659.438,3,0.34409,-0.32672,0.29758
8,0.87494,659.438,4,0.4062,-0.36196,0.44115
8,0.87494,659.438,5,0.36064,-0.31304,0.51259
8,0.87494,659.438,6,0.35121,-0.32756,0.58206
8,0.87494,659.438,7,0.31168,-0.2643,0.69354
8,0.87494,659.438,8,0.24308,-0.23045,0.74718
8,0.87494,659.438,9,0.1944,-0.12223,0.76453
8,0.87494,659.438,10,0.18775,-0.039,0.86979
8,0.87494,659.438,11,0.11083,0.03436,0.84927
8,0.87494,659.438,12,0.1309,0.06508,0.88684
8,0.87494,659.438,13,-0.02071,0.13564,0.89684
8,0.87494,659.438,14,-0.00455,0.18455,0.82468
8,0.87494,659.438,15,-0.1843,0.22145,0.84145
8,0.87494,659.438,16,-0.11584,0.34404,0.71645
8,0.87494,659.438,17,-0.1297,0.39015,0.66704
8,0.87494,659.438,18,-0.2113,0.31663,0.60236
8,0.87494,659.438,19,-0.16907,0.39522,0.50105
8,0.87494,659.438,20,-0.19438,0.39938,0.39477
8,0.87494,659.438,21,-0.16111,0.3371,0.28833
8,0.87494,659.438,22,-0.2572,0.27889,0.14341
8,0.87494,659.438,23,-0.20636,0.21516,0.10122
8,0.87494,659.438,24,-0.19355,0.18508,0.15162
8,0.87494,659.438,25,-0.25445,0.08096,0.12333
8,0.87494,659.438,26,-0.21807,0.1096,0.13938
8,0.87494,659.438,27,-0.23007,0.04356,0.28344
8,0.87494,659.438,28,-0.20875,-0.04566,0.38368
8,0.87494,659.438,29,-0.25879,-0.15571,0.32924
8,0.87494,659.438,30,-0.24544,-0.22541,0.3045
8,0.87494,659.438,31,-0.19557,-0.28872,0.32155
8,0.87494,659.438,32,-0.2161,-0.27391,0.29391
8,0.87494,659.438,33,-0.18111,-0.33624,0.33979
8,0.87494,659.438,34,-0.19077,-0.38231,0.35318
8,0.87494,659.438,35,-0.18165,-0.31603,0.26129
8,0.87494,659.438,36,-0.15718,-0.29788,0.30259
8,0.87494,659.438,37,-0.12088,-0.29831,0.15761
8,0.87494,659.438,38,-0.16946,-0.29213,0.14935
8,0.87494,659.438,39,-0.11448,-0.29773,0.12022
8,0.87494,659.438,40,-0.10807,-0.37824,0.10929
8,0.87494,659.438,41,-0.0469,-0.25598,0.17816
8,0.87494,659.438,42,-0.03868,-0.16221,0.22016
8,0.87494,659.438,43,-0.01148,-0.14791,0.17167
8,0.87494,659.438,44,-0.03506,-0.14716,0.1577
8,0.87494,659.438,45,-0.04502,-0.19763,0.09288
8,0.87494,659.438,46,-0.05882,-0.04807,0.18766
8,0.87494,659.438,47,-0.00241,-0.054,0.18333
8,0.87494,659.438,48,0.04149,0.00908,0.23414
8,0.87494,659.438,49,0.02968,0.01351,0.18204
8,0.87494,659.438,50,0.02904,-0.00196,0.09998
8,0.87494,659.438,51,0.05694,0.05239,0.09151
8,0.87494,659.438,52,-0.03409,0.12226,0.10462
8,0.87494,659.438,53,-0.00522,0.16624,0.06619
8,0.87494,659.438,54,0.01041,0.22858,0.13231
8,0.87494,659.438,55,-0.00348,0.27327,0.08504
8,0.87494,659.438,56,0.05616,0.32863,0.08154
8,0.87494,659.438,57,0.03439,0.39001,0.10576
8,0.87494,659.438,58,0.06491,0.37487,0.07936
8,0.87494,659.438,59,0.02985,0.31972,0.14712
8,0.87494,659.438,60,0.08203,0.39001,0.20218
8,0.87494,659.438,61,0.06384,0.39634,0.09957
8,0.87494,659.438,62,0.04351,0.33598,0.14663
8,0.87494,659.438,63,0.10625,0.35662,0.12538
8,0.87494,659.438,64,0.17447,0.33586,0.08796
8,0.87494,659.438,65,0.1405,0.39952,0.16329
8,0.87494,659.438,66,0.10114,0.37368,0.11491
8,0.87494,659.438,67,0.11604,0.31531,0.08862
8,0.87494,659.438,68,0.12081,0.29842,0.10352
8,0.87494,659.438,69,0.11237,0.2747,0.12568
8,0.87494,659.438,70,0.1119,0.18545,0.10035
9,0.87494,659.438,1,0.38162,-0.23247,0.12508
9,0.87494,659.438,2,0.39097,-0.34621,0.25941
9,0.87494,659.438,3,0.34409,-0.32672,0.29758
9,0.87494,659.438,4,0.4062,-0.36196,0.44115
9,0.87494,659.438,5,0.36064,-0.31304,0.51259
9,0.87494,659.438,6,0.35121,-0.32756,0.58206
9,0.87494,659.438,7,0.31168,-0.2643,0.69354
9,0.87494,659.438,8,0.24308,-0.23045,0.74718
9,0.87494,659.438,9,0.1944,-0.12223,0.76453
9,0.87494,659.438,10,0.18775,-0.039,0.86979
9,0.87494,659.438,11,0.11083,0.03436,0.84927
9,0.87494,659.438,12,0.1309,0.06508,0.88684
9,0.87494,659.438,13,-0.02071,0.13564,0.89684
9,0.87494,659.438,14,-0.00455,0.18455,0.82468
9,0.87494,659.438,15,-0.1843,0.22145,0.84145
9,0.87494,659.438,16,-0.11584,0.34404,0.71645
9,0.87494,659.438,17,-0.1297,0.39015,0.66704
9,0.87494,659.438,18,-0.2113,0.31663,0.60236
9,0.87494,659.438,19,-0.16907,0.39522,0.50105
9,0.87494,659.438,20,-0.19438,0.39938,0.39477
9,0.87494,659.438,21,-0.16111,0.3371,0.28833
9,0.87494,659.438,22,-0.2572,0.27889,0.14341
9,0.87494,659.438,23,-0.20636,0.21516,0.10122
9,0.87494,659.438,24,-0.19355,0.18508,0.15162
9,0.87494,659.438,25,-0.25445,0.08096,0.12333
9,0.87494,659.438,26,-0.21807,0.1096,0.13938
9,0.87494,659.438,27,-0.23007,0.04356,0.28344
9,0.87494,659.438,28,-0.20875,-0.04566,0.38368
9,0.87494,659.438,29,-0.25879,-0.15571,0.32924
9,0.87494,659.438,30,-0.24544,-0.22541,0.3045
9,0.87494,659.438,31,-0.19557,-0.28872,0.32155
9,0.87494,659.438,32,-0.2161,-0.27391,0.29391
9,0.87494,659.438,33,-0.18111,-0.33624,0.33979
9,0.87494,659.438,34,-0.19077,-0.38231,0.35318
9,0.87494,659.438,35,-0.18165,-0.31603,0.26129
9,0.87494,659.438,36,-0.15718,-0.29788,0.30259
9,0.87494,659.438,37,-0.12088,-0.29831,0.15761
9,0.87494,659.438,38,-0.16946,-0.29213,0.14935
9,0.87494,659.438,39,-0.11448,-0.29773,0.12022
9,0.87494,659.438,40,-0.10807,-0.37824,0.10929
9,0.87494,659.438,41,-0.0469,-0.25598,0.17816
9,0.87494,659.438,42,-0.03868,-0.16221,0.22016
9,0.87494,659.438,43,-0.01148,-0.14791,0.17167
9,0.87494,659.438,44,-0.03506,-0.14716,0.1577
9,0.87494,659.438,45,-0.04502,-0.19763,0.09288
9,0.87494,659.438,46,-0.05882,-0.04807,0.18766
9,0.87494,659.438,47,-0.00241,-0.054,0.18333
9,0.87494,659.438,48,0.04149,0.00908,0.23414
9,0.87494,659.438,49,0.02968,0.01351,0.18204
9,0.87494,659.438,50,0.02904,-0.00196,0.09998
9,0.87494,659.438,51,0.05694,0.05239,0.09151
9,0.87494,659.438,52,-0.03409,0.12226,0.10462
9,0.87494,659.438,53,-0.00522,0.16624,0.06619
9,0.87494,659.438,54,0.01041,0.22858,0.13231
9,0.87494,659.438,55,-0.00348,0.27327,0.08504
9,0.87494,659.438,56,0.05616,0.32863,0.08154
9,0.87494,659.438,57,0.03439,0.39001,0.10576
9,0.87494,659.438,58,0.06491,0.37487,0.07936
9,0.87494,659.438,59,0.02985,0.31972,0.14712
9,0.87494,659.438,60,0.08203,0.39001,0.20218
9,0.87494,659.438,61,0.06384,0.39634,0.09957
9,0.87494,659.438,62,0.04351,0.33598,0.14663
9,0.87494,659.438,63,0.10625,0.35662,0.12538
9,0.87494,659.438,64,0.17447,0.33586,0.08796
9,0.87494,659.438,65,0.1405,0.39952,0.16329
9,0.87494,659.438,66,0.10114,0.37368,0.11491
9,0.87494,659.438,67,0.11604,0.31531,0.08862
9,0.87494,659.438,68,0.12081,0.29842,0.10352
9,0.87494,659.438,69,0.11237,0.2747,0.12568
9,0.87494,659.438,70,0.1119,0.18545,0.10035
10,0.87198,656.60887,1,0.38165,-0.23247,0.12496
10,0.87198,656.60887,2,0.39103,-0.34621,0.25888
10,0.87198,656.60887,3,0.34414,-0.32694,0.2972
10,0.87198,656.60887,4,0.4062,-0.3622,0.44078
10,0.87198,656.60887,5,0.36064,-0.31328,0.51222
10,0.87198,656.60887,6,0.3512,-0.3278,0.58169
10,0.87198,656.60887,7,0.31167,-0.26454,0.69318
10,0.87198,656.60887,8,0.24308,-0.23069,0.74682
10,0.87198,656.60887,9,0.1944,-0.12246,0.76418
10,0.87198,656.60887,10,0.18774,-0.03923,0.86944
10,0.87198,656.60887,11,0.11082,0.03414,0.84892
10,0.87198,656.60887,12,0.13088,0.06485,0.88656
10,0.87198,656.60887,13,-0.02081,0.1354,0.89684
10,0.87198,656.60887,14,-0.00464,0.1843,0.82468
10,0.87198,656.60887,15,-0.18439,0.2212,0.84145
10,0.87198,656.60887,16,-0.11593,0.3438,0.71645
10,0.87198,656.60887,17,-0.12978,0.38998,0.66704
10,0.87198,656.60887,18,-0.21137,0.31699,0.60238
10,0.87198,656.60887,19,-0.16914,0.39559,0.50106
10,0.87198,656.60887,20,-0.19445,0.39974,0.39478
10,0.87198,656.60887,21,-0.16118,0.33746,0.28834
10,0.87198,656.60887,22,-0.25727,0.27925,0.14342
10,0.87198,656.60887,23,-0.20643,0.2155,0.1012
10,0.87198,656.60887,24,-0.19363,0.18533,0.15136
10,0.87198,656.60887,25,-0.25453,0.08121,0.12307
10,0.87198,656.60887,26,-0.21815,0.10985,0.13912
10,0.87198,656.60887,27,-0.23015,0.0438,0.28319
10,0.87198,656.60887,28,-0.20883,-0.04542,0.38343
10,0.87198,656.60887,29,-0.25887,-0.15547,0.32899
10,0.87198,656.60887,30,-0.24552,-0.22516,0.30425
10,0.87198,656.60887,31,-0.19565,-0.28848,0.3213
10,0.87198,656.60887,32,-0.21618,-0.27367,0.29366
10,0.87198,656.60887,33,-0.18119,-0.336,0.33954
10,0.87198,656.60887,34,-0.19084,-0.38247,0.35283
10,0.87198,656.60887,35,-0.18172,-0.3162,0.26093
10,0.87198,656.60887,36,-0.15725,-0.29805,0.30224
10,0.87198,656.60887,37,-0.12095,-0.29848,0.15726
10,0.87198,656.60887,38,-0.16954,-0.2923,0.14901
10,0.87198,656.60887,39,-0.11456,-0.2979,0.11988
10,0.87198,656.60887,40,-0.10814,-0.3784,0.10955
10,0.87198,656.60887,41,-0.04697,-0.25611,0.18047
10,0.87198,656.60887,42,-0.03875,-0.16235,0.22247
10,0.87198,656.60887,43,-0.01155,-0.14805,0.17397
10,0.87198,656.60887,44,-0.03513,-0.1473,0.15999
10,0.87198,656.60887,45,-0.04509,-0.19776,0.09184
10,0.87198,656.60887,46,-0.05889,-0.0482,0.18663
10,0.87198,656.60887,47,-0.00248,-0.05413,0.1823
10,0.87198,656.60887,48,0.04142,0.00895,0.23311
10,0.87198,656.60887,49,0.02961,0.01339,0.18102
10,0.87198,656.60887,50,0.02897,-0.00208,0.09999
10,0.87198,656.60887,51,0.05687,0.05226,0.09151
10,0.87198,656.60887,52,-0.03415,0.12214,0.10462
10,0.87198,656.60887,53,-0.00528,0.16612,0.06618
10,0.87198,656.60887,54,0.01034,0.22846,0.13229
10,0.87198,656.60887,55,-0.00354,0.27316,0.08503
10,0.87198,656.60887,56,0.05609,0.32851,0.08153
10,0.87198,656.60887,57,0.03433,0.39001,0.10574
10,0.87198,656.60887,58,0.04593,0.34941,0.07492
10,0.87198,656.60887,59,0.10779,0.39468,0.07831
10,0.87198,656.60887,60,0.02231,0.40402,0.12783
10,0.87198,656.60887,61,0.03235,0.41657,0.12969
10,0.87198,656.60887,62,0.02878,0.41894,0.0933
10,0.87198,656.60887,63,0.06815,0.33883,0.09012
10,0.87198,656.60887,64,0.11006,0.24278,0.15383
10,0.87198,656.60887,65,0.1022,0.20979,0.14747
10,0.87198,656.60887,66,0.14708,0.25844,0.08063
10,0.87198,656.60887,67,0.1085,0.25103,0.08261
10,0.87198,656.60887,68,0.12646,0.24091,0.17247
10,0.87198,656.60887,69,0.08169,0.20713,0.08325
10,0.87198,656.60887,70,0.11341,0.2011,0.09059
11,0.87198,656.60887,1,0.38165,-0.23247,0.12496
11,0.87198,656.60887,2,0.39103,-0.34621,0.25888
11,0.87198,656.60887,3,0.34414,-0.32694,0.2972
11,0.87198,656.60887,4,0.4062,-0.3622,0.44078
11,0.87198,656.60887,5,0.36064,-0.31328,0.51222
11,0.87198,656.60887,6,0.3512,-0.3278,0.58169
11,0.87198,656.60887,7,0.31167,-0.26454,0.69318
11,0.87198,656.60887,8,0.24308,-0.23069,0.74682
11,0.87198,656.60887,9,0.1944,-0.12246,0.76418
11,0.87198,656.60887,10,0.18774,-0.03923,0.86944
11,0.87198,656.60887,11,0.11082,0.03414,0.84892
11,0.87198,656.60887,12,0.13088,0.06485,0.88656
11,0.87198,656.60887,13,-0.02081,0.1354,0.89684
11,0.87198,656.60887,14,-0.00464,0.1843,0.82468
11,0.87198,656.60887,15,-0.18439,0.2212,0.84145
11,0.87198,656.60887,16,-0.11593,0.3438,0.71645
11,0.87198,656.60887,17,-0.12978,0.38998,0.66704
11,0.87198,656.60887,18,-0.21137,0.31699,0.60238
11,0.87198,656.60887,19,-0.16914,0.39559,0.50106
11,0.87198,656.60887,20,-0.19445,0.39974,0.39478
11,0.87198,656.60887,21,-0.16118,0.33746,0.28834
11,0.87198,656.60887,22,-0.25727,0.27925,0.14342
11,0.87198,656.60887,23,-0.20643,0.2155,0.1012
11,0.87198,656.60887,24,-0.19363,0.18533,0.15136
11,0.87198,656.60887,25,-0.25453,0.08121,0.12307
11,0.87198,656.60887,26,-0.21815,0.10985,0.13912
11,0.87198,656.60887,27,-0.23015,0.0438,0.28319
11,0.87198,656.60887,28,-0.20883,-0.04542,0.38343
11,0.87198,656.60887,29,-0.25887,-0.15547,0.32899
11,0.87198,656.60887,30,-0.24552,-0.22516,0.30425
11,0.87198,656.60887,31,-0.19565,-0.28848,0.3213
11,0.87198,656.60887,32,-0.21618,-0.27367,0.29366
11,0.87198,656.60887,33,-0.18119,-0.336,0.33954
11,0.87198,656.60887,34,-0.19084,-0.38247,0.35283
11,0.87198,656.60887,35,-0.18172,-0.3162,0.26093
11,0.87198,656.60887,36,-0.15725,-0.29805,0.30224
11,0.87198,656.60887,37,-0.12095,-0.29848,0.15726
11,0.87198,656.60887,38,-0.16954,-0.2923,0.14901
11,0.87198,656.60887,39,-0.11456,-0.2979,0.11988
11,0.87198,656.60887,40,-0.10814,-0.3784,0.10955
11,0.87198,656.60887,41,-0.04697,-0.25611,0.18047
11,0.87198,656.60887,42,-0.03875,-0.16235,0.22247
11,0.87198,656.60887,43,-0.01155,-0.14805,0.17397
11,0.87198,656.60887,44,-0.03513,-0.1473,0.15999
11,0.87198,656.60887,45,-0.04509,-0.19776,0.09184
11,0.87198,656.60887,46,-0.05889,-0.0482,0.18663
11,0.87198,656.60887,47,-0.00248,-0.05413,0.1823
11,0.87198,656.60887,48,0.04142,0.00895,0.23311
11,0.87198,656.60887,49,0.02961,0.01339,0.18102
11,0.87198,656.60887,50,0.02897,-0.00208,0.09999
11,0.87198,656.60887,51,0.05687,0.05226,0.09151
11,0.87198,656.60887,52,-0.03415,0.12214,0.10462
11,0.87198,656.60887,53,-0.00528,0.16612,0.06618
11,0.87198,656.60887,54,0.01034,0.22846,0.13229
11,0.87198,656.60887,55,-0.00354,0.27316,0.08503
11,0.87198,656.60887,56,0.05609,0.32851,0.08153
11,0.87198,656.60887,57,0.03433,0.39001,0.10574
11,0.87198,656.60887,58,0.04593,0.34941,0.07492
11,0.87198,656.60887,59,0.10779,0.39468,0.07831
11,0.87198,656.60887,60,0.02231,0.40402,0.12783
11,0.87198,656.60887,61,0.03235,0.41657,0.12969
11,0.87198,656.60887,62,0.02878,0.41894,0.0933
11,0.87198,656.60887,63,0.06815,0.33883,0.09012
11,0.87198,656.60887,64,0.11006,0.24278,0.15383
11,0.87198,656.60887,65,0.1022,0.20979,0.14747
11,0.87198,656.60887,66,0.14708,0.25844,0.08063
11,0.87198,656.60887,67,0.1085,0.25103,0.08261
11,0.87198,656.60887,68,0.12646,0.24091,0.17247
11,0.87198,656.60887,69,0.08169,0.20713,0.08325
11,0.87198,656.60887,70,0.11341,0.2011,0.09059
12,0.87198,656.60887,1,0.38165,-0.23247,0.12496
12,0.87198,656.60887,2,0.39103,-0.34621,0.25888
12,0.87198,656.60887,3,0.34414,-0.32694,0.2972
12,0.87198,656.60887,4,0.4062,-0.3622,0.44078
12,0.87198,656.60887,5,0.36064,-0.31328,0.51222
12,0.87198,656.60887,6,0.3512,-0.3278,0.58169
12,0.87198,656.60887,7,0.31167,-0.26454,0.69318
12,0.87198,656.60887,8,0.24308,-0.23069,0.74682
12,0.87198,656.60887,9,0.1944,-0.12246,0.76418
12,0.87198,656.60887,10,0.18774,-0.03923,0.86944
12,0.87198,656.60887,11,0.11082,0.03414,0.84892
12,0.87198,656.60887,12,0.13088,0.06485,0.88656
12,0.87198,656.60887,13,-0.02081,0.1354,0.89684
12,0.87198,656.60887,14,-0.00464,0.1843,0.82468
12,0.87198,656.60887,15,-0.18439,0.2212,0.84145
12,0.87198,656.60887,16,-0.11593,0.3438,0.71645
12,0.87198,656.60887,17,-0.12978,0.38998,0.66704
12,0.87198,656.60887,18,-0.21137,0.31699,0.60238
12,0.87198,656.60887,19,-0.16914,0.39559,0.50106
12,0.87198,656.60887,20,-0.19445,0.39974,0.39478
12,0.87198,656.60887,21,-0.16118,0.33746,0.28834
12,0.87198,656.60887,22,-0.25727,0.27925,0.14342
12,0.87198,656.60887,23,-0.20643,0.2155,0.1012
12,0.87198,656.60887,24,-0.19363,0.18533,0.15136
12,0.87198,656.60887,25,-0.25453,0.08121,0.12307
12,0.87198,656.60887,26,-0.21815,0.10985,0.13912
12,0.87198,656.60887,27,-0.23015,0.0438,0.28319
12,0.87198,656.60887,28,-0.20883,-0.04542,0.38343
12,0.87198,656.60887,29,-0.25887,-0.15547,0.32899
12,0.87198,656.60887,30,-0.24552,-0.22516,0.30425
12,0.87198,656.60887,31,-0.19565,-0.28848,0.3213
12,0.87198,656.60887,32,-0.21618,-0.27367,0.29366
12,0.87198,656.60887,33,-0.18119,-0.336,0.33954
12,0.87198,656.60887,34,-0.19084,-0.38247,0.35283
12,0.87198,656.60887,35,-0.18172,-0.3162,0.26093
12,0.87198,656.60887,36,-0.15725,-0.29805,0.30224
12,0.87198,656.60887,37,-0.12095,-0.29848,0.15726
12,0.87198,656.60887,38,-0.16954,-0.2923,0.14901
12,0.87198,656.60887,39,-0.11456,-0.2979,0.11988
12,0.87198,656.60887,40,-0.10814,-0.3784,0.10955
12,0.87198,656.60887,41,-0.04697,-0.25611,0.18047
12,0.87198,656.60887,42,-0.03875,-0.16235,0.22247
12,0.87198,656.60887,43,-0.01155,-0.14805,0.17397
12,0.87198,656.60887,44,-0.03513,-0.1473,0.15999
12,0.87198,656.60887,45,-0.04509,-0.19776,0.09184
12,0.87198,656.60887,46,-0.05889,-0.0482,0.18663
12,0.87198,656.60887,47,-0.00248,-0.05413,0.1823
12,0.87198,656.60887,48,0.04142,0.00895,0.23311
12,0.87198,656.60887,49,0.02961,0.01339,0.18102
12,0.87198,656.60887,50,0.02897,-0.00208,0.09999
12,0.87198,656.60887,51,0.05687,0.05226,0.09151
12,0.87198,656.60887,52,-0.03415,0.12214,0.10462
12,0.87198,656.60887,53,-0.00528,0.16612,0.06618
12,0.87198,656.60887,54,0.01034,0.22846,0.13229
12,0.87198,656.60887,55,-0.00354,0.27316,0.08503
12,0.87198,656.60887,56,0.05609,0.32851,0.08153
12,0.87198,656.60887,57,0.03433,0.39001,0.10574
12,0.87198,656.60887,58,0.04593,0.34941,0.07492
12,0.87198,656.60887,59,0.10779,0.39468,0.07831
12,0.87198,656.60887,60,0.02231,0.40402,0.12783
12,0.87198,656.60887,61,0.03235,0.41657,0.12969
12,0.87198,656.60887,62,0.02878,0.41894,0.0933
12,0.87198,656.60887,63,0.06815,0.33883,0.09012
12,0.87198,656.60887,64,0.11006,0.24278,0.15383
12,0.87198,656.60887,65,0.1022,0.20979,0.14747
12,0.87198,656.60887,66,0.14708,0.25844,0.08063
12,0.87198,656.60887,67,0.1085,0.25103,0.08261
12,0.87198,656.60887,68,0.12646,0.24091,0.17247
12,0.87198,656.60887,69,0.08169,0.20713,0.08325
12,0.87198,656.60887,70,0.11341,0.2011,0.09059
13,0.89444,657.19553,1,0.38143,-0.23244,0.12588
13,0.89444,657.19553,2,0.39057,-0.34615,0.26286
13,0.89444,657.19553,3,0.34376,-0.32529,0.30011
13,0.89444,657.19553,4,0.40621,-0.36034,0.4436
13,0.89444,657.19553,5,0.36065,-0.31144,0.51501
13,0.89444,657.19553,6,0.35122,-0.32598,0.58445
13,0.89444,657.19553,7,0.31169,-0.26274,0.69591
13,0.89444,657.19553,8,0.2431,-0.22891,0.74952
13,0.89444,657.19553,9,0.19443,-0.1207,0.76686
13,0.89444,657.19553,10,0.18778,-0.03748,0.8721
13,0.89444,657.19553,11,0.11086,0.03586,0.85157
13,0.89444,657.19553,12,0.13103,0.06659,0.88873
13,0.89444,657.19553,13,-0.02012,0.13727,0.89684
13,0.89444,657.19553,14,-0.00396,0.18616,0.82468
13,0.89444,657.19553,15,-0.1837,0.22305,0.84145
13,0.89444,657.19553,16,-0.11525,0.34563,0.71646
13,0.89444,657.19553,17,-0.12798,0.38547,0.66782
13,0.89444,657.19553,18,-0.21083,0.34378,0.60174
13,0.89444,657.19553,19,-0.16842,0.40119,0.50566
13,0.89444,657.19553,20,-0.19371,0.4023,0.40007
13,0.89444,657.19553,21,-0.16044,0.34,0.29357
13,0.89444,657.19553,22,-0.25655,0.28176,0.14858
13,0.89444,657.19553,23,-0.20572,0.2176,0.10532
13,0.89444,657.19553,24,-0.19296,0.18426,0.14774
13,0.89444,657.19553,25,-0.25386,0.08014,0.11948
13,0.89444,657.19553,26,-0.21749,0.10878,0.13554
13,0.89444,657.19553,27,-0.22949,0.04273,0.27963
13,0.89444,657.19553,28,-0.20818,-0.04649,0.37988
13,0.89444,657.19553,29,-0.25822,-0.15653,0.32545
13,0.89444,657.19553,30,-0.24487,-0.22622,0.30073
13,0.89444,657.19553,31,-0.195,-0.28953,0.31779
13,0.89444,657.19553,32,-0.21553,-0.27472,0.29017
13,0.89444,657.19553,33,-0.18055,-0.33703,0.33607
13,0.89444,657.19553,34,-0.1905,-0.38154,0.34995
13,0.89444,657.19553,35,-0.18138,-0.31527,0.25807
13,0.89444,657.19553,36,-0.15691,-0.29713,0.2994
13,0.89444,657.19553,37,-0.12061,-0.29757,0.15444
13,0.89444,657.19553,38,-0.16919,-0.2914,0.14622
13,0.89444,657.19553,39,-0.11422,-0.29701,0.11712
13,0.89444,657.19553,40,-0.10779,-0.37754,0.11227
13,0.89444,657.19553,41,-0.04657,-0.25534,0.2022
13,0.89444,657.19553,42,-0.03835,-0.1616,0.24411
13,0.89444,657.19553,43,-0.01115,-0.14732,0.19554
13,0.89444,657.19553,44,-0.03473,-0.14657,0.18149
13,0.89444,657.19553,45,-0.0447,-0.19703,0.07999
13,0.89444,657.19553,46,-0.0585,-0.04747,0.17482
13,0.89444,657.19553,47,-0.0021,-0.05339,0.17053
13,0.89444,657.19553,48,0.0418,0.00969,0.22138
13,0.89444,657.19553,49,0.03,0.01412,0.16932
13,0.89444,657.19553,50,0.02936,-0.00147,0.09999
13,0.89444,657.19553,51,0.05725,0.05295,0.09151
13,0.89444,657.19553,52,-0.03378,0.12282,0.10462
13,0.89444,657.19553,53,-0.00491,0.16679,0.06627
13,0.89444,657.19553,54,0.01071,0.22913,0.13239
13,0.89444,657.19553,55,-0.00317,0.27382,0.08512
13,0.89444,657.19553,56,0.05646,0.32917,0.08162
13,0.89444,657.19553,57,0.03461,0.38943,0.10575
13,0.89444,657.19553,58,0.06507,0.3771,0.07936
13,0.89444,657.19553,59,0.03002,0.32194,0.14712
13,0.89444,657.19553,60,0.0822,0.39001,0.20273
13,0.89444,657.19553,61,0.064,0.39634,0.09957
13,0.89444,657.19553,62,0.04367,0.33598,0.14663
13,0.89444,657.19553,63,0.1064,0.35662,0.12538
13,0.89444,657.19553,64,0.17463,0.33586,0.08824
13,0.89444,657.19553,65,0.14065,0.39952,0.16357
13,0.89444,657.19553,66,0.1013,0.37368,0.11519
13,0.89444,657.19553,67,0.11619,0.31524,0.08862
13,0.89444,657.19553,68,0.12096,0.29835,0.10352
13,0.89444,657.19553,69,0.06424,0.21717,0.08119
13,0.89444,657.19553,70,0.03707,0.2676,0.0743
14,0.90907,656.04951,1,0.38128,-0.23242,0.12648
14,0.90907,656.04951,2,0.39028,-0.34611,0.26546
14,0.90907,656.04951,3,0.34352,-0.32422,0.30201
14,0.90907,656.04951,4,0.40621,-0.35912,0.44545
14,0.90907,656.04951,5,0.36065,-0.31024,0.51683
14,0.90907,656.04951,6,0.35123,-0.3248,0.58625
14,0.90907,656.04951,7,0.3117,-0.26157,0.69769
14,0.90907,656.04951,8,0.24312,-0.22775,0.75128
14,0.90907,656.04951,9,0.19444,-0.11956,0.7686
14,0.90907,656.04951,10,0.1878,-0.03635,0.87383
14,0.90907,656.04951,11,0.11088,0.03699,0.85329
14,0.90907,656.04951,12,0.13153,0.06794,0.8883
14,0.90907,656.04951,13,-0.01967,0.13848,0.89684
14,0.90907,656.04951,14,-0.00351,0.18737,0.82468
14,0.90907,656.04951,15,-0.18326,0.22425,0.84146
14,0.90907,656.04951,16,-0.11481,0.34682,0.71647
14,0.90907,656.04951,17,-0.12756,0.38431,0.66781
14,0.90907,656.04951,18,-0.21048,0.33446,0.60166
14,0.90907,656.04951,19,-0.16816,0.40119,0.50328
14,0.90907,656.04951,20,-0.19345,0.40231,0.39771
14,0.90907,656.04951,21,-0.16019,0.34,0.29124
14,0.90907,656.04951,22,-0.25629,0.28177,0.14628
14,0.90907,656.04951,23,-0.20545,0.21773,0.1037
14,0.90907,656.04951,24,-0.1926,0.18541,0.15141
14,0.90907,656.04951,25,-0.2535,0.08129,0.12312
14,0.90907,656.04951,26,-0.21713,0.10993,0.13916
14,0.90907,656.04951,27,-0.22913,0.04388,0.28323
14,0.90907,656.04951,28,-0.20782,-0.04534,0.38347
14,0.90907,656.04951,29,-0.25786,-0.15539,0.32903
14,0.90907,656.04951,30,-0.24451,-0.22509,0.3043
14,0.90907,656.04951,31,-0.19464,-0.28841,0.32134
14,0.90907,656.04951,32,-0.21518,-0.2736,0.29371
14,0.90907,656.04951,33,-0.1802,-0.33592,0.33958
14,0.90907,656.04951,34,-0.19014,-0.38172,0.35311
14,0.90907,656.04951,35,-0.18102,-0.31544,0.26122
14,0.90907,656.04951,36,-0.15656,-0.29729,0.30252
14,0.90907,656.04951,37,-0.12026,-0.29773,0.15754
14,0.90907,656.04951,38,-0.16884,-0.29156,0.14929
14,0.90907,656.04951,39,-0.11387,-0.29716,0.12016
14,0.90907,656.04951,40,-0.10745,-0.37768,0.10984
14,0.90907,656.04951,41,-0.04625,-0.25543,0.18081
14,0.90907,656.04951,42,-0.03804,-0.16167,0.22281
14,0.90907,656.04951,43,-0.01084,-0.14738,0.1743
14,0.90907,656.04951,44,-0.03442,-0.14663,0.16033
14,0.90907,656.04951,45,-0.0444,-0.19711,0.09219
14,0.90907,656.04951,46,-0.0582,-0.04756,0.18698
14,0.90907,656.04951,47,-0.00179,-0.05349,0.18264
14,0.90907,656.04951,48,0.0421,0.00959,0.23346
14,0.90907,656.04951,49,0.0303,0.01403,0.18136
14,0.90907,656.04951,50,0.02964,-0.00146,0.09999
14,0.90907,656.04951,51,0.05754,0.05287,0.09151
14,0.90907,656.04951,52,-0.03349,0.12274,0.10462
14,0.90907,656.04951,53,-0.00462,0.16672,0.06634
14,0.90907,656.04951,54,0.011,0.22906,0.13245
14,0.90907,656.04951,55,-0.00289,0.27375,0.08519
14,0.90907,656.04951,56,0.05674,0.3291,0.08169
14,0.90907,656.04951,57,0.03488,0.38945,0.1058
14,0.90907,656.04951,58,0.04641,0.35293,0.07492
14,0.90907,656.04951,59,0.10827,0.39045,0.0783
14,0.90907,656.04951,60,0.02278,0.40402,0.1299
14,0.90907,656.04951,61,0.03282,0.41657,0.13174
14,0.90907,656.04951,62,0.02924,0.41894,0.0933
14,0.90907,656.04951,63,0.06861,0.33883,0.09012
14,0.90907,656.04951,64,0.11052,0.24278,0.15383
14,0.90907,656.04951,65,0.10266,0.20979,0.14747
14,0.90907,656.04951,66,0.14754,0.25905,0.08103
14,0.90907,656.04951,67,0.10896,0.25164,0.083
14,0.90907,656.04951,68,0.12691,0.24152,0.17286
14,0.90907,656.04951,69,0.18138,0.22929,0.09033
14,0.90907,656.04951,70,0.14696,0.19073,0.08151
15,0.90907,656.04951,1,0.38128,-0.23242,0.12648
15,0.90907,656.04951,2,0.39028,-0.34611,0.26546
15,0.90907,656.04951,3,0.34352,-0.32422,0.30201
15,0.90907,656.04951,4,0.40621,-0.35912,0.44545
15,0.90907,656.04951,5,0.36065,-0.31024,0.51683
15,0.90907,656.04951,6,0.35123,-0.3248,0.58625
15,0.90907,656.04951,7,0.3117,-0.26157,0.69769
15,0.90907,656.04951,8,0.24312,-0.22775,0.75128
15,0.90907,656.04951,9,0.19444,-0.11956,0.7686
15,0.90907,656.04951,10,0.1878,-0.03635,0.87383
15,0.90907,656.04951,11,0.11088,0.03699,0.85329
15,0.90907,656.04951,12,0.13153,0.06794,0.8883
15,0.90907,656.04951,13,-0.01967,0.13848,0.89684
15,0.90907,656.04951,14,-0.00351,0.18737,0.82468
15,0.90907,656.04951,15,-0.18326,0.22425,0.84146
15,0.90907,656.04951,16,-0.11481,0.34682,0.71647
15,0.90907,656.04951,17,-0.12756,0.38431,0.66781
15,0.90907,656.04951,18,-0.21048,0.33446,0.60166
15,0.90907,656.04951,19,-0.16816,0.40119,0.50328
15,0.90907,656.04951,20,-0.19345,0.40231,0.39771
15,0.90907,656.04951,21,-0.16019,0.34,0.29124
15,0.90907,656.04951,22,-0.25629,0.28177,0.14628
15,0.90907,656.04951,23,-0.20545,0.21773,0.1037
15,0.90907,656.04951,24,-0.1926,0.18541,0.15141
15,0.90907,656.04951,25,-0.2535,0.08129,0.12312
15,0.90907,656.04951,26,-0.21713,0.10993,0.13916
15,0.90907,656.04951,27,-0.22913,0.04388,0.28323
15,0.90907,656.04951,28,-0.20782,-0.04534,0.38347
15,0.90907,656.04951,29,-0.25786,-0.15539,0.32903
15,0.90907,656.04951,30,-0.24451,-0.22509,0.3043
15,0.90907,656.04951,31,-0.19464,-0.28841,0.32134
15,0.90907,656.04951,32,-0.21518,-0.2736,0.29371
15,0.90907,656.04951,33,-0.1802,-0.33592,0.33958
15,0.90907,656.04951,34,-0.19014,-0.38172,0.35311
15,0.90907,656.04951,35,-0.18102,-0.31544,0.26122
15,0.90907,656.04951,36,-0.15656,-0.29729,0.30252
15,0.90907,656.04951,37,-0.12026,-0.29773,0.15754
15,0.90907,656.04951,38,-0.16884,-0.29156,0.14929
15,0.90907,656.04951,39,-0.11387,-0.29716,0.12016
15,0.90907,656.04951,40,-0.10745,-0.37768,0.10984
15,0.90907,656.04951,41,-0.04625,-0.25543,0.18081
15,0.90907,656.04951,42,-0.03804,-0.16167,0.22281
15,0.90907,656.04951,43,-0.01084,-0.14738,0.1743
15,0.90907,656.04951,44,-0.03442,-0.14663,0.16033
15,0.90907,656.04951,45,-0.0444,-0.19711,0.09219
15,0.90907,656.04951,46,-0.0582,-0.04756,0.18698
15,0.90907,656.04951,47,-0.00179,-0.05349,0.18264
15,0.90907,656.04951,48,0.0421,0.00959,0.23346
15,0.90907,656.04951,49,0.0303,0.01403,0.18136
15,0.90907,656.04951,50,0.02964,-0.00146,0.09999
15,0.90907,656.04951,51,0.05754,0.05287,0.09151
15,0.90907,656.04951,52,-0.03349,0.12274,0.10462
15,0.90907,656.04951,53,-0.00462,0.16672,0.06634
15,0.90907,656.04951,54,0.011,0.22906,0.13245
15,0.90907,656.04951,55,-0.00289,0.27375,0.08519
15,0.90907,656.04951,56,0.05674,0.3291,0.08169
15,0.90907,656.04951,57,0.03488,0.38945,0.1058
15,0.90907,656.04951,58,0.04641,0.35293,0.07492
15,0.90907,656.04951,59,0.10827,0.39045,0.0783
15,0.90907,656.04951,60,0.02278,0.40402,0.1299
15,0.90907,656.04951,61,0.03282,0.41657,0.13174
15,0.90907,656.04951,62,0.02924,0.41894,0.0933
15,0.90907,656.04951,63,0.06861,0.33883,0.09012
15,0.90907,656.04951,64,0.11052,0.24278,0.15383
15,0.90907,656.04951,65,0.10266,0.20979,0.14747
15,0.90907,656.04951,66,0.14754,0.25905,0.08103
15,0.90907,656.04951,67,0.10896,0.25164,0.083
15,0.90907,656.04951,68,0.12691,0.24152,0.17286
15,0.90907,656.04951,69,0.18138,0.22929,0.09033
15,0.90907,656.04951,70,0.14696,0.19073,0.08151
16,0.90907,656.04951,1,0.38128,-0.23242,0.12648
16,0.90907,656.04951,2,0.39028,-0.34611,0.26546
16,0.90907,656.04951,3,0.34352,-0.32422,0.30201
16,0.90907,656.04951,4,0.40621,-0.35912,0.44545
16,0.90907,656.04951,5,0.36065,-0.31024,0.51683
16,0.90907,656.04951,6,0.35123,-0.3248,0.58625
16,0.90907,656.04951,7,0.3117,-0.26157,0.69769
16,0.90907,656.04951,8,0.24312,-0.22775,0.75128
16,0.90907,656.04951,9,0.19444,-0.11956,0.7686
16,0.90907,656.04951,10,0.1878,-0.03635,0.87383
16,0.90907,656.04951,11,0.11088,0.03699,0.85329
16,0.90907,656.04951,12,0.13153,0.06794,0.8883
16,0.90907,656.04951,13,-0.01967,0.13848,0.89684
16,0.90907,656.04951,14,-0.00351,0.18737,0.82468
16,0.90907,656.04951,15,-0.18326,0.22425,0.84146
16,0.90907,656.04951,16,-0.11481,0.34682,0.71647
16,0.90907,656.04951,17,-0.12756,0.38431,0.66781
16,0.90907,656.04951,18,-0.21048,0.33446,0.60166
16,0.90907,656.04951,19,-0.16816,0.40119,0.50328
16,0.90907,656.04951,20,-0.19345,0.40231,0.39771
16,0.90907,656.04951,21,-0.16019,0.34,0.29124
16,0.90907,656.04951,22,-0.25629,0.28177,0.14628
16,0.90907,656.04951,23,-0.20545,0.21773,0.1037
16,0.90907,656.04951,24,-0.1926,0.18541,0.15141
16,0.90907,656.04951,25,-0.2535,0.08129,0.12312
16,0.90907,656.04951,26,-0.21713,0.10993,0.13916
16,0.90907,656.04951,27,-0.22913,0.04388,0.28323
16,0.90907,656.04951,28,-0.20782,-0.04534,0.38347
16,0.90907,656.04951,29,-0.25786,-0.15539,0.32903
16,0.90907,656.04951,30,-0.24451,-0.22509,0.3043
16,0.90907,656.04951,31,-0.19464,-0.28841,0.32134
16,0.90907,656.04951,32,-0.21518,-0.2736,0.29371
16,0.90907,656.04951,33,-0.1802,-0.33592,0.33958
16,0.90907,656.04951,34,-0.19014,-0.38172,0.35311
16,0.90907,656.04951,35,-0.18102,-0.31544,0.26122
16,0.90907,656.04951,36,-0.15656,-0.29729,0.30252
16,0.90907,656.04951,37,-0.12026,-0.29773,0.15754
16,0.90907,656.04951,38,-0.16884,-0.29156,0.14929
16,0.90907,656.04951,39,-0.11387,-0.29716,0.12016
16,0.90907,656.04951,40,-0.10745,-0.37768,0.10984
16,0.90907,656.04951,41,-0.04625,-0.25543,0.18081
16,0.90907,656.04951,42,-0.03804,-0.16167,0.22281
16,0.90907,656.04951,43,-0.01084,-0.14738,0.1743
16,0.90907,656.04951,44,-0.03442,-0.14663,0.16033
16,0.90907,656.04951,45,-0.0444,-0.19711,0.09219
16,0.90907,656.04951,46,-0.0582,-0.04756,0.18698
16,0.90907,656.04951,47,-0.00179,-0.05349,0.18264
16,0.90907,656.04951,48,0.0421,0.00959,0.23346
16,0.90907,656.04951,49,0.0303,0.01403,0.18136
16,0.90907,656.04951,50,0.02964,-0.00146,0.09999
16,0.90907,656.04951,51,0.05754,0.05287,0.09151
16,0.90907,656.04951,52,-0.03349,0.12274,0.10462
16,0.90907,656.04951,53,-0.00462,0.16672,0.06634
16,0.90907,656.04951,54,0.011,0.22906,0.13245
16,0.90907,656.04951,55,-0.00289,0.27375,0.08519
16,0.90907,656.04951,56,0.05674,0.3291,0.08169
16,0.90907,656.04951,57,0.03488,0.38945,0.1058
16,0.90907,656.04951,58,0.04641,0.35293,0.07492
16,0.90907,656.04951,59,0.10827,0.39045,0.0783
16,0.90907,656.04951,60,0.02278,0.40402,0.1299
16,0.90907,656.04951,61,0.03282,0.41657,0.13174
16,0.90907,656.04951,62,0.02924,0.41894,0.0933
16,0.90907,656.04951,63,0.06861,0.33883,0.09012
16,0.90907,656.04951,64,0.11052,0.24278,0.15383
16,0.90907,656.04951,65,0.10266,0.20979,0.14747
16,0.90907,656.04951,66,0.14754,0.25905,0.08103
16,0.90907,656.04951,67,0.10896,0.25164,0.083
16,0.90907,656.04951,68,0.12691,0.24152,0.17286
16,0.90907,656.04951,69,0.18138,0.22929,0.09033
16,0.90907,656.04951,70,0.14696,0.19073,0.08151
17,0.90907,656.04951,1,0.38128,-0.23242,0.12648
17,0.90907,656.04951,2,0.39028,-0.34611,0.26546
17,0.90907,656.04951,3,0.34352,-0.32422,0.30201
17,0.90907,656.04951,4,0.40621,-0.35912,0.44545
17,0.90907,656.04951,5,0.36065,-0.31024,0.51683
17,0.90907,656.04951,6,0.35123,-0.3248,0.58625
17,0.90907,656.04951,7,0.3117,-0.26157,0.69769
17,0.90907,656.04951,8,0.24312,-0.22775,0.75128
17,0.90907,656.04951,9,0.19444,-0.11956,0.7686
17,0.90907,656.04951,10,0.1878,-0.03635,0.87383
17,0.90907,656.04951,11,0.11088,0.03699,0.85329
17,0.90907,656.04951,12,0.13153,0.06794,0.8883
17,0.90907,656.04951,13,-0.01967,0.13848,0.89684
17,0.90907,656.04951,14,-0.00351,0.18737,0.82468
17,0.90907,656.04951,15,-0.18326,0.22425,0.84146
17,0.90907,656.04951,16,-0.11481,0.34682,0.71647
17,0.90907,656.04951,17,-0.12756,0.38431,0.66781
17,0.90907,656.04951,18,-0.21048,0.33446,0.60166
17,0.90907,656.04951,19,-0.16816,0.40119,0.50328
17,0.90907,656.04951,20,-0.19345,0.40231,0.39771
17,0.90907,656.04951,21,-0.16019,0.34,0.29124
17,0.90907,656.04951,22,-0.25629,0.28177,0.14628
17,0.90907,656.04951,23,-0.20545,0.21773,0.1037
17,0.90907,656.04951,24,-0.1926,0.18541,0.15141
17,0.90907,656.04951,25,-0.2535,0.08129,0.12312
17,0.90907,656.04951,26,-0.21713,0.10993,0.13916
17,0.90907,656.04951,27,-0.22913,0.04388,0.28323
17,0.90907,656.04951,28,-0.20782,-0.04534,0.38347
17,0.90907,656.04951,29,-0.25786,-0.15539,0.32903
17,0.90907,656.04951,30,-0.24451,-0.22509,0.3043
17,0.90907,656.04951,31,-0.19464,-0.28841,0.32134
17,0.90907,656.04951,32,-0.21518,-0.2736,0.29371
17,0.90907,656.04951,33,-0.1802,-0.33592,0.33958
17,0.90907,656.04951,34,-0.19014,-0.38172,0.35311
17,0.90907,656.04951,35,-0.18102,-0.31544,0.26122
17,0.90907,656.04951,36,-0.15656,-0.29729,0.30252
17,0.90907,656.04951,37,-0.12026,-0.29773,0.15754
17,0.90907,656.04951,38,-0.16884,-0.29156,0.14929
17,0.90907,656.04951,39,-0.11387,-0.29716,0.12016
17,0.90907,656.04951,40,-0.10745,-0.37768,0.10984
17,0.90907,656.04951,41,-0.04625,-0.25543,0.18081
17,0.90907,656.04951,42,-0.03804,-0.16167,0.22281
17,0.90907,656.04951,43,-0.01084,-0.14738,0.1743
17,0.90907,656.04951,44,-0.03442,-0.14663,0.16033
17,0.90907,656.04951,45,-0.0444,-0.19711,0.09219
17,0.90907,656.04951,46,-0.0582,-0.04756,0.18698
17,0.90907,656.04951,47,-0.00179,-0.05349,0.18264
17,0.90907,656.04951,48,0.0421,0.00959,0.23346
17,0.90907,656.04951,49,0.0303,0.01403,0.18136
17,0.90907,656.04951,50,0.02964,-0.00146,0.09999
17,0.90907,656.04951,51,0.05754,0.05287,0.09151
17,0.90907,656.04951,52,-0.03349,0.12274,0.10462
17,0.90907,656.04951,53,-0.00462,0.16672,0.06634
17,0.90907,656.04951,54,0.011,0.22906,0.13245
17,0.90907,656.04951,55,-0.00289,0.27375,0.08519
17,0.90907,656.04951,56,0.05674,0.3291,0.08169
17,0.90907,656.04951,57,0.03488,0.38945,0.1058
17,0.90907,656.04951,58,0.04641,0.35293,0.07492
17,0.90907,656.04951,59,0.10827,0.39045,0.0783
17,0.90907,656.04951,60,0.02278,0.40402,0.1299
17,0.90907,656.04951,61,0.03282,0.41657,0.13174
17,0.90907,656.04951,62,0.02924,0.41894,0.0933
17,0.90907,656.04951,63,0.06861,0.33883,0.09012
17,0.90907,656.04951,64,0.11052,0.24278,0.15383
17,0.90907,656.04951,65,0.10266,0.20979,0.14747
17,0.90907,656.04951,66,0.14754,0.25905,0.08103
17,0.90907,656.04951,67,0.10896,0.25164,0.083
17,0.90907,656.04951,68,0.12691,0.24152,0.17286
17,0.90907,656.04951,69,0.18138,0.22929,0.09033
17,0.90907,656.04951,70,0.14696,0.19073,0.08151
18,0.89745,651.11322,1,0.3814,-0.23244,0.126
18,0.89745,651.11322,2,0.39051,-0.34614,0.2634
18,0.89745,651.11322,3,0.34371,-0.32507,0.3005
18,0.89745,651.11322,4,0.40621,-0.36009,0.44398
18,0.89745,651.11322,5,0.36065,-0.3112,0.51539
18,0.89745,651.11322,6,0.35122,-0.32574,0.58482
18,0.89745,651.11322,7,0.31169,-0.2625,0.69628
18,0.89745,651.11322,8,0.24311,-0.22867,0.74989
18,0.89745,651.11322,9,0.19443,-0.12047,0.76722
18,0.89745,651.11322,10,0.18778,-0.03725,0.87246
18,0.89745,651.11322,11,0.11086,0.03609,0.85192
18,0.89745,651.11322,12,0.13112,0.06687,0.88869
18,0.89745,651.11322,13,-0.02003,0.13752,0.89684
18,0.89745,651.11322,14,-0.00386,0.18641,0.82468
18,0.89745,651.11322,15,-0.18361,0.22329,0.84146
18,0.89745,651.11322,16,-0.11516,0.34588,0.71646
18,0.89745,651.11322,17,-0.12789,0.38523,0.66782
18,0.89745,651.11322,18,-0.21076,0.34186,0.60173
18,0.89745,651.11322,19,-0.16836,0.40119,0.50517
18,0.89745,651.11322,20,-0.19366,0.4023,0.39959
18,0.89745,651.11322,21,-0.16039,0.34,0.29309
18,0.89745,651.11322,22,-0.2565,0.28176,0.14811
18,0.89745,651.11322,23,-0.20567,0.21762,0.10499
18,0.89745,651.11322,24,-0.19289,0.18449,0.1485
18,0.89745,651.11322,25,-0.25379,0.08037,0.12022
18,0.89745,651.11322,26,-0.21741,0.10901,0.13629
18,0.89745,651.11322,27,-0.22942,0.04297,0.28037
18,0.89745,651.11322,28,-0.2081,-0.04625,0.38062
18,0.89745,651.11322,29,-0.25814,-0.1563,0.32619
18,0.89745,651.11322,30,-0.24479,-0.22599,0.30146
18,0.89745,651.11322,31,-0.19492,-0.2893,0.31852
18,0.89745,651.11322,32,-0.21545,-0.27449,0.2909
18,0.89745,651.11322,33,-0.18047,-0.3368,0.33679
18,0.89745,651.11322,34,-0.19042,-0.38157,0.3506
18,0.89745,651.11322,35,-0.1813,-0.3153,0.25872
18,0.89745,651.11322,36,-0.15684,-0.29716,0.30004
18,0.89745,651.11322,37,-0.12054,-0.2976,0.15508
18,0.89745,651.11322,38,-0.16912,-0.29143,0.14685
18,0.89745,651.11322,39,-0.11414,-0.29704,0.11774
18,0.89745,651.11322,40,-0.10772,-0.37757,0.11177
18,0.89745,651.11322,41,-0.0465,-0.25536,0.19781
18,0.89745,651.11322,42,-0.03828,-0.16161,0.23974
18,0.89745,651.11322,43,-0.01109,-0.14733,0.19118
18,0.89745,651.11322,44,-0.03467,-0.14657,0.17715
18,0.89745,651.11322,45,-0.04464,-0.19705,0.08452
18,0.89745,651.11322,46,-0.05844,-0.04748,0.17933
18,0.89745,651.11322,47,-0.00203,-0.05341,0.17503
18,0.89745,651.11322,48,0.04186,0.00967,0.22587
18,0.89745,651.11322,49,0.03006,0.0141,0.17379
18,0.89745,651.11322,50,0.02942,-0.00148,0.09999
18,0.89745,651.11322,51,0.05731,0.05294,0.09151
18,0.89745,651.11322,52,-0.03372,0.12281,0.10462
18,0.89745,651.11322,53,-0.00485,0.16678,0.06629
18,0.89745,651.11322,54,0.01077,0.22912,0.1324
18,0.89745,651.11322,55,-0.00312,0.27381,0.08514
18,0.89745,651.11322,56,0.05652,0.32916,0.08164
18,0.89745,651.11322,57,0.03467,0.38943,0.10576
18,0.89745,651.11322,58,0.0462,0.35283,0.07492
18,0.89745,651.11322,59,0.10807,0.39055,0.0783
18,0.89745,651.11322,60,0.02258,0.40402,0.12985
18,0.89745,651.11322,61,0.03262,0.41657,0.13169
18,0.89745,651.11322,62,0.02904,0.41894,0.0933
18,0.89745,651.11322,63,0.06841,0.33883,0.09012
18,0.89745,651.11322,64,0.11032,0.24278,0.15383
18,0.89745,651.11322,65,0.10247,0.20979,0.14747
18,0.89745,651.11322,66,0.14735,0.25905,0.08091
18,0.89745,651.11322,67,0.10877,0.25164,0.08288
18,0.89745,651.11322,68,0.12672,0.24151,0.17274
18,0.89745,651.11322,69,0.18119,0.22929,0.09021
18,0.89745,651.11322,70,0.21223,0.11381,0.0751
19,0.89444,657.19553,1,0.38143,-0.23244,0.12588
19,0.89444,657.19553,2,0.39057,-0.34615,0.26286
19,0.89444,657.19553,3,0.34376,-0.32529,0.30011
19,0.89444,657.19553,4,0.40621,-0.36034,0.4436
19,0.89444,657.19553,5,0.36065,-0.31144,0.51501
19,0.89444,657.19553,6,0.35122,-0.32598,0.58445
19,0.89444,657.19553,7,0.31169,-0.26274,0.69591
19,0.89444,657.19553,8,0.2431,-0.22891,0.74952
19,0.89444,657.19553,9,0.19443,-0.1207,0.76686
19,0.89444,657.19553,10,0.18778,-0.03748,0.8721
19,0.89444,657.19553,11,0.11086,0.03586,0.85157
19,0.89444,657.19553,12,0.13103,0.06659,0.88873
19,0.89444,657.19553,13,-0.02012,0.13727,0.89684
19,0.89444,657.19553,14,-0.00396,0.18616,0.82468
19,0.89444,657.19553,15,-0.1837,0.22305,0.84145
19,0.89444,657.19553,16,-0.11525,0.34563,0.71646
19,0.89444,657.19553,17,-0.12798,0.38547,0.66782
19,0.89444,657.19553,18,-0.21083,0.34378,0.60174
19,0.89444,657.19553,19,-0.16842,0.40119,0.50566
19,0.89444,657.19553,20,-0.19371,0.4023,0.40007
19,0.89444,657.19553,21,-0.16044,0.34,0.29357
19,0.89444,657.19553,22,-0.25655,0.28176,0.14858
19,0.89444,657.19553,23,-0.20572,0.2176,0.10532
19,0.89444,657.19553,24,-0.19296,0.18426,0.14774
19,0.89444,657.19553,25,-0.25386,0.08014,0.11948
19,0.89444,657.19553,26,-0.21749,0.10878,0.13554
19,0.89444,657.19553,27,-0.22949,0.04273,0.27963
19,0.89444,657.19553,28,-0.20818,-0.04649,0.37988
19,0.89444,657.19553,29,-0.25822,-0.15653,0.32545
19,0.89444,657.19553,30,-0.24487,-0.22622,0.30073
19,0.89444,657.19553,31,-0.195,-0.28953,0.31779
19,0.89444,657.19553,32,-0.21553,-0.27472,0.29017
19,0.89444,657.19553,33,-0.18055,-0.33703,0.33607
19,0.89444,657.19553,34,-0.1905,-0.38154,0.34995
19,0.89444,657.19553,35,-0.18138,-0.31527,0.25807
19,0.89444,657.19553,36,-0.15691,-0.29713,0.2994
19,0.89444,657.19553,37,-0.12061,-0.29757,0.15444
19,0.89444,657.19553,38,-0.16919,-0.2914,0.14622
19,0.89444,657.19553,39,-0.11422,-0.29701,0.11712
19,0.89444,657.19553,40,-0.10779,-0.37754,0.11227
19,0.89444,657.19553,41,-0.04657,-0.25534,0.2022
19,0.89444,657.19553,42,-0.03835,-0.1616,0.24411
19,0.89444,657.19553,43,-0.01115,-0.14732,0.19554
19,0.89444,657.19553,44,-0.03473,-0.14657,0.18149
19,0.89444,657.19553,45,-0.0447,-0.19703,0.07999
19,0.89444,657.19553,46,-0.0585,-0.04747,0.17482
19,0.89444,657.19553,47,-0.0021,-0.05339,0.17053
19,0.89444,657.19553,48,0.0418,0.00969,0.22138
19,0.89444,657.19553,49,0.03,0.01412,0.16932
19,0.89444,657.19553,50,0.02936,-0.00147,0.09999
19,0.89444,657.19553,51,0.05725,0.05295,0.09151
19,0.89444,657.19553,52,-0.03378,0.12282,0.10462
19,0.89444,657.19553,53,-0.00491,0.16679,0.06627
19,0.89444,657.19553,54,0.01071,0.22913,0.13239
19,0.89444,657.19553,55,-0.00317,0.27382,0.08512
19,0.89444,657.19553,56,0.05646,0.32917,0.08162
19,0.89444,657.19553,57,0.03461,0.38943,0.10575
19,0.89444,657.19553,58,0.06507,0.3771,0.07936
19,0.89444,657.19553,59,0.03002,0.32194,0.14712
19,0.89444,657.19553,60,0.0822,0.39001,0.20273
19,0.89444,657.19553,61,0.064,0.39634,0.09957
19,0.89444,657.19553,62,0.04367,0.33598,0.14663
19,0.89444,657.19553,63,0.1064,0.35662,0.12538
19,0.89444,657.19553,64,0.17463,0.33586,0.08824
19,0.89444,657.19553,65,0.14065,0.39952,0.16357
19,0.89444,657.19553,66,0.1013,0.37368,0.11519
19,0.89444,657.19553,67,0.11619,0.31524,0.08862
19,0.89444,657.19553,68,0.12096,0.29835,0.10352
19,0.89444,657.19553,69,0.06424,0.21717,0.08119
19,0.89444,657.19553,70,0.03707,0.2676,0.0743
20,0.89444,657.19553,1,0.38143,-0.23244,0.12588
20,0.89444,657.19553,2,0.39057,-0.34615,0.26286
20,0.89444,657.19553,3,0.34376,-0.32529,0.30011
20,0.89444,657.19553,4,0.40621,-0.36034,0.4436
20,0.89444,657.19553,5,0.36065,-0.31144,0.51501
20,0.89444,657.19553,6,0.35122,-0.32598,0.58445
20,0.89444,657.19553,7,0.31169,-0.26274,0.69591
20,0.89444,657.19553,8,0.2431,-0.22891,0.74952
20,0.89444,657.19553,9,0.19443,-0.1207,0.76686
20,0.89444,657.19553,10,0.18778,-0.03748,0.8721
20,0.89444,657.19553,11,0.11086,0.03586,0.85157
20,0.89444,657.19553,12,0.13103,0.06659,0.88873
20,0.89444,657.19553,13,-0.02012,0.13727,0.89684
20,0.89444,657.19553,14,-0.00396,0.18616,0.82468
20,0.89444,657.19553,15,-0.1837,0.22305,0.84145
20,0.89444,657.19553,16,-0.11525,0.34563,0.71646
20,0.89444,657.19553,17,-0.12798,0.38547,0.66782
20,0.89444,657.19553,18,-0.21083,0.34378,0.60174
20,0.89444,657.19553,19,-0.16842,0.40119,0.50566
20,0.89444,657.19553,20,-0.19371,0.4023,0.40007
20,0.89444,657.19553,21,-0.16044,0.34,0.29357
20,0.89444,657.19553,22,-0.25655,0.28176,0.14858
20,0.89444,657.19553,23,-0.20572,0.2176,0.10532
20,0.89444,657.19553,24,-0.19296,0.18426,0.14774
20,0.89444,657.19553,25,-0.25386,0.08014,0.11948
20,0.89444,657.19553,26,-0.21749,0.10878,0.13554
20,0.89444,657.19553,27,-0.22949,0.04273,0.27963
20,0.89444,657.19553,28,-0.20818,-0.04649,0.37988
20,0.89444,657.19553,29,-0.25822,-0.15653,0.32545
20,0.89444,657.19553,30,-0.24487,-0.22622,0.30073
20,0.89444,657.19553,31,-0.195,-0.28953,0.31779
20,0.89444,657.19553,32,-0.21553,-0.27472,0.29017
20,0.89444,657.19553,33,-0.18055,-0.33703,0.33607
20,0.89444,657.19553,34,-0.1905,-0.38154,0.34995
20,0.89444,657.19553,35,-0.18138,-0.31527,0.25807
20,0.89444,657.19553,36,-0.15691,-0.29713,0.2994
20,0.89444,657.19553,37,-0.12061,-0.29757,0.15444
20,0.89444,657.19553,38,-0.16919,-0.2914,0.14622
20,0.89444,657.19553,39,-0.11422,-0.29701,0.11712
20,0.89444,657.19553,40,-0.10779,-0.37754,0.11227
20,0.89444,657.19553,41,-0.04657,-0.25534,0.2022
20,0.89444,657.19553,42,-0.03835,-0.1616,0.24411
20,0.89444,657.19553,43,-0.01115,-0.14732,0.19554
20,0.89444,657.19553,44,-0.03473,-0.14657,0.18149
20,0.89444,657.19553,45,-0.0447,-0.19703,0.07999
20,0.89444,657.19553,46,-0.0585,-0.04747,0.17482
20,0.89444,657.19553,47,-0.0021,-0.05339,0.17053
20,0.89444,657.19553,48,0.0418,0.00969,0.22138
20,0.89444,657.19553,49,0.03,0.01412,0.16932
20,0.89444,657.19553,50,0.02936,-0.00147,0.09999
20,0.89444,657.19553,51,0.05725,0.05295,0.09151
20,0.89444,657.19553,52,-0.03378,0.12282,0.10462
20,0.89444,657.19553,53,-0.00491,0.16679,0.06627
20,0.89444,657.19553,54,0.01071,0.22913,0.13239
20,0.89444,657.19553,55,-0.00317,0.27382,0.08512
20,0.89444,657.19553,56,0.05646,0.32917,0.08162
20,0.89444,657.19553,57,0.03461,0.38943,0.10575
20,0.89444,657.19553,58,0.06507,0.3771,0.07936
20,0.89444,657.19553,59,0.03002,0.32194,0.14712
20,0.89444,657.19553,60,0.0822,0.39001,0.20273
20,0.89444,657.19553,61,0.064,0.39634,0.09957
20,0.89444,657.19553,62,0.04367,0.33598,0.14663
20,0.89444,657.19553,63,0.1064,0.35662,0.12538
20,0.89444,657.19553,64,0.17463,0.33586,0.08824
20,0.89444,657.19553,65,0.14065,0.39952,0.16357
20,0.89444,657.19553,66,0.1013,0.37368,0.11519
20,0.89444,657.19553,67,0.11619,0.31524,0.08862
20,0.89444,657.19553,68,0.12096,0.29835,0.10352
20,0.89444,657.19553,69,0.06424,0.21717,0.08119
20,0.89444,657.19553,70,0.03707,0.2676,0.0743
