particle,elasticity,weight,frame,x,y,z
1,0.87816,37.94418,1,-0.27325,0.38253,0.4932
1,0.87816,37.94418,2,-0.13465,0.33186,0.32788
1,0.87816,37.94418,3,0.00249,0.28173,0.1503
1,0.87816,37.94418,4,0.13942,0.22664,0.14635
1,0.87816,37.94418,5,0.27578,0.1693,0.22099
1,0.87816,37.94418,6,0.38902,0.11152,0.28299
1,0.87816,37.94418,7,0.32566,0.04699,0.34627
1,0.87816,37.94418,8,0.26267,-0.01716,0.39515
1,0.87816,37.94418,9,0.20003,-0.08097,0.42975
1,0.87816,37.94418,10,0.13771,-0.14445,0.45013
1,0.87816,37.94418,11,0.07571,-0.2076,0.45637
1,0.87816,37.94418,12,0.01402,-0.27044,0.44855
1,0.87816,37.94418,13,-0.04735,-0.33295,0.42674
1,0.87816,37.94418,14,-0.10806,-0.38698,0.39303
1,0.87816,37.94418,15,-0.16573,-0.37551,0.36151
1,0.87816,37.94418,16,-0.22316,-0.36409,0.3161
1,0.87816,37.94418,17,-0.28032,-0.35273,0.25685
1,0.87816,37.94418,18,-0.33719,-0.34142,0.18388
1,0.87816,37.94418,19,-0.38725,-0.32918,0.09856
1,0.87816,37.94418,20,-0.36468,-0.3125,0.12953
1,0.87816,37.94418,21,-0.34217,-0.29588,0.14636
1,0.87816,37.94418,22,-0.31973,-0.27929,0.1491
1,0.87816,37.94418,23,-0.29734,-0.26275,0.13779
1,0.87816,37.94418,24,-0.27502,-0.24626,0.11246
1,0.87816,37.94418,25,-0.25305,-0.23003,0.10379
1,0.87816,37.94418,26,-0.23132,-0.21398,0.10011
2,0.87816,37.94418,1,-0.27325,0.38253,0.4932
2,0.87816,37.94418,2,-0.13465,0.33186,0.32788
2,0.87816,37.94418,3,0.00249,0.28173,0.1503
2,0.87816,37.94418,4,0.13942,0.22664,0.14635
2,0.87816,37.94418,5,0.27578,0.1693,0.22099
2,0.87816,37.94418,6,0.38902,0.11152,0.28299
2,0.87816,37.94418,7,0.32566,0.04699,0.34627
2,0.87816,37.94418,8,0.26267,-0.01716,0.39515
2,0.87816,37.94418,9,0.20003,-0.08097,0.42975
2,0.87816,37.94418,10,0.13771,-0.14445,0.45013
2,0.87816,37.94418,11,0.07571,-0.2076,0.45637
2,0.87816,37.94418,12,0.01402,-0.27044,0.44855
2,0.87816,37.94418,13,-0.04735,-0.33295,0.42674
2,0.87816,37.94418,14,-0.10806,-0.38698,0.39303
2,0.87816,37.94418,15,-0.16573,-0.37551,0.36151
2,0.87816,37.94418,16,-0.22316,-0.36409,0.3161
2,0.87816,37.94418,17,-0.28032,-0.35273,0.25685
2,0.87816,37.94418,18,-0.33719,-0.34142,0.18388
2,0.87816,37.94418,19,-0.38725,-0.32918,0.09856
2,0.87816,37.94418,20,-0.36468,-0.3125,0.12953
2,0.87816,37.94418,21,-0.34217,-0.29588,0.14636
2,0.87816,37.94418,22,-0.31973,-0.27929,0.1491
2,0.87816,37.94418,23,-0.29734,-0.26275,0.13779
2,0.87816,37.94418,24,-0.27502,-0.24626,0.11246
2,0.87816,37.94418,25,-0.25305,-0.23003,0.10379
2,0.87816,37.94418,26,-0.23132,-0.21398,0.10011
3,0.87946,37.15775,1,-0.27308,0.38251,0.4932
3,0.87946,37.15775,2,-0.13432,0.33178,0.32789
3,0.87946,37.15775,3,0.00298,0.28157,0.15032
3,0.87946,37.15775,4,0.14003,0.22643,0.14644
3,0.87946,37.15775,5,0.2765,0.16904,0.22118
3,0.87946,37.15775,6,0.38975,0.1112,0.28327
3,0.87946,37.15775,7,0.32568,0.04662,0.34664
3,0.87946,37.15775,8,0.26198,-0.01758,0.39562
3,0.87946,37.15775,9,0.19863,-0.08144,0.43029
3,0.87946,37.15775,10,0.13561,-0.14496,0.45076
3,0.87946,37.15775,11,0.07291,-0.20816,0.45709
3,0.87946,37.15775,12,0.01053,-0.27104,0.44935
3,0.87946,37.15775,13,-0.05152,-0.3336,0.42763
3,0.87946,37.15775,14,-0.11287,-0.38697,0.39417
3,0.87946,37.15775,15,-0.17079,-0.36936,0.36423
3,0.87946,37.15775,16,-0.22846,-0.35182,0.32039
3,0.87946,37.15775,17,-0.28587,-0.33436,0.26271
3,0.87946,37.15775,18,-0.34299,-0.31699,0.1913
3,0.87946,37.15775,19,-0.38727,-0.29791,0.10879
3,0.87946,37.15775,20,-0.36894,-0.27616,0.12731
3,0.87946,37.15775,21,-0.34835,-0.25492,0.14492
3,0.87946,37.15775,22,-0.32781,-0.23373,0.14844
3,0.87946,37.15775,23,-0.30733,-0.21261,0.13791
3,0.87946,37.15775,24,-0.28691,-0.19154,0.11336
3,0.87946,37.15775,25,-0.26683,-0.17084,0.10061
3,0.87946,37.15775,26,-0.24702,-0.15041,0.09998
4,0.87948,37.2645,1,-0.27307,0.38251,0.4932
4,0.87948,37.2645,2,-0.13431,0.33178,0.32789
4,0.87948,37.2645,3,0.00299,0.28157,0.15032
4,0.87948,37.2645,4,0.14004,0.22643,0.14644
4,0.87948,37.2645,5,0.27651,0.16903,0.22118
4,0.87948,37.2645,6,0.38976,0.1112,0.28328
4,0.87948,37.2645,7,0.32568,0.04662,0.34665
4,0.87948,37.2645,8,0.26197,-0.01759,0.39562
4,0.87948,37.2645,9,0.19861,-0.08144,0.4303
4,0.87948,37.2645,10,0.13558,-0.14497,0.45077
4,0.87948,37.2645,11,0.07287,-0.20817,0.4571
4,0.87948,37.2645,12,0.01048,-0.27105,0.44937
4,0.87948,37.2645,13,-0.05158,-0.33361,0.42764
4,0.87948,37.2645,14,-0.11294,-0.38697,0.39418
4,0.87948,37.2645,15,-0.17087,-0.36926,0.36427
4,0.87948,37.2645,16,-0.22854,-0.35163,0.32045
4,0.87948,37.2645,17,-0.28595,-0.33408,0.2628
4,0.87948,37.2645,18,-0.34307,-0.31662,0.19141
4,0.87948,37.2645,19,-0.38718,-0.29742,0.10897
4,0.87948,37.2645,20,-0.36813,-0.2755,0.1273
4,0.87948,37.2645,21,-0.34683,-0.25411,0.14469
4,0.87948,37.2645,22,-0.32559,-0.23277,0.14798
4,0.87948,37.2645,23,-0.30441,-0.21149,0.13721
4,0.87948,37.2645,24,-0.28329,-0.19028,0.11244
4,0.87948,37.2645,25,-0.26252,-0.16941,0.10284
4,0.87948,37.2645,26,-0.24201,-0.14881,0.09999
5,0.96752,41.609,1,-0.26135,0.38144,0.49333
5,0.96752,41.609,2,-0.11174,0.32592,0.32857
5,0.96752,41.609,3,0.03624,0.27101,0.1516
5,0.96752,41.609,4,0.18171,0.21198,0.15252
5,0.96752,41.609,5,0.32543,0.15113,0.23406
5,0.96752,41.609,6,0.35609,0.08585,0.31007
5,0.96752,41.609,7,0.2973,0.01707,0.37886
5,0.96752,41.609,8,0.23884,-0.05131,0.43321
5,0.96752,41.609,9,0.18071,-0.11931,0.47324
5,0.96752,41.609,10,0.12289,-0.18695,0.49902
5,0.96752,41.609,11,0.06537,-0.25424,0.51064
5,0.96752,41.609,12,0.00814,-0.3212,0.50817
5,0.96752,41.609,13,-0.0488,-0.38781,0.49168
5,0.96752,41.609,14,-0.1036,-0.37542,0.47904
5,0.96752,41.609,15,-0.1582,-0.36308,0.45242
5,0.96752,41.609,16,-0.21257,-0.35079,0.41187
5,0.96752,41.609,17,-0.2667,-0.33856,0.35747
5,0.96752,41.609,18,-0.32057,-0.32638,0.28929
5,0.96752,41.609,19,-0.37416,-0.31427,0.20744
5,0.96752,41.609,20,-0.37385,-0.29594,0.12044
5,0.96752,41.609,21,-0.33532,-0.27819,0.13012
5,0.96752,41.609,22,-0.29366,-0.26154,0.15597
5,0.96752,41.609,23,-0.25215,-0.24495,0.1677
5,0.96752,41.609,24,-0.21078,-0.22842,0.16534
5,0.96752,41.609,25,-0.16954,-0.21193,0.14895
5,0.96752,41.609,26,-0.12844,-0.19551,0.11857
6,0.92004,36.07274,1,-0.26767,0.38202,0.49326
6,0.92004,36.07274,2,-0.12391,0.32908,0.32823
6,0.92004,36.07274,3,0.01831,0.2767,0.15096
6,0.92004,36.07274,4,0.15925,0.21976,0.14927
6,0.92004,36.07274,5,0.29907,0.16076,0.2271
6,0.92004,36.07274,6,0.37004,0.09942,0.29599
6,0.92004,36.07274,7,0.30549,0.03289,0.36176
6,0.92004,36.07274,8,0.24132,-0.03325,0.41312
6,0.92004,36.07274,9,0.17751,-0.09902,0.45016
6,0.92004,36.07274,10,0.11404,-0.16445,0.47298
6,0.92004,36.07274,11,0.05091,-0.22953,0.48164
6,0.92004,36.07274,12,-0.0119,-0.29428,0.47624
6,0.92004,36.07274,13,-0.07439,-0.3587,0.45683
6,0.92004,36.07274,14,-0.1348,-0.38476,0.43282
6,0.92004,36.07274,15,-0.19353,-0.38035,0.40234
6,0.92004,36.07274,16,-0.25201,-0.37596,0.35795
6,0.92004,36.07274,17,-0.31022,-0.37158,0.29973
6,0.92004,36.07274,18,-0.36815,-0.36723,0.22778
6,0.92004,36.07274,19,-0.38543,-0.35505,0.14849
6,0.92004,36.07274,20,-0.37407,-0.34051,0.11667
6,0.92004,36.07274,21,-0.35223,-0.32788,0.14327
6,0.92004,36.07274,22,-0.33044,-0.31529,0.15576
6,0.92004,36.07274,23,-0.30871,-0.30273,0.15416
6,0.92004,36.07274,24,-0.28704,-0.2902,0.13853
6,0.92004,36.07274,25,-0.26543,-0.27771,0.10889
6,0.92004,36.07274,26,-0.24417,-0.26542,0.10826
7,0.96752,41.609,1,-0.26135,0.38144,0.49333
7,0.96752,41.609,2,-0.11174,0.32592,0.32857
7,0.96752,41.609,3,0.03624,0.27101,0.1516
7,0.96752,41.609,4,0.18171,0.21198,0.15252
7,0.96752,41.609,5,0.32543,0.15113,0.23406
7,0.96752,41.609,6,0.35609,0.08585,0.31007
7,0.96752,41.609,7,0.2973,0.01707,0.37886
7,0.96752,41.609,8,0.23884,-0.05131,0.43321
7,0.96752,41.609,9,0.18071,-0.11931,0.47324
7,0.96752,41.609,10,0.12289,-0.18695,0.49902
7,0.96752,41.609,11,0.06537,-0.25424,0.51064
7,0.96752,41.609,12,0.00814,-0.3212,0.50817
7,0.96752,41.609,13,-0.0488,-0.38781,0.49168
7,0.96752,41.609,14,-0.1036,-0.37542,0.47904
7,0.96752,41.609,15,-0.1582,-0.36308,0.45242
7,0.96752,41.609,16,-0.21257,-0.35079,0.41187
7,0.96752,41.609,17,-0.2667,-0.33856,0.35747
7,0.96752,41.609,18,-0.32057,-0.32638,0.28929
7,0.96752,41.609,19,-0.37416,-0.31427,0.20744
7,0.96752,41.609,20,-0.37385,-0.29594,0.12044
7,0.96752,41.609,21,-0.33532,-0.27819,0.13012
7,0.96752,41.609,22,-0.29366,-0.26154,0.15597
7,0.96752,41.609,23,-0.25215,-0.24495,0.1677
7,0.96752,41.609,24,-0.21078,-0.22842,0.16534
7,0.96752,41.609,25,-0.16954,-0.21193,0.14895
7,0.96752,41.609,26,-0.12844,-0.19551,0.11857
8,0.87946,37.15775,1,-0.27308,0.38251,0.4932
8,0.87946,37.15775,2,-0.13432,0.33178,0.32789
8,0.87946,37.15775,3,0.00298,0.28157,0.15032
8,0.87946,37.15775,4,0.14003,0.22643,0.14644
8,0.87946,37.15775,5,0.2765,0.16904,0.22118
8,0.87946,37.15775,6,0.38975,0.1112,0.28327
8,0.87946,37.15775,7,0.32568,0.04662,0.34664
8,0.87946,37.15775,8,0.26198,-0.01758,0.39562
8,0.87946,37.15775,9,0.19863,-0.08144,0.43029
8,0.87946,37.15775,10,0.13561,-0.14496,0.45076
8,0.87946,37.15775,11,0.07291,-0.20816,0.45709
8,0.87946,37.15775,12,0.01053,-0.27104,0.44935
8,0.87946,37.15775,13,-0.05152,-0.3336,0.42763
8,0.87946,37.15775,14,-0.11287,-0.38697,0.39417
8,0.87946,37.15775,15,-0.17079,-0.36936,0.36423
8,0.87946,37.15775,16,-0.22846,-0.35182,0.32039
8,0.87946,37.15775,17,-0.28587,-0.33436,0.26271
8,0.87946,37.15775,18,-0.34299,-0.31699,0.1913
8,0.87946,37.15775,19,-0.38727,-0.29791,0.10879
8,0.87946,37.15775,20,-0.36894,-0.27616,0.12731
8,0.87946,37.15775,21,-0.34835,-0.25492,0.14492
8,0.87946,37.15775,22,-0.32781,-0.23373,0.14844
8,0.87946,37.15775,23,-0.30733,-0.21261,0.13791
8,0.87946,37.15775,24,-0.28691,-0.19154,0.11336
8,0.87946,37.15775,25,-0.26683,-0.17084,0.10061
8,0.87946,37.15775,26,-0.24702,-0.15041,0.09998
9,0.87948,37.2645,1,-0.27307,0.38251,0.4932
9,0.87948,37.2645,2,-0.13431,0.33178,0.32789
9,0.87948,37.2645,3,0.00299,0.28157,0.15032
9,0.87948,37.2645,4,0.14004,0.22643,0.14644
9,0.87948,37.2645,5,0.27651,0.16903,0.22118
9,0.87948,37.2645,6,0.38976,0.1112,0.28328
9,0.87948,37.2645,7,0.32568,0.04662,0.34665
9,0.87948,37.2645,8,0.26197,-0.01759,0.39562
9,0.87948,37.2645,9,0.19861,-0.08144,0.4303
9,0.87948,37.2645,10,0.13558,-0.14497,0.45077
9,0.87948,37.2645,11,0.07287,-0.20817,0.4571
9,0.87948,37.2645,12,0.01048,-0.27105,0.44937
9,0.87948,37.2645,13,-0.05158,-0.33361,0.42764
9,0.87948,37.2645,14,-0.11294,-0.38697,0.39418
9,0.87948,37.2645,15,-0.17087,-0.36926,0.36427
9,0.87948,37.2645,16,-0.22854,-0.35163,0.32045
9,0.87948,37.2645,17,-0.28595,-0.33408,0.2628
9,0.87948,37.2645,18,-0.34307,-0.31662,0.19141
9,0.87948,37.2645,19,-0.38718,-0.29742,0.10897
9,0.87948,37.2645,20,-0.36813,-0.2755,0.1273
9,0.87948,37.2645,21,-0.34683,-0.25411,0.14469
9,0.87948,37.2645,22,-0.32559,-0.23277,0.14798
9,0.87948,37.2645,23,-0.30441,-0.21149,0.13721
9,0.87948,37.2645,24,-0.28329,-0.19028,0.11244
9,0.87948,37.2645,25,-0.26252,-0.16941,0.10284
9,0.87948,37.2645,26,-0.24201,-0.14881,0.09999
10,0.9449,36.48676,1,-0.26436,0.38171,0.4933
10,0.9449,36.48676,2,-0.11754,0.32743,0.32842
10,0.9449,36.48676,3,0.0277,0.27372,0.15131
10,0.9449,36.48676,4,0.17102,0.21568,0.15098
10,0.9449,36.48676,5,0.31288,0.15571,0.23074
10,0.9449,36.48676,6,0.36132,0.09238,0.30329
10,0.9449,36.48676,7,0.29445,0.02468,0.37063
10,0.9449,36.48676,8,0.22797,-0.0426,0.42354
10,0.9449,36.48676,9,0.16187,-0.1095,0.46212
10,0.9449,36.48676,10,0.09613,-0.17605,0.48645
10,0.9449,36.48676,11,0.03075,-0.24224,0.49663
10,0.9449,36.48676,12,-0.03429,-0.30808,0.49273
10,0.9449,36.48676,13,-0.099,-0.37358,0.47482
10,0.9449,36.48676,14,-0.16008,-0.37753,0.45768
10,0.9449,36.48676,15,-0.21996,-0.364,0.43078
10,0.9449,36.48676,16,-0.27958,-0.35053,0.38996
10,0.9449,36.48676,17,-0.33893,-0.33711,0.33529
10,0.9449,36.48676,18,-0.38823,-0.32255,0.26764
10,0.9449,36.48676,19,-0.35944,-0.29836,0.19248
10,0.9449,36.48676,20,-0.33079,-0.27428,0.10367
10,0.9449,36.48676,21,-0.29348,-0.25441,0.13362
10,0.9449,36.48676,22,-0.25522,-0.23513,0.16593
10,0.9449,36.48676,23,-0.2171,-0.21592,0.18409
10,0.9449,36.48676,24,-0.1791,-0.19677,0.18814
10,0.9449,36.48676,25,-0.14122,-0.17768,0.17814
10,0.9449,36.48676,26,-0.10347,-0.15865,0.15413
11,0.87948,37.2645,1,-0.27307,0.38251,0.4932
11,0.87948,37.2645,2,-0.13431,0.33178,0.32789
11,0.87948,37.2645,3,0.00299,0.28157,0.15032
11,0.87948,37.2645,4,0.14004,0.22643,0.14644
11,0.87948,37.2645,5,0.27651,0.16903,0.22118
11,0.87948,37.2645,6,0.38976,0.1112,0.28328
11,0.87948,37.2645,7,0.32568,0.04662,0.34665
11,0.87948,37.2645,8,0.26197,-0.01759,0.39562
11,0.87948,37.2645,9,0.19861,-0.08144,0.4303
11,0.87948,37.2645,10,0.13558,-0.14497,0.45077
11,0.87948,37.2645,11,0.07287,-0.20817,0.4571
11,0.87948,37.2645,12,0.01048,-0.27105,0.44937
11,0.87948,37.2645,13,-0.05158,-0.33361,0.42764
11,0.87948,37.2645,14,-0.11294,-0.38697,0.39418
11,0.87948,37.2645,15,-0.17087,-0.36926,0.36427
11,0.87948,37.2645,16,-0.22854,-0.35163,0.32045
11,0.87948,37.2645,17,-0.28595,-0.33408,0.2628
11,0.87948,37.2645,18,-0.34307,-0.31662,0.19141
11,0.87948,37.2645,19,-0.38718,-0.29742,0.10897
11,0.87948,37.2645,20,-0.36813,-0.2755,0.1273
11,0.87948,37.2645,21,-0.34683,-0.25411,0.14469
11,0.87948,37.2645,22,-0.32559,-0.23277,0.14798
11,0.87948,37.2645,23,-0.30441,-0.21149,0.13721
11,0.87948,37.2645,24,-0.28329,-0.19028,0.11244
11,0.87948,37.2645,25,-0.26252,-0.16941,0.10284
11,0.87948,37.2645,26,-0.24201,-0.14881,0.09999
12,0.96752,41.609,1,-0.26135,0.38144,0.49333
12,0.96752,41.609,2,-0.11174,0.32592,0.32857
12,0.96752,41.609,3,0.03624,0.27101,0.1516
12,0.96752,41.609,4,0.18171,0.21198,0.15252
12,0.96752,41.609,5,0.32543,0.15113,0.23406
12,0.96752,41.609,6,0.35609,0.08585,0.31007
12,0.96752,41.609,7,0.2973,0.01707,0.37886
12,0.96752,41.609,8,0.23884,-0.05131,0.43321
12,0.96752,41.609,9,0.18071,-0.11931,0.47324
12,0.96752,41.609,10,0.12289,-0.18695,0.49902
12,0.96752,41.609,11,0.06537,-0.25424,0.51064
12,0.96752,41.609,12,0.00814,-0.3212,0.50817
12,0.96752,41.609,13,-0.0488,-0.38781,0.49168
12,0.96752,41.609,14,-0.1036,-0.37542,0.47904
12,0.96752,41.609,15,-0.1582,-0.36308,0.45242
12,0.96752,41.609,16,-0.21257,-0.35079,0.41187
12,0.96752,41.609,17,-0.2667,-0.33856,0.35747
12,0.96752,41.609,18,-0.32057,-0.32638,0.28929
12,0.96752,41.609,19,-0.37416,-0.31427,0.20744
12,0.96752,41.609,20,-0.37385,-0.29594,0.12044
12,0.96752,41.609,21,-0.33532,-0.27819,0.13012
12,0.96752,41.609,22,-0.29366,-0.26154,0.15597
12,0.96752,41.609,23,-0.25215,-0.24495,0.1677
12,0.96752,41.609,24,-0.21078,-0.22842,0.16534
12,0.96752,41.609,25,-0.16954,-0.21193,0.14895
12,0.96752,41.609,26,-0.12844,-0.19551,0.11857
13,0.96752,41.609,1,-0.26135,0.38144,0.49333
13,0.96752,41.609,2,-0.11174,0.32592,0.32857
13,0.96752,41.609,3,0.03624,0.27101,0.1516
13,0.96752,41.609,4,0.18171,0.21198,0.15252
13,0.96752,41.609,5,0.32543,0.15113,0.23406
13,0.96752,41.609,6,0.35609,0.08585,0.31007
13,0.96752,41.609,7,0.2973,0.01707,0.37886
13,0.96752,41.609,8,0.23884,-0.05131,0.43321
13,0.96752,41.609,9,0.18071,-0.11931,0.47324
13,0.96752,41.609,10,0.12289,-0.18695,0.49902
13,0.96752,41.609,11,0.06537,-0.25424,0.51064
13,0.96752,41.609,12,0.00814,-0.3212,0.50817
13,0.96752,41.609,13,-0.0488,-0.38781,0.49168
13,0.96752,41.609,14,-0.1036,-0.37542,0.47904
13,0.96752,41.609,15,-0.1582,-0.36308,0.45242
13,0.96752,41.609,16,-0.21257,-0.35079,0.41187
13,0.96752,41.609,17,-0.2667,-0.33856,0.35747
13,0.96752,41.609,18,-0.32057,-0.32638,0.28929
13,0.96752,41.609,19,-0.37416,-0.31427,0.20744
13,0.96752,41.609,20,-0.37385,-0.29594,0.12044
13,0.96752,41.609,21,-0.33532,-0.27819,0.13012
13,0.96752,41.609,22,-0.29366,-0.26154,0.15597
13,0.96752,41.609,23,-0.25215,-0.24495,0.1677
13,0.96752,41.609,24,-0.21078,-0.22842,0.16534
13,0.96752,41.609,25,-0.16954,-0.21193,0.14895
13,0.96752,41.609,26,-0.12844,-0.19551,0.11857
14,0.8372,32.15764,1,-0.27871,0.38303,0.49312
14,0.8372,32.15764,2,-0.14517,0.33459,0.32748
14,0.8372,32.15764,3,-0.01301,0.28665,0.14956
14,0.8372,32.15764,4,0.11998,0.2334,0.14344
14,0.8372,32.15764,5,0.25295,0.17771,0.21504
14,0.8372,32.15764,6,0.38489,0.12245,0.27206
14,0.8372,32.15764,7,0.3447,0.06073,0.33096
14,0.8372,32.15764,8,0.28338,-0.00149,0.37753
14,0.8372,32.15764,9,0.22239,-0.06338,0.40982
14,0.8372,32.15764,10,0.16172,-0.12496,0.42792
14,0.8372,32.15764,11,0.10134,-0.18623,0.4319
14,0.8372,32.15764,12,0.04127,-0.2472,0.42183
14,0.8372,32.15764,13,-0.0185,-0.30787,0.39777
14,0.8372,32.15764,14,-0.07797,-0.36822,0.35981
14,0.8372,32.15764,15,-0.13542,-0.38192,0.31946
14,0.8372,32.15764,16,-0.19174,-0.37244,0.27098
14,0.8372,32.15764,17,-0.2478,-0.363,0.20869
14,0.8372,32.15764,18,-0.30358,-0.35361,0.13268
14,0.8372,32.15764,19,-0.34342,-0.34456,0.1158
14,0.8372,32.15764,20,-0.37062,-0.33578,0.14307
14,0.8372,32.15764,21,-0.38883,-0.32499,0.15712
14,0.8372,32.15764,22,-0.38924,-0.31017,0.15889
14,0.8372,32.15764,23,-0.38964,-0.29538,0.14661
14,0.8372,32.15764,24,-0.39001,-0.28063,0.12033
14,0.8372,32.15764,25,-0.39001,-0.26638,0.10653
14,0.8372,32.15764,26,-0.39001,-0.25278,0.11165
15,0.96752,41.609,1,-0.26135,0.38144,0.49333
15,0.96752,41.609,2,-0.11174,0.32592,0.32857
15,0.96752,41.609,3,0.03624,0.27101,0.1516
15,0.96752,41.609,4,0.18171,0.21198,0.15252
15,0.96752,41.609,5,0.32543,0.15113,0.23406
15,0.96752,41.609,6,0.35609,0.08585,0.31007
15,0.96752,41.609,7,0.2973,0.01707,0.37886
15,0.96752,41.609,8,0.23884,-0.05131,0.43321
15,0.96752,41.609,9,0.18071,-0.11931,0.47324
15,0.96752,41.609,10,0.12289,-0.18695,0.49902
15,0.96752,41.609,11,0.06537,-0.25424,0.51064
15,0.96752,41.609,12,0.00814,-0.3212,0.50817
15,0.96752,41.609,13,-0.0488,-0.38781,0.49168
15,0.96752,41.609,14,-0.1036,-0.37542,0.47904
15,0.96752,41.609,15,-0.1582,-0.36308,0.45242
15,0.96752,41.609,16,-0.21257,-0.35079,0.41187
15,0.96752,41.609,17,-0.2667,-0.33856,0.35747
15,0.96752,41.609,18,-0.32057,-0.32638,0.28929
15,0.96752,41.609,19,-0.37416,-0.31427,0.20744
15,0.96752,41.609,20,-0.37385,-0.29594,0.12044
15,0.96752,41.609,21,-0.33532,-0.27819,0.13012
15,0.96752,41.609,22,-0.29366,-0.26154,0.15597
15,0.96752,41.609,23,-0.25215,-0.24495,0.1677
15,0.96752,41.609,24,-0.21078,-0.22842,0.16534
15,0.96752,41.609,25,-0.16954,-0.21193,0.14895
15,0.96752,41.609,26,-0.12844,-0.19551,0.11857
16,0.96752,41.609,1,-0.26135,0.38144,0.49333
16,0.96752,41.609,2,-0.11174,0.32592,0.32857
16,0.96752,41.609,3,0.03624,0.27101,0.1516
16,0.96752,41.609,4,0.18171,0.21198,0.15252
16,0.96752,41.609,5,0.32543,0.15113,0.23406
16,0.96752,41.609,6,0.35609,0.08585,0.31007
16,0.96752,41.609,7,0.2973,0.01707,0.37886
16,0.96752,41.609,8,0.23884,-0.05131,0.43321
16,0.96752,41.609,9,0.18071,-0.11931,0.47324
16,0.96752,41.609,10,0.12289,-0.18695,0.49902
16,0.96752,41.609,11,0.06537,-0.25424,0.51064
16,0.96752,41.609,12,0.00814,-0.3212,0.50817
16,0.96752,41.609,13,-0.0488,-0.38781,0.49168
16,0.96752,41.609,14,-0.1036,-0.37542,0.47904
16,0.96752,41.609,15,-0.1582,-0.36308,0.45242
16,0.96752,41.609,16,-0.21257,-0.35079,0.41187
16,0.96752,41.609,17,-0.2667,-0.33856,0.35747
16,0.96752,41.609,18,-0.32057,-0.32638,0.28929
16,0.96752,41.609,19,-0.37416,-0.31427,0.20744
16,0.96752,41.609,20,-0.37385,-0.29594,0.12044
16,0.96752,41.609,21,-0.33532,-0.27819,0.13012
16,0.96752,41.609,22,-0.29366,-0.26154,0.15597
16,0.96752,41.609,23,-0.25215,-0.24495,0.1677
16,0.96752,41.609,24,-0.21078,-0.22842,0.16534
16,0.96752,41.609,25,-0.16954,-0.21193,0.14895
16,0.96752,41.609,26,-0.12844,-0.19551,0.11857
17,0.96752,41.609,1,-0.26135,0.38144,0.49333
17,0.96752,41.609,2,-0.11174,0.32592,0.32857
17,0.96752,41.609,3,0.03624,0.27101,0.1516
17,0.96752,41.609,4,0.18171,0.21198,0.15252
17,0.96752,41.609,5,0.32543,0.15113,0.23406
17,0.96752,41.609,6,0.35609,0.08585,0.31007
17,0.96752,41.609,7,0.2973,0.01707,0.37886
17,0.96752,41.609,8,0.23884,-0.05131,0.43321
17,0.96752,41.609,9,0.18071,-0.11931,0.47324
17,0.96752,41.609,10,0.12289,-0.18695,0.49902
17,0.96752,41.609,11,0.06537,-0.25424,0.51064
17,0.96752,41.609,12,0.00814,-0.3212,0.50817
17,0.96752,41.609,13,-0.0488,-0.38781,0.49168
17,0.96752,41.609,14,-0.1036,-0.37542,0.47904
17,0.96752,41.609,15,-0.1582,-0.36308,0.45242
17,0.96752,41.609,16,-0.21257,-0.35079,0.41187
17,0.96752,41.609,17,-0.2667,-0.33856,0.35747
17,0.96752,41.609,18,-0.32057,-0.32638,0.28929
17,0.96752,41.609,19,-0.37416,-0.31427,0.20744
17,0.96752,41.609,20,-0.37385,-0.29594,0.12044
17,0.96752,41.609,21,-0.33532,-0.27819,0.13012
17,0.96752,41.609,22,-0.29366,-0.26154,0.15597
17,0.96752,41.609,23,-0.25215,-0.24495,0.1677
17,0.96752,41.609,24,-0.21078,-0.22842,0.16534
17,0.96752,41.609,25,-0.16954,-0.21193,0.14895
17,0.96752,41.609,26,-0.12844,-0.19551,0.11857
18,0.96752,41.609,1,-0.26135,0.38144,0.49333
18,0.96752,41.609,2,-0.11174,0.32592,0.32857
18,0.96752,41.609,3,0.03624,0.27101,0.1516
18,0.96752,41.609,4,0.18171,0.21198,0.15252
18,0.96752,41.609,5,0.32543,0.15113,0.23406
18,0.96752,41.609,6,0.35609,0.08585,0.31007
18,0.96752,41.609,7,0.2973,0.01707,0.37886
18,0.96752,41.609,8,0.23884,-0.05131,0.43321
18,0.96752,41.609,9,0.18071,-0.11931,0.47324
18,0.96752,41.609,10,0.12289,-0.18695,0.49902
18,0.96752,41.609,11,0.06537,-0.25424,0.51064
18,0.96752,41.609,12,0.00814,-0.3212,0.50817
18,0.96752,41.609,13,-0.0488,-0.38781,0.49168
18,0.96752,41.609,14,-0.1036,-0.37542,0.47904
18,0.96752,41.609,15,-0.1582,-0.36308,0.45242
18,0.96752,41.609,16,-0.21257,-0.35079,0.41187
18,0.96752,41.609,17,-0.2667,-0.33856,0.35747
18,0.96752,41.609,18,-0.32057,-0.32638,0.28929
18,0.96752,41.609,19,-0.37416,-0.31427,0.20744
18,0.96752,41.609,20,-0.37385,-0.29594,0.12044
18,0.96752,41.609,21,-0.33532,-0.27819,0.13012
18,0.96752,41.609,22,-0.29366,-0.26154,0.15597
18,0.96752,41.609,23,-0.25215,-0.24495,0.1677
18,0.96752,41.609,24,-0.21078,-0.22842,0.16534
18,0.96752,41.609,25,-0.16954,-0.21193,0.14895
18,0.96752,41.609,26,-0.12844,-0.19551,0.11857
19,0.88008,39.08864,1,-0.27299,0.3825,0.4932
19,0.88008,39.08864,2,-0.13416,0.33174,0.3279
19,0.88008,39.08864,3,0.00321,0.2815,0.15033
19,0.88008,39.08864,4,0.14033,0.22633,0.14649
19,0.88008,39.08864,5,0.27685,0.16891,0.22127
19,0.88008,39.08864,6,0.39011,0.11105,0.28341
19,0.88008,39.08864,7,0.32569,0.04644,0.34682
19,0.88008,39.08864,8,0.26165,-0.01778,0.39584
19,0.88008,39.08864,9,0.19796,-0.08166,0.43056
19,0.88008,39.08864,10,0.1346,-0.14521,0.45106
19,0.88008,39.08864,11,0.07157,-0.20843,0.45743
19,0.88008,39.08864,12,0.00886,-0.27133,0.44974
19,0.88008,39.08864,13,-0.05353,-0.33391,0.42806
19,0.88008,39.08864,14,-0.11518,-0.38697,0.39471
19,0.88008,39.08864,15,-0.17321,-0.3664,0.36553
19,0.88008,39.08864,16,-0.23099,-0.34592,0.32245
19,0.88008,39.08864,17,-0.28851,-0.32553,0.26552
19,0.88008,39.08864,18,-0.34574,-0.30524,0.19486
19,0.88008,39.08864,19,-0.38448,-0.28324,0.11332
19,0.88008,39.08864,20,-0.34838,-0.25839,0.12254
19,0.88008,39.08864,21,-0.30925,-0.23461,0.14471
19,0.88008,39.08864,22,-0.27024,-0.21092,0.15276
19,0.88008,39.08864,23,-0.23137,-0.18731,0.14674
19,0.88008,39.08864,24,-0.19263,-0.16378,0.1267
19,0.88008,39.08864,25,-0.15426,-0.14047,0.10212
19,0.88008,39.08864,26,-0.11691,-0.11779,0.10072
20,0.88008,39.08864,1,-0.27299,0.3825,0.4932
20,0.88008,39.08864,2,-0.13416,0.33174,0.3279
20,0.88008,39.08864,3,0.00321,0.2815,0.15033
20,0.88008,39.08864,4,0.14033,0.22633,0.14649
20,0.88008,39.08864,5,0.27685,0.16891,0.22127
20,0.88008,39.08864,6,0.39011,0.11105,0.28341
20,0.88008,39.08864,7,0.32569,0.04644,0.34682
20,0.88008,39.08864,8,0.26165,-0.01778,0.39584
20,0.88008,39.08864,9,0.19796,-0.08166,0.43056
20,0.88008,39.08864,10,0.1346,-0.14521,0.45106
20,0.88008,39.08864,11,0.07157,-0.20843,0.45743
20,0.88008,39.08864,12,0.00886,-0.27133,0.44974
20,0.88008,39.08864,13,-0.05353,-0.33391,0.42806
20,0.88008,39.08864,14,-0.11518,-0.38697,0.39471
20,0.88008,39.08864,15,-0.17321,-0.3664,0.36553
20,0.88008,39.08864,16,-0.23099,-0.34592,0.32245
20,0.88008,39.08864,17,-0.28851,-0.32553,0.26552
20,0.88008,39.08864,18,-0.34574,-0.30524,0.19486
20,0.88008,39.08864,19,-0.38448,-0.28324,0.11332
20,0.88008,39.08864,20,-0.34838,-0.25839,0.12254
20,0.88008,39.08864,21,-0.30925,-0.23461,0.14471
20,0.88008,39.08864,22,-0.27024,-0.21092,0.15276
20,0.88008,39.08864,23,-0.23137,-0.18731,0.14674
20,0.88008,39.08864,24,-0.19263,-0.16378,0.1267
20,0.88008,39.08864,25,-0.15426,-0.14047,0.10212
20,0.88008,39.08864,26,-0.11691,-0.11779,0.10072
