particle,elasticity,weight,frame,x,y,z
1,0.0068,354.02456,1,0.00443,0.21302,0.44385
1,0.0068,354.02456,2,-0.03763,0.2586,0.49227
1,0.0068,354.02456,3,-0.07951,0.30398,0.52644
1,0.0068,354.02456,4,-0.12121,0.34917,0.54642
1,0.0068,354.02456,5,-0.1617,0.38999,0.5523
1,0.0068,354.02456,6,-0.19193,0.39001,0.54456
1,0.0068,354.02456,7,-0.22207,0.39001,0.52279
1,0.0068,354.02456,8,-0.25211,0.39001,0.48705
1,0.0068,354.02456,9,-0.28205,0.39001,0.43739
1,0.0068,354.02456,10,-0.31186,0.39001,0.3739
1,0.0068,354.02456,11,-0.34154,0.39001,0.29667
1,0.0068,354.02456,12,-0.37108,0.39001,0.20579
1,0.0068,354.02456,13,-0.39,0.3894,0.10393
1,0.0068,354.02456,14,-0.38552,0.38788,0.09606
1,0.0068,354.02456,15,-0.3805,0.3864,0.09813
1,0.0068,354.02456,16,-0.3755,0.38491,0.09911
1,0.0068,354.02456,17,-0.37052,0.38344,0.09957
1,0.0068,354.02456,18,-0.36556,0.38197,0.09979
1,0.0068,354.02456,19,-0.36062,0.3805,0.09989
1,0.0068,354.02456,20,-0.3557,0.37904,0.09994
1,0.0068,354.02456,21,-0.3508,0.37759,0.09996
1,0.0068,354.02456,22,-0.34592,0.37614,0.09998
1,0.0068,354.02456,23,-0.34106,0.3747,0.09998
1,0.0068,354.02456,24,-0.33622,0.37326,0.09998
1,0.0068,354.02456,25,-0.33139,0.37183,0.09998
1,0.0068,354.02456,26,-0.32659,0.37041,0.09998
1,0.0068,354.02456,27,-0.3218,0.36899,0.09998
1,0.0068,354.02456,28,-0.31703,0.36757,0.09998
1,0.0068,354.02456,29,-0.31228,0.36616,0.09998
1,0.0068,354.02456,30,-0.30755,0.36476,0.09998
1,0.0068,354.02456,31,-0.30284,0.36336,0.09998
1,0.0068,354.02456,32,-0.29814,0.36197,0.09998
1,0.0068,354.02456,33,-0.29346,0.36058,0.09998
1,0.0068,354.02456,34,-0.2888,0.3592,0.09998
1,0.0068,354.02456,35,-0.28415,0.35782,0.09998
1,0.0068,354.02456,36,-0.27952,0.35645,0.09998
1,0.0068,354.02456,37,-0.27491,0.35508,0.09998
1,0.0068,354.02456,38,-0.27032,0.35372,0.09998
1,0.0068,354.02456,39,-0.26574,0.35236,0.09998
1,0.0068,354.02456,40,-0.26118,0.35101,0.09998
1,0.0068,354.02456,41,-0.25664,0.34966,0.09998
1,0.0068,354.02456,42,-0.25211,0.34832,0.09998
1,0.0068,354.02456,43,-0.24759,0.34698,0.09998
1,0.0068,354.02456,44,-0.2431,0.34565,0.09998
1,0.0068,354.02456,45,-0.23862,0.34432,0.09998
1,0.0068,354.02456,46,-0.23415,0.343,0.09998
1,0.0068,354.02456,47,-0.2297,0.34168,0.09998
1,0.0068,354.02456,48,-0.22527,0.34036,0.09998
1,0.0068,354.02456,49,-0.22085,0.33905,0.09998
1,0.0068,354.02456,50,-0.21645,0.33775,0.09998
1,0.0068,354.02456,51,-0.21206,0.33644,0.09998
1,0.0068,354.02456,52,-0.20769,0.33515,0.09998
1,0.0068,354.02456,53,-0.20333,0.33385,0.09998
1,0.0068,354.02456,54,-0.19899,0.33257,0.09998
1,0.0068,354.02456,55,-0.19466,0.33128,0.09998
1,0.0068,354.02456,56,-0.19035,0.33,0.09998
1,0.0068,354.02456,57,-0.18605,0.32873,0.09998
1,0.0068,354.02456,58,-0.18176,0.32746,0.09998
1,0.0068,354.02456,59,-0.17749,0.32619,0.09998
1,0.0068,354.02456,60,-0.17323,0.32493,0.09998
1,0.0068,354.02456,61,-0.16899,0.32367,0.09998
1,0.0068,354.02456,62,-0.16476,0.32242,0.09998
1,0.0068,354.02456,63,-0.16055,0.32117,0.09998
1,0.0068,354.02456,64,-0.15635,0.31992,0.09998
1,0.0068,354.02456,65,-0.15216,0.31868,0.09998
1,0.0068,354.02456,66,-0.14799,0.31744,0.09998
1,0.0068,354.02456,67,-0.14383,0.31621,0.09998
1,0.0068,354.02456,68,-0.13968,0.31498,0.09998
1,0.0068,354.02456,69,-0.13555,0.31375,0.09998
1,0.0068,354.02456,70,-0.13143,0.31253,0.09998
1,0.0068,354.02456,71,-0.12732,0.31131,0.09998
1,0.0068,354.02456,72,-0.12323,0.3101,0.09998
1,0.0068,354.02456,73,-0.11915,0.30889,0.09998
1,0.0068,354.02456,74,-0.11508,0.30768,0.09998
1,0.0068,354.02456,75,-0.11103,0.30648,0.09998
1,0.0068,354.02456,76,-0.10698,0.30528,0.09998
1,0.0068,354.02456,77,-0.10295,0.30409,0.09998
1,0.0068,354.02456,78,-0.09894,0.3029,0.09998
1,0.0068,354.02456,79,-0.09493,0.30171,0.09998
1,0.0068,354.02456,80,-0.09094,0.30053,0.09998
1,0.0068,354.02456,81,-0.08696,0.29935,0.09998
1,0.0068,354.02456,82,-0.08299,0.29817,0.09998
1,0.0068,354.02456,83,-0.07904,0.297,0.09998
1,0.0068,354.02456,84,-0.0751,0.29583,0.09998
1,0.0068,354.02456,85,-0.07117,0.29466,0.09998
1,0.0068,354.02456,86,-0.06725,0.2935,0.09998
1,0.0068,354.02456,87,-0.06334,0.29234,0.09998
1,0.0068,354.02456,88,-0.05944,0.29118,0.09998
1,0.0068,354.02456,89,-0.05556,0.29003,0.09998
1,0.0068,354.02456,90,-0.05169,0.28888,0.09998
1,0.0068,354.02456,91,-0.04783,0.28774,0.09998
1,0.0068,354.02456,92,-0.04398,0.2866,0.09998
1,0.0068,354.02456,93,-0.04014,0.28546,0.09998
1,0.0068,354.02456,94,-0.03632,0.28433,0.09998
1,0.0068,354.02456,95,-0.0325,0.28319,0.09998
1,0.0068,354.02456,96,-0.0287,0.28207,0.09998
1,0.0068,354.02456,97,-0.02491,0.28094,0.09998
1,0.0068,354.02456,98,-0.02113,0.27982,0.09998
1,0.0068,354.02456,99,-0.01736,0.2787,0.09998
1,0.0068,354.02456,100,-0.0136,0.27759,0.09998
1,0.0068,354.02456,101,-0.00985,0.27648,0.09998
1,0.0068,354.02456,102,-0.00611,0.27537,0.09998
1,0.0068,354.02456,103,-0.00239,0.27426,0.09998
1,0.0068,354.02456,104,0.00132,0.27316,0.09998
1,0.0068,354.02456,105,0.00502,0.27206,0.09998
1,0.0068,354.02456,106,0.00872,0.27097,0.09998
1,0.0068,354.02456,107,0.0124,0.26988,0.09998
1,0.0068,354.02456,108,0.01607,0.26879,0.09998
1,0.0068,354.02456,109,0.01973,0.2677,0.09998
1,0.0068,354.02456,110,0.02339,0.26662,0.09998
1,0.0068,354.02456,111,0.02703,0.26554,0.09998
1,0.0068,354.02456,112,0.03066,0.26446,0.09998
1,0.0068,354.02456,113,0.03428,0.26339,0.09998
1,0.0068,354.02456,114,0.03789,0.26232,0.09998
1,0.0068,354.02456,115,0.04149,0.26125,0.09998
1,0.0068,354.02456,116,0.04508,0.26018,0.09998
1,0.0068,354.02456,117,0.04866,0.25912,0.09998
1,0.0068,354.02456,118,0.05223,0.25806,0.09998
1,0.0068,354.02456,119,0.05579,0.25701,0.09998
1,0.0068,354.02456,120,0.05934,0.25596,0.09998
2,0.48634,336.04228,1,0.00443,0.21302,0.44385
2,0.48634,336.04228,2,-0.03763,0.2586,0.49227
2,0.48634,336.04228,3,-0.07951,0.30398,0.52644
2,0.48634,336.04228,4,-0.12121,0.34917,0.54642
2,0.48634,336.04228,5,-0.16143,0.38879,0.55231
2,0.48634,336.04228,6,-0.191,0.38528,0.54422
2,0.48634,336.04228,7,-0.22049,0.38177,0.52212
2,0.48634,336.04228,8,-0.24988,0.37827,0.48604
2,0.48634,336.04228,9,-0.27917,0.37479,0.43606
2,0.48634,336.04228,10,-0.30834,0.37132,0.37223
2,0.48634,336.04228,11,-0.33738,0.36787,0.29467
2,0.48634,336.04228,12,-0.36627,0.36444,0.20346
2,0.48634,336.04228,13,-0.38982,0.36075,0.1
2,0.48634,336.04228,14,-0.38958,0.35738,0.11948
2,0.48634,336.04228,15,-0.38934,0.35401,0.12486
2,0.48634,336.04228,16,-0.3891,0.35066,0.11619
2,0.48634,336.04228,17,-0.38886,0.34732,0.10013
2,0.48634,336.04228,18,-0.38862,0.34401,0.09999
2,0.48634,336.04228,19,-0.38839,0.34072,0.09999
2,0.48634,336.04228,20,-0.38815,0.33744,0.09998
2,0.48634,336.04228,21,-0.38792,0.33417,0.09998
2,0.48634,336.04228,22,-0.38768,0.33092,0.09998
2,0.48634,336.04228,23,-0.38745,0.32768,0.09998
2,0.48634,336.04228,24,-0.38722,0.32445,0.09998
2,0.48634,336.04228,25,-0.38699,0.32124,0.09998
2,0.48634,336.04228,26,-0.38676,0.31804,0.09998
2,0.48634,336.04228,27,-0.38653,0.31485,0.09998
2,0.48634,336.04228,28,-0.3863,0.31167,0.09998
2,0.48634,336.04228,29,-0.38607,0.30851,0.09998
2,0.48634,336.04228,30,-0.38585,0.30536,0.09998
2,0.48634,336.04228,31,-0.38562,0.30222,0.09998
2,0.48634,336.04228,32,-0.3854,0.2991,0.09998
2,0.48634,336.04228,33,-0.38517,0.29598,0.09998
2,0.48634,336.04228,34,-0.38495,0.29288,0.09998
2,0.48634,336.04228,35,-0.38473,0.28979,0.09998
2,0.48634,336.04228,36,-0.38451,0.28671,0.09998
2,0.48634,336.04228,37,-0.38429,0.28364,0.09998
2,0.48634,336.04228,38,-0.38407,0.28059,0.09998
2,0.48634,336.04228,39,-0.38385,0.27754,0.09998
2,0.48634,336.04228,40,-0.38363,0.27451,0.09998
2,0.48634,336.04228,41,-0.38342,0.27149,0.09998
2,0.48634,336.04228,42,-0.3832,0.26848,0.09998
2,0.48634,336.04228,43,-0.38298,0.26548,0.09998
2,0.48634,336.04228,44,-0.38277,0.26249,0.09998
2,0.48634,336.04228,45,-0.38256,0.25951,0.09998
2,0.48634,336.04228,46,-0.38234,0.25654,0.09998
2,0.48634,336.04228,47,-0.38213,0.25359,0.09998
2,0.48634,336.04228,48,-0.38192,0.25064,0.09998
2,0.48634,336.04228,49,-0.38171,0.2477,0.09998
2,0.48634,336.04228,50,-0.3815,0.24478,0.09998
2,0.48634,336.04228,51,-0.38129,0.24186,0.09998
2,0.48634,336.04228,52,-0.38108,0.23896,0.09998
2,0.48634,336.04228,53,-0.38087,0.23606,0.09998
2,0.48634,336.04228,54,-0.38067,0.23318,0.09998
2,0.48634,336.04228,55,-0.38046,0.2303,0.09998
2,0.48634,336.04228,56,-0.38025,0.22744,0.09998
2,0.48634,336.04228,57,-0.38005,0.22458,0.09998
2,0.48634,336.04228,58,-0.37984,0.22174,0.09998
2,0.48634,336.04228,59,-0.37964,0.2189,0.09998
2,0.48634,336.04228,60,-0.37944,0.21608,0.09998
2,0.48634,336.04228,61,-0.37924,0.21326,0.09998
2,0.48634,336.04228,62,-0.37903,0.21045,0.09998
2,0.48634,336.04228,63,-0.37883,0.20765,0.09998
2,0.48634,336.04228,64,-0.37863,0.20486,0.09998
2,0.48634,336.04228,65,-0.37843,0.20208,0.09998
2,0.48634,336.04228,66,-0.37823,0.19931,0.09998
2,0.48634,336.04228,67,-0.37804,0.19655,0.09998
2,0.48634,336.04228,68,-0.37784,0.1938,0.09998
2,0.48634,336.04228,69,-0.37764,0.19106,0.09998
2,0.48634,336.04228,70,-0.37745,0.18832,0.09998
2,0.48634,336.04228,71,-0.37725,0.1856,0.09998
2,0.48634,336.04228,72,-0.37705,0.18288,0.09998
2,0.48634,336.04228,73,-0.37686,0.18017,0.09998
2,0.48634,336.04228,74,-0.37667,0.17747,0.09998
2,0.48634,336.04228,75,-0.37647,0.17478,0.09998
2,0.48634,336.04228,76,-0.37628,0.1721,0.09998
2,0.48634,336.04228,77,-0.37609,0.16943,0.09998
2,0.48634,336.04228,78,-0.3759,0.16676,0.09998
2,0.48634,336.04228,79,-0.37571,0.1641,0.09998
2,0.48634,336.04228,80,-0.37552,0.16145,0.09998
2,0.48634,336.04228,81,-0.37533,0.15881,0.09998
2,0.48634,336.04228,82,-0.37514,0.15618,0.09998
2,0.48634,336.04228,83,-0.37495,0.15356,0.09998
2,0.48634,336.04228,84,-0.37476,0.15094,0.09998
2,0.48634,336.04228,85,-0.37457,0.14833,0.09998
2,0.48634,336.04228,86,-0.37439,0.14573,0.09998
2,0.48634,336.04228,87,-0.3742,0.14314,0.09998
2,0.48634,336.04228,88,-0.37402,0.14056,0.09998
2,0.48634,336.04228,89,-0.37383,0.13798,0.09998
2,0.48634,336.04228,90,-0.37365,0.13541,0.09998
2,0.48634,336.04228,91,-0.37346,0.13285,0.09998
2,0.48634,336.04228,92,-0.37328,0.1303,0.09998
2,0.48634,336.04228,93,-0.3731,0.12775,0.09998
2,0.48634,336.04228,94,-0.37291,0.12522,0.09998
2,0.48634,336.04228,95,-0.37273,0.12269,0.09998
2,0.48634,336.04228,96,-0.37255,0.12016,0.09998
2,0.48634,336.04228,97,-0.37237,0.11765,0.09998
2,0.48634,336.04228,98,-0.37219,0.11514,0.09998
2,0.48634,336.04228,99,-0.37201,0.11264,0.09998
2,0.48634,336.04228,100,-0.37183,0.11015,0.09998
2,0.48634,336.04228,101,-0.37165,0.10766,0.09998
2,0.48634,336.04228,102,-0.37148,0.10518,0.09998
2,0.48634,336.04228,103,-0.3713,0.10271,0.09998
2,0.48634,336.04228,104,-0.37112,0.10025,0.09998
2,0.48634,336.04228,105,-0.37095,0.09779,0.09998
2,0.48634,336.04228,106,-0.37077,0.09534,0.09998
2,0.48634,336.04228,107,-0.37059,0.0929,0.09998
2,0.48634,336.04228,108,-0.37042,0.09046,0.09998
2,0.48634,336.04228,109,-0.37025,0.08803,0.09998
2,0.48634,336.04228,110,-0.37007,0.08561,0.09998
2,0.48634,336.04228,111,-0.3699,0.0832,0.09998
2,0.48634,336.04228,112,-0.36973,0.08079,0.09998
2,0.48634,336.04228,113,-0.36955,0.07839,0.09998
2,0.48634,336.04228,114,-0.36938,0.07599,0.09998
2,0.48634,336.04228,115,-0.36921,0.07361,0.09998
2,0.48634,336.04228,116,-0.36904,0.07122,0.09998
2,0.48634,336.04228,117,-0.36887,0.06885,0.09998
2,0.48634,336.04228,118,-0.3687,0.06648,0.09998
2,0.48634,336.04228,119,-0.36853,0.06412,0.09998
2,0.48634,336.04228,120,-0.36836,0.06177,0.09998
3,0.36172,380.75403,1,0.00443,0.21302,0.44385
3,0.36172,380.75403,2,-0.03763,0.2586,0.49227
3,0.36172,380.75403,3,-0.07951,0.30398,0.52644
3,0.36172,380.75403,4,-0.12121,0.34917,0.54642
3,0.36172,380.75403,5,-0.16148,0.3891,0.55231
3,0.36172,380.75403,6,-0.19148,0.38838,0.54422
3,0.36172,380.75403,7,-0.2214,0.38766,0.52211
3,0.36172,380.75403,8,-0.25122,0.38695,0.48603
3,0.36172,380.75403,9,-0.28094,0.38623,0.43604
3,0.36172,380.75403,10,-0.31054,0.38552,0.37222
3,0.36172,380.75403,11,-0.34001,0.38481,0.29465
3,0.36172,380.75403,12,-0.36932,0.38411,0.20344
3,0.36172,380.75403,13,-0.39001,0.38293,0.10077
3,0.36172,380.75403,14,-0.38496,0.38119,0.10647
3,0.36172,380.75403,15,-0.37994,0.37945,0.10018
3,0.36172,380.75403,16,-0.37495,0.37773,0.09998
3,0.36172,380.75403,17,-0.36997,0.37601,0.09998
3,0.36172,380.75403,18,-0.36502,0.3743,0.09998
3,0.36172,380.75403,19,-0.36009,0.3726,0.09998
3,0.36172,380.75403,20,-0.35518,0.3709,0.09998
3,0.36172,380.75403,21,-0.35029,0.36921,0.09998
3,0.36172,380.75403,22,-0.34541,0.36753,0.09998
3,0.36172,380.75403,23,-0.34056,0.36585,0.09998
3,0.36172,380.75403,24,-0.33573,0.36418,0.09998
3,0.36172,380.75403,25,-0.33091,0.36252,0.09998
3,0.36172,380.75403,26,-0.32612,0.36086,0.09998
3,0.36172,380.75403,27,-0.32134,0.35921,0.09998
3,0.36172,380.75403,28,-0.31658,0.35757,0.09998
3,0.36172,380.75403,29,-0.31184,0.35593,0.09998
3,0.36172,380.75403,30,-0.30712,0.3543,0.09998
3,0.36172,380.75403,31,-0.30241,0.35268,0.09998
3,0.36172,380.75403,32,-0.29773,0.35106,0.09998
3,0.36172,380.75403,33,-0.29306,0.34945,0.09998
3,0.36172,380.75403,34,-0.28841,0.34784,0.09998
3,0.36172,380.75403,35,-0.28378,0.34624,0.09998
3,0.36172,380.75403,36,-0.27916,0.34465,0.09998
3,0.36172,380.75403,37,-0.27456,0.34306,0.09998
3,0.36172,380.75403,38,-0.26998,0.34148,0.09998
3,0.36172,380.75403,39,-0.26541,0.3399,0.09998
3,0.36172,380.75403,40,-0.26086,0.33833,0.09998
3,0.36172,380.75403,41,-0.25633,0.33676,0.09998
3,0.36172,380.75403,42,-0.25182,0.3352,0.09998
3,0.36172,380.75403,43,-0.24732,0.33365,0.09998
3,0.36172,380.75403,44,-0.24283,0.3321,0.09998
3,0.36172,380.75403,45,-0.23836,0.33056,0.09998
3,0.36172,380.75403,46,-0.23391,0.32902,0.09998
3,0.36172,380.75403,47,-0.22948,0.32749,0.09998
3,0.36172,380.75403,48,-0.22506,0.32596,0.09998
3,0.36172,380.75403,49,-0.22065,0.32444,0.09998
3,0.36172,380.75403,50,-0.21626,0.32293,0.09998
3,0.36172,380.75403,51,-0.21189,0.32141,0.09998
3,0.36172,380.75403,52,-0.20753,0.31991,0.09998
3,0.36172,380.75403,53,-0.20319,0.31841,0.09998
3,0.36172,380.75403,54,-0.19886,0.31691,0.09998
3,0.36172,380.75403,55,-0.19454,0.31542,0.09998
3,0.36172,380.75403,56,-0.19024,0.31394,0.09998
3,0.36172,380.75403,57,-0.18596,0.31246,0.09998
3,0.36172,380.75403,58,-0.18169,0.31098,0.09998
3,0.36172,380.75403,59,-0.17743,0.30951,0.09998
3,0.36172,380.75403,60,-0.17319,0.30805,0.09998
3,0.36172,380.75403,61,-0.16896,0.30659,0.09998
3,0.36172,380.75403,62,-0.16475,0.30513,0.09998
3,0.36172,380.75403,63,-0.16055,0.30368,0.09998
3,0.36172,380.75403,64,-0.15636,0.30224,0.09998
3,0.36172,380.75403,65,-0.15219,0.3008,0.09998
3,0.36172,380.75403,66,-0.14803,0.29936,0.09998
3,0.36172,380.75403,67,-0.14389,0.29793,0.09998
3,0.36172,380.75403,68,-0.13976,0.2965,0.09998
3,0.36172,380.75403,69,-0.13564,0.29508,0.09998
3,0.36172,380.75403,70,-0.13154,0.29366,0.09998
3,0.36172,380.75403,71,-0.12745,0.29225,0.09998
3,0.36172,380.75403,72,-0.12337,0.29084,0.09998
3,0.36172,380.75403,73,-0.1193,0.28944,0.09998
3,0.36172,380.75403,74,-0.11525,0.28804,0.09998
3,0.36172,380.75403,75,-0.11121,0.28664,0.09998
3,0.36172,380.75403,76,-0.10719,0.28525,0.09998
3,0.36172,380.75403,77,-0.10317,0.28387,0.09998
3,0.36172,380.75403,78,-0.09917,0.28249,0.09998
3,0.36172,380.75403,79,-0.09518,0.28111,0.09998
3,0.36172,380.75403,80,-0.09121,0.27974,0.09998
3,0.36172,380.75403,81,-0.08724,0.27837,0.09998
3,0.36172,380.75403,82,-0.08329,0.277,0.09998
3,0.36172,380.75403,83,-0.07935,0.27564,0.09998
3,0.36172,380.75403,84,-0.07543,0.27429,0.09998
3,0.36172,380.75403,85,-0.07151,0.27293,0.09998
3,0.36172,380.75403,86,-0.06761,0.27159,0.09998
3,0.36172,380.75403,87,-0.06372,0.27024,0.09998
3,0.36172,380.75403,88,-0.05984,0.2689,0.09998
3,0.36172,380.75403,89,-0.05597,0.26757,0.09998
3,0.36172,380.75403,90,-0.05212,0.26624,0.09998
3,0.36172,380.75403,91,-0.04827,0.26491,0.09998
3,0.36172,380.75403,92,-0.04444,0.26358,0.09998
3,0.36172,380.75403,93,-0.04062,0.26227,0.09998
3,0.36172,380.75403,94,-0.03681,0.26095,0.09998
3,0.36172,380.75403,95,-0.03301,0.25964,0.09998
3,0.36172,380.75403,96,-0.02923,0.25833,0.09998
3,0.36172,380.75403,97,-0.02545,0.25703,0.09998
3,0.36172,380.75403,98,-0.02169,0.25573,0.09998
3,0.36172,380.75403,99,-0.01794,0.25443,0.09998
3,0.36172,380.75403,100,-0.01419,0.25314,0.09998
3,0.36172,380.75403,101,-0.01046,0.25185,0.09998
3,0.36172,380.75403,102,-0.00674,0.25057,0.09998
3,0.36172,380.75403,103,-0.00303,0.24928,0.09998
3,0.36172,380.75403,104,0.00065,0.24801,0.09998
3,0.36172,380.75403,105,0.00434,0.24673,0.09998
3,0.36172,380.75403,106,0.00802,0.24546,0.09998
3,0.36172,380.75403,107,0.01168,0.2442,0.09998
3,0.36172,380.75403,108,0.01534,0.24294,0.09998
3,0.36172,380.75403,109,0.01899,0.24168,0.09998
3,0.36172,380.75403,110,0.02262,0.24042,0.09998
3,0.36172,380.75403,111,0.02624,0.23917,0.09998
3,0.36172,380.75403,112,0.02986,0.23792,0.09998
3,0.36172,380.75403,113,0.03346,0.23668,0.09998
3,0.36172,380.75403,114,0.03705,0.23544,0.09998
3,0.36172,380.75403,115,0.04064,0.2342,0.09998
3,0.36172,380.75403,116,0.04421,0.23296,0.09998
3,0.36172,380.75403,117,0.04777,0.23173,0.09998
3,0.36172,380.75403,118,0.05133,0.23051,0.09998
3,0.36172,380.75403,119,0.05487,0.22928,0.09998
3,0.36172,380.75403,120,0.0584,0.22806,0.09998
4,0.15327,349.29245,1,0.00443,0.21302,0.44385
4,0.15327,349.29245,2,-0.03763,0.2586,0.49227
4,0.15327,349.29245,3,-0.07951,0.30398,0.52644
4,0.15327,349.29245,4,-0.12121,0.34917,0.54642
4,0.15327,349.29245,5,-0.16161,0.38962,0.55231
4,0.15327,349.29245,6,-0.192,0.39001,0.54463
4,0.15327,349.29245,7,-0.22222,0.39001,0.52298
4,0.15327,349.29245,8,-0.25234,0.39001,0.48735
4,0.15327,349.29245,9,-0.28236,0.39001,0.43781
4,0.15327,349.29245,10,-0.31225,0.39001,0.37444
4,0.15327,349.29245,11,-0.34202,0.39001,0.29732
4,0.15327,349.29245,12,-0.37163,0.39001,0.20655
4,0.15327,349.29245,13,-0.39001,0.38937,0.10496
4,0.15327,349.29245,14,-0.38549,0.38778,0.09995
4,0.15327,349.29245,15,-0.38044,0.38622,0.09999
4,0.15327,349.29245,16,-0.37541,0.38466,0.09999
4,0.15327,349.29245,17,-0.37039,0.38311,0.09999
4,0.15327,349.29245,18,-0.3654,0.38156,0.09999
4,0.15327,349.29245,19,-0.36043,0.38002,0.09999
4,0.15327,349.29245,20,-0.35548,0.37849,0.09998
4,0.15327,349.29245,21,-0.35054,0.37696,0.09998
4,0.15327,349.29245,22,-0.34563,0.37544,0.09998
4,0.15327,349.29245,23,-0.34074,0.37392,0.09998
4,0.15327,349.29245,24,-0.33586,0.37242,0.09998
4,0.15327,349.29245,25,-0.33101,0.37091,0.09998
4,0.15327,349.29245,26,-0.32617,0.36941,0.09998
4,0.15327,349.29245,27,-0.32135,0.36792,0.09998
4,0.15327,349.29245,28,-0.31655,0.36644,0.09998
4,0.15327,349.29245,29,-0.31177,0.36496,0.09998
4,0.15327,349.29245,30,-0.307,0.36348,0.09998
4,0.15327,349.29245,31,-0.30226,0.36201,0.09998
4,0.15327,349.29245,32,-0.29753,0.36055,0.09998
4,0.15327,349.29245,33,-0.29282,0.35909,0.09998
4,0.15327,349.29245,34,-0.28812,0.35764,0.09998
4,0.15327,349.29245,35,-0.28345,0.35619,0.09998
4,0.15327,349.29245,36,-0.27879,0.35475,0.09998
4,0.15327,349.29245,37,-0.27415,0.35331,0.09998
4,0.15327,349.29245,38,-0.26952,0.35188,0.09998
4,0.15327,349.29245,39,-0.26491,0.35045,0.09998
4,0.15327,349.29245,40,-0.26032,0.34903,0.09998
4,0.15327,349.29245,41,-0.25574,0.34761,0.09998
4,0.15327,349.29245,42,-0.25119,0.3462,0.09998
4,0.15327,349.29245,43,-0.24664,0.34479,0.09998
4,0.15327,349.29245,44,-0.24211,0.34339,0.09998
4,0.15327,349.29245,45,-0.2376,0.34199,0.09998
4,0.15327,349.29245,46,-0.23311,0.3406,0.09998
4,0.15327,349.29245,47,-0.22863,0.33922,0.09998
4,0.15327,349.29245,48,-0.22416,0.33783,0.09998
4,0.15327,349.29245,49,-0.21972,0.33646,0.09998
4,0.15327,349.29245,50,-0.21528,0.33508,0.09998
4,0.15327,349.29245,51,-0.21086,0.33372,0.09998
4,0.15327,349.29245,52,-0.20646,0.33235,0.09998
4,0.15327,349.29245,53,-0.20207,0.33099,0.09998
4,0.15327,349.29245,54,-0.1977,0.32964,0.09998
4,0.15327,349.29245,55,-0.19334,0.32829,0.09998
4,0.15327,349.29245,56,-0.189,0.32695,0.09998
4,0.15327,349.29245,57,-0.18467,0.32561,0.09998
4,0.15327,349.29245,58,-0.18036,0.32427,0.09998
4,0.15327,349.29245,59,-0.17605,0.32294,0.09998
4,0.15327,349.29245,60,-0.17177,0.32161,0.09998
4,0.15327,349.29245,61,-0.1675,0.32029,0.09998
4,0.15327,349.29245,62,-0.16324,0.31897,0.09998
4,0.15327,349.29245,63,-0.159,0.31766,0.09998
4,0.15327,349.29245,64,-0.15477,0.31635,0.09998
4,0.15327,349.29245,65,-0.15055,0.31504,0.09998
4,0.15327,349.29245,66,-0.14635,0.31374,0.09998
4,0.15327,349.29245,67,-0.14216,0.31244,0.09998
4,0.15327,349.29245,68,-0.13798,0.31115,0.09998
4,0.15327,349.29245,69,-0.13382,0.30986,0.09998
4,0.15327,349.29245,70,-0.12967,0.30858,0.09998
4,0.15327,349.29245,71,-0.12554,0.3073,0.09998
4,0.15327,349.29245,72,-0.12141,0.30602,0.09998
4,0.15327,349.29245,73,-0.1173,0.30475,0.09998
4,0.15327,349.29245,74,-0.11321,0.30348,0.09998
4,0.15327,349.29245,75,-0.10912,0.30222,0.09998
4,0.15327,349.29245,76,-0.10505,0.30096,0.09998
4,0.15327,349.29245,77,-0.101,0.2997,0.09998
4,0.15327,349.29245,78,-0.09695,0.29845,0.09998
4,0.15327,349.29245,79,-0.09292,0.2972,0.09998
4,0.15327,349.29245,80,-0.0889,0.29596,0.09998
4,0.15327,349.29245,81,-0.08489,0.29471,0.09998
4,0.15327,349.29245,82,-0.08089,0.29348,0.09998
4,0.15327,349.29245,83,-0.07691,0.29224,0.09998
4,0.15327,349.29245,84,-0.07294,0.29102,0.09998
4,0.15327,349.29245,85,-0.06898,0.28979,0.09998
4,0.15327,349.29245,86,-0.06503,0.28857,0.09998
4,0.15327,349.29245,87,-0.0611,0.28735,0.09998
4,0.15327,349.29245,88,-0.05718,0.28613,0.09998
4,0.15327,349.29245,89,-0.05327,0.28492,0.09998
4,0.15327,349.29245,90,-0.04937,0.28372,0.09998
4,0.15327,349.29245,91,-0.04548,0.28251,0.09998
4,0.15327,349.29245,92,-0.0416,0.28131,0.09998
4,0.15327,349.29245,93,-0.03774,0.28012,0.09998
4,0.15327,349.29245,94,-0.03388,0.27892,0.09998
4,0.15327,349.29245,95,-0.03004,0.27773,0.09998
4,0.15327,349.29245,96,-0.02621,0.27655,0.09998
4,0.15327,349.29245,97,-0.02239,0.27537,0.09998
4,0.15327,349.29245,98,-0.01859,0.27419,0.09998
4,0.15327,349.29245,99,-0.01479,0.27301,0.09998
4,0.15327,349.29245,100,-0.011,0.27184,0.09998
4,0.15327,349.29245,101,-0.00723,0.27067,0.09998
4,0.15327,349.29245,102,-0.00347,0.26951,0.09998
4,0.15327,349.29245,103,0.00028,0.26834,0.09998
4,0.15327,349.29245,104,0.00402,0.26719,0.09998
4,0.15327,349.29245,105,0.00775,0.26603,0.09998
4,0.15327,349.29245,106,0.01147,0.26488,0.09998
4,0.15327,349.29245,107,0.01518,0.26373,0.09998
4,0.15327,349.29245,108,0.01888,0.26259,0.09998
4,0.15327,349.29245,109,0.02257,0.26144,0.09998
4,0.15327,349.29245,110,0.02625,0.2603,0.09998
4,0.15327,349.29245,111,0.02991,0.25917,0.09998
4,0.15327,349.29245,112,0.03357,0.25804,0.09998
4,0.15327,349.29245,113,0.03722,0.25691,0.09998
4,0.15327,349.29245,114,0.04085,0.25578,0.09998
4,0.15327,349.29245,115,0.04448,0.25466,0.09998
4,0.15327,349.29245,116,0.0481,0.25354,0.09998
4,0.15327,349.29245,117,0.0517,0.25242,0.09998
4,0.15327,349.29245,118,0.0553,0.25131,0.09998
4,0.15327,349.29245,119,0.05888,0.2502,0.09998
4,0.15327,349.29245,120,0.06246,0.24909,0.09998
5,0.31509,350.93295,1,0.00443,0.21302,0.44385
5,0.31509,350.93295,2,-0.03763,0.2586,0.49227
5,0.31509,350.93295,3,-0.07951,0.30398,0.52644
5,0.31509,350.93295,4,-0.12121,0.34917,0.54642
5,0.31509,350.93295,5,-0.16151,0.38922,0.55231
5,0.31509,350.93295,6,-0.19177,0.38954,0.54422
5,0.31509,350.93295,7,-0.22195,0.38987,0.52211
5,0.31509,350.93295,8,-0.25203,0.39001,0.48607
5,0.31509,350.93295,9,-0.282,0.39001,0.43616
5,0.31509,350.93295,10,-0.31185,0.39001,0.37241
5,0.31509,350.93295,11,-0.34156,0.39001,0.29492
5,0.31509,350.93295,12,-0.37113,0.39001,0.20379
5,0.31509,350.93295,13,-0.39001,0.3894,0.10169
5,0.31509,350.93295,14,-0.38588,0.38812,0.09999
5,0.31509,350.93295,15,-0.38177,0.38684,0.09998
5,0.31509,350.93295,16,-0.37768,0.38557,0.09998
5,0.31509,350.93295,17,-0.37361,0.38431,0.09998
5,0.31509,350.93295,18,-0.36956,0.38305,0.09998
5,0.31509,350.93295,19,-0.36551,0.38179,0.09998
5,0.31509,350.93295,20,-0.36149,0.38054,0.09998
5,0.31509,350.93295,21,-0.35748,0.3793,0.09998
5,0.31509,350.93295,22,-0.35349,0.37805,0.09998
5,0.31509,350.93295,23,-0.34951,0.37682,0.09998
5,0.31509,350.93295,24,-0.34555,0.37559,0.09998
5,0.31509,350.93295,25,-0.3416,0.37436,0.09998
5,0.31509,350.93295,26,-0.33767,0.37314,0.09998
5,0.31509,350.93295,27,-0.33375,0.37192,0.09998
5,0.31509,350.93295,28,-0.32985,0.37071,0.09998
5,0.31509,350.93295,29,-0.32596,0.3695,0.09998
5,0.31509,350.93295,30,-0.32209,0.3683,0.09998
5,0.31509,350.93295,31,-0.31823,0.3671,0.09998
5,0.31509,350.93295,32,-0.31438,0.36591,0.09998
5,0.31509,350.93295,33,-0.31055,0.36472,0.09998
5,0.31509,350.93295,34,-0.30674,0.36353,0.09998
5,0.31509,350.93295,35,-0.30294,0.36235,0.09998
5,0.31509,350.93295,36,-0.29915,0.36118,0.09998
5,0.31509,350.93295,37,-0.29537,0.36,0.09998
5,0.31509,350.93295,38,-0.29161,0.35884,0.09998
5,0.31509,350.93295,39,-0.28786,0.35767,0.09998
5,0.31509,350.93295,40,-0.28413,0.35651,0.09998
5,0.31509,350.93295,41,-0.28041,0.35536,0.09998
5,0.31509,350.93295,42,-0.2767,0.3542,0.09998
5,0.31509,350.93295,43,-0.27301,0.35306,0.09998
5,0.31509,350.93295,44,-0.26933,0.35191,0.09998
5,0.31509,350.93295,45,-0.26566,0.35077,0.09998
5,0.31509,350.93295,46,-0.262,0.34964,0.09998
5,0.31509,350.93295,47,-0.25836,0.34851,0.09998
5,0.31509,350.93295,48,-0.25473,0.34738,0.09998
5,0.31509,350.93295,49,-0.25111,0.34625,0.09998
5,0.31509,350.93295,50,-0.2475,0.34513,0.09998
5,0.31509,350.93295,51,-0.24391,0.34402,0.09998
5,0.31509,350.93295,52,-0.24033,0.3429,0.09998
5,0.31509,350.93295,53,-0.23676,0.3418,0.09998
5,0.31509,350.93295,54,-0.2332,0.34069,0.09998
5,0.31509,350.93295,55,-0.22965,0.33959,0.09998
5,0.31509,350.93295,56,-0.22612,0.33849,0.09998
5,0.31509,350.93295,57,-0.2226,0.3374,0.09998
5,0.31509,350.93295,58,-0.21909,0.33631,0.09998
5,0.31509,350.93295,59,-0.21559,0.33522,0.09998
5,0.31509,350.93295,60,-0.2121,0.33414,0.09998
5,0.31509,350.93295,61,-0.20862,0.33306,0.09998
5,0.31509,350.93295,62,-0.20516,0.33198,0.09998
5,0.31509,350.93295,63,-0.20171,0.33091,0.09998
5,0.31509,350.93295,64,-0.19826,0.32984,0.09998
5,0.31509,350.93295,65,-0.19483,0.32877,0.09998
5,0.31509,350.93295,66,-0.19141,0.32771,0.09998
5,0.31509,350.93295,67,-0.188,0.32665,0.09998
5,0.31509,350.93295,68,-0.18461,0.3256,0.09998
5,0.31509,350.93295,69,-0.18122,0.32454,0.09998
5,0.31509,350.93295,70,-0.17784,0.3235,0.09998
5,0.31509,350.93295,71,-0.17448,0.32245,0.09998
5,0.31509,350.93295,72,-0.17112,0.32141,0.09998
5,0.31509,350.93295,73,-0.16778,0.32037,0.09998
5,0.31509,350.93295,74,-0.16444,0.31933,0.09998
5,0.31509,350.93295,75,-0.16112,0.3183,0.09998
5,0.31509,350.93295,76,-0.1578,0.31727,0.09998
5,0.31509,350.93295,77,-0.1545,0.31625,0.09998
5,0.31509,350.93295,78,-0.15121,0.31522,0.09998
5,0.31509,350.93295,79,-0.14792,0.3142,0.09998
5,0.31509,350.93295,80,-0.14465,0.31319,0.09998
5,0.31509,350.93295,81,-0.14139,0.31217,0.09998
5,0.31509,350.93295,82,-0.13813,0.31116,0.09998
5,0.31509,350.93295,83,-0.13489,0.31015,0.09998
5,0.31509,350.93295,84,-0.13166,0.30915,0.09998
5,0.31509,350.93295,85,-0.12843,0.30815,0.09998
5,0.31509,350.93295,86,-0.12522,0.30715,0.09998
5,0.31509,350.93295,87,-0.12201,0.30616,0.09998
5,0.31509,350.93295,88,-0.11882,0.30516,0.09998
5,0.31509,350.93295,89,-0.11563,0.30417,0.09998
5,0.31509,350.93295,90,-0.11246,0.30319,0.09998
5,0.31509,350.93295,91,-0.10929,0.3022,0.09998
5,0.31509,350.93295,92,-0.10614,0.30122,0.09998
5,0.31509,350.93295,93,-0.10299,0.30025,0.09998
5,0.31509,350.93295,94,-0.09985,0.29927,0.09998
5,0.31509,350.93295,95,-0.09672,0.2983,0.09998
5,0.31509,350.93295,96,-0.0936,0.29733,0.09998
5,0.31509,350.93295,97,-0.09049,0.29636,0.09998
5,0.31509,350.93295,98,-0.08739,0.2954,0.09998
5,0.31509,350.93295,99,-0.08429,0.29444,0.09998
5,0.31509,350.93295,100,-0.08121,0.29348,0.09998
5,0.31509,350.93295,101,-0.07814,0.29253,0.09998
5,0.31509,350.93295,102,-0.07507,0.29157,0.09998
5,0.31509,350.93295,103,-0.07201,0.29062,0.09998
5,0.31509,350.93295,104,-0.06896,0.28968,0.09998
5,0.31509,350.93295,105,-0.06592,0.28873,0.09998
5,0.31509,350.93295,106,-0.06289,0.28779,0.09998
5,0.31509,350.93295,107,-0.05987,0.28685,0.09998
5,0.31509,350.93295,108,-0.05685,0.28592,0.09998
5,0.31509,350.93295,109,-0.05385,0.28498,0.09998
5,0.31509,350.93295,110,-0.05085,0.28405,0.09998
5,0.31509,350.93295,111,-0.04786,0.28312,0.09998
5,0.31509,350.93295,112,-0.04488,0.2822,0.09998
5,0.31509,350.93295,113,-0.04191,0.28127,0.09998
5,0.31509,350.93295,114,-0.03895,0.28035,0.09998
5,0.31509,350.93295,115,-0.03599,0.27943,0.09998
5,0.31509,350.93295,116,-0.03304,0.27852,0.09998
5,0.31509,350.93295,117,-0.0301,0.27761,0.09998
5,0.31509,350.93295,118,-0.02717,0.2767,0.09998
5,0.31509,350.93295,119,-0.02425,0.27579,0.09998
5,0.31509,350.93295,120,-0.02134,0.27488,0.09998
6,0.18592,359.82275,1,0.00443,0.21302,0.44385
6,0.18592,359.82275,2,-0.03763,0.2586,0.49227
6,0.18592,359.82275,3,-0.07951,0.30398,0.52644
6,0.18592,359.82275,4,-0.12121,0.34917,0.54642
6,0.18592,359.82275,5,-0.16159,0.38954,0.55231
6,0.18592,359.82275,6,-0.19202,0.39001,0.54462
6,0.18592,359.82275,7,-0.22229,0.39001,0.52297
6,0.18592,359.82275,8,-0.25245,0.39001,0.48736
6,0.18592,359.82275,9,-0.28251,0.39001,0.43783
6,0.18592,359.82275,10,-0.31245,0.39001,0.37447
6,0.18592,359.82275,11,-0.34225,0.39001,0.29736
6,0.18592,359.82275,12,-0.37191,0.39001,0.20661
6,0.18592,359.82275,13,-0.39001,0.38935,0.1051
6,0.18592,359.82275,14,-0.38549,0.38776,0.10154
6,0.18592,359.82275,15,-0.38042,0.38618,0.09999
6,0.18592,359.82275,16,-0.37538,0.38462,0.09998
6,0.18592,359.82275,17,-0.37036,0.38306,0.09998
6,0.18592,359.82275,18,-0.36536,0.38151,0.09998
6,0.18592,359.82275,19,-0.36038,0.37996,0.09998
6,0.18592,359.82275,20,-0.35542,0.37842,0.09998
6,0.18592,359.82275,21,-0.35048,0.37689,0.09998
6,0.18592,359.82275,22,-0.34556,0.37536,0.09998
6,0.18592,359.82275,23,-0.34066,0.37384,0.09998
6,0.18592,359.82275,24,-0.33578,0.37232,0.09998
6,0.18592,359.82275,25,-0.33091,0.37081,0.09998
6,0.18592,359.82275,26,-0.32607,0.36931,0.09998
6,0.18592,359.82275,27,-0.32124,0.36781,0.09998
6,0.18592,359.82275,28,-0.31643,0.36632,0.09998
6,0.18592,359.82275,29,-0.31164,0.36483,0.09998
6,0.18592,359.82275,30,-0.30687,0.36335,0.09998
6,0.18592,359.82275,31,-0.30212,0.36188,0.09998
6,0.18592,359.82275,32,-0.29738,0.36041,0.09998
6,0.18592,359.82275,33,-0.29266,0.35894,0.09998
6,0.18592,359.82275,34,-0.28796,0.35748,0.09998
6,0.18592,359.82275,35,-0.28328,0.35603,0.09998
6,0.18592,359.82275,36,-0.27861,0.35458,0.09998
6,0.18592,359.82275,37,-0.27396,0.35313,0.09998
6,0.18592,359.82275,38,-0.26933,0.3517,0.09998
6,0.18592,359.82275,39,-0.26471,0.35026,0.09998
6,0.18592,359.82275,40,-0.26011,0.34884,0.09998
6,0.18592,359.82275,41,-0.25553,0.34741,0.09998
6,0.18592,359.82275,42,-0.25097,0.346,0.09998
6,0.18592,359.82275,43,-0.24641,0.34458,0.09998
6,0.18592,359.82275,44,-0.24188,0.34317,0.09998
6,0.18592,359.82275,45,-0.23736,0.34177,0.09998
6,0.18592,359.82275,46,-0.23286,0.34037,0.09998
6,0.18592,359.82275,47,-0.22837,0.33898,0.09998
6,0.18592,359.82275,48,-0.2239,0.33759,0.09998
6,0.18592,359.82275,49,-0.21944,0.33621,0.09998
6,0.18592,359.82275,50,-0.215,0.33483,0.09998
6,0.18592,359.82275,51,-0.21058,0.33346,0.09998
6,0.18592,359.82275,52,-0.20617,0.33209,0.09998
6,0.18592,359.82275,53,-0.20177,0.33072,0.09998
6,0.18592,359.82275,54,-0.19739,0.32936,0.09998
6,0.18592,359.82275,55,-0.19303,0.32801,0.09998
6,0.18592,359.82275,56,-0.18868,0.32666,0.09998
6,0.18592,359.82275,57,-0.18434,0.32531,0.09998
6,0.18592,359.82275,58,-0.18002,0.32397,0.09998
6,0.18592,359.82275,59,-0.17571,0.32263,0.09998
6,0.18592,359.82275,60,-0.17142,0.3213,0.09998
6,0.18592,359.82275,61,-0.16714,0.31997,0.09998
6,0.18592,359.82275,62,-0.16287,0.31865,0.09998
6,0.18592,359.82275,63,-0.15862,0.31733,0.09998
6,0.18592,359.82275,64,-0.15438,0.31601,0.09998
6,0.18592,359.82275,65,-0.15016,0.3147,0.09998
6,0.18592,359.82275,66,-0.14595,0.31339,0.09998
6,0.18592,359.82275,67,-0.14175,0.31209,0.09998
6,0.18592,359.82275,68,-0.13757,0.31079,0.09998
6,0.18592,359.82275,69,-0.1334,0.3095,0.09998
6,0.18592,359.82275,70,-0.12925,0.30821,0.09998
6,0.18592,359.82275,71,-0.1251,0.30692,0.09998
6,0.18592,359.82275,72,-0.12097,0.30564,0.09998
6,0.18592,359.82275,73,-0.11686,0.30436,0.09998
6,0.18592,359.82275,74,-0.11275,0.30309,0.09998
6,0.18592,359.82275,75,-0.10866,0.30182,0.09998
6,0.18592,359.82275,76,-0.10459,0.30055,0.09998
6,0.18592,359.82275,77,-0.10052,0.29929,0.09998
6,0.18592,359.82275,78,-0.09647,0.29803,0.09998
6,0.18592,359.82275,79,-0.09243,0.29678,0.09998
6,0.18592,359.82275,80,-0.0884,0.29553,0.09998
6,0.18592,359.82275,81,-0.08439,0.29428,0.09998
6,0.18592,359.82275,82,-0.08038,0.29304,0.09998
6,0.18592,359.82275,83,-0.07639,0.2918,0.09998
6,0.18592,359.82275,84,-0.07242,0.29056,0.09998
6,0.18592,359.82275,85,-0.06845,0.28933,0.09998
6,0.18592,359.82275,86,-0.0645,0.2881,0.09998
6,0.18592,359.82275,87,-0.06055,0.28688,0.09998
6,0.18592,359.82275,88,-0.05662,0.28566,0.09998
6,0.18592,359.82275,89,-0.05271,0.28444,0.09998
6,0.18592,359.82275,90,-0.0488,0.28323,0.09998
6,0.18592,359.82275,91,-0.0449,0.28202,0.09998
6,0.18592,359.82275,92,-0.04102,0.28082,0.09998
6,0.18592,359.82275,93,-0.03715,0.27961,0.09998
6,0.18592,359.82275,94,-0.03329,0.27842,0.09998
6,0.18592,359.82275,95,-0.02944,0.27722,0.09998
6,0.18592,359.82275,96,-0.0256,0.27603,0.09998
6,0.18592,359.82275,97,-0.02178,0.27484,0.09998
6,0.18592,359.82275,98,-0.01796,0.27366,0.09998
6,0.18592,359.82275,99,-0.01416,0.27248,0.09998
6,0.18592,359.82275,100,-0.01037,0.2713,0.09998
6,0.18592,359.82275,101,-0.00658,0.27013,0.09998
6,0.18592,359.82275,102,-0.00281,0.26896,0.09998
6,0.18592,359.82275,103,0.00094,0.26779,0.09998
6,0.18592,359.82275,104,0.00468,0.26662,0.09998
6,0.18592,359.82275,105,0.00842,0.26546,0.09998
6,0.18592,359.82275,106,0.01215,0.26431,0.09998
6,0.18592,359.82275,107,0.01587,0.26315,0.09998
6,0.18592,359.82275,108,0.01957,0.262,0.09998
6,0.18592,359.82275,109,0.02327,0.26086,0.09998
6,0.18592,359.82275,110,0.02695,0.25971,0.09998
6,0.18592,359.82275,111,0.03063,0.25857,0.09998
6,0.18592,359.82275,112,0.03429,0.25743,0.09998
6,0.18592,359.82275,113,0.03794,0.2563,0.09998
6,0.18592,359.82275,114,0.04159,0.25517,0.09998
6,0.18592,359.82275,115,0.04522,0.25404,0.09998
6,0.18592,359.82275,116,0.04884,0.25292,0.09998
6,0.18592,359.82275,117,0.05245,0.25179,0.09998
6,0.18592,359.82275,118,0.05606,0.25068,0.09998
6,0.18592,359.82275,119,0.05965,0.24956,0.09998
6,0.18592,359.82275,120,0.06323,0.24845,0.09998
7,0.2187,363.04816,1,0.00443,0.21302,0.44385
7,0.2187,363.04816,2,-0.03763,0.2586,0.49227
7,0.2187,363.04816,3,-0.07951,0.30398,0.52644
7,0.2187,363.04816,4,-0.12121,0.34917,0.54642
7,0.2187,363.04816,5,-0.16157,0.38946,0.55231
7,0.2187,363.04816,6,-0.19204,0.39001,0.54456
7,0.2187,363.04816,7,-0.22233,0.39001,0.5229
7,0.2187,363.04816,8,-0.25253,0.39001,0.48726
7,0.2187,363.04816,9,-0.28262,0.39001,0.43771
7,0.2187,363.04816,10,-0.31259,0.39001,0.37433
7,0.2187,363.04816,11,-0.34243,0.39001,0.29719
7,0.2187,363.04816,12,-0.37211,0.39001,0.20642
7,0.2187,363.04816,13,-0.39001,0.38934,0.10494
7,0.2187,363.04816,14,-0.38548,0.38776,0.10303
7,0.2187,363.04816,15,-0.3804,0.3862,0.10066
7,0.2187,363.04816,16,-0.37535,0.38465,0.09998
7,0.2187,363.04816,17,-0.37033,0.38311,0.09998
7,0.2187,363.04816,18,-0.36533,0.38157,0.09998
7,0.2187,363.04816,19,-0.36034,0.38004,0.09998
7,0.2187,363.04816,20,-0.35538,0.37852,0.09998
7,0.2187,363.04816,21,-0.35043,0.377,0.09998
7,0.2187,363.04816,22,-0.3455,0.37549,0.09998
7,0.2187,363.04816,23,-0.3406,0.37398,0.09998
7,0.2187,363.04816,24,-0.33571,0.37248,0.09998
7,0.2187,363.04816,25,-0.33084,0.37098,0.09998
7,0.2187,363.04816,26,-0.32599,0.3695,0.09998
7,0.2187,363.04816,27,-0.32116,0.36801,0.09998
7,0.2187,363.04816,28,-0.31635,0.36653,0.09998
7,0.2187,363.04816,29,-0.31155,0.36506,0.09998
7,0.2187,363.04816,30,-0.30678,0.3636,0.09998
7,0.2187,363.04816,31,-0.30202,0.36213,0.09998
7,0.2187,363.04816,32,-0.29727,0.36068,0.09998
7,0.2187,363.04816,33,-0.29255,0.35923,0.09998
7,0.2187,363.04816,34,-0.28784,0.35778,0.09998
7,0.2187,363.04816,35,-0.28316,0.35634,0.09998
7,0.2187,363.04816,36,-0.27848,0.35491,0.09998
7,0.2187,363.04816,37,-0.27383,0.35348,0.09998
7,0.2187,363.04816,38,-0.26919,0.35206,0.09998
7,0.2187,363.04816,39,-0.26457,0.35064,0.09998
7,0.2187,363.04816,40,-0.25996,0.34922,0.09998
7,0.2187,363.04816,41,-0.25538,0.34782,0.09998
7,0.2187,363.04816,42,-0.2508,0.34641,0.09998
7,0.2187,363.04816,43,-0.24625,0.34501,0.09998
7,0.2187,363.04816,44,-0.24171,0.34362,0.09998
7,0.2187,363.04816,45,-0.23718,0.34223,0.09998
7,0.2187,363.04816,46,-0.23268,0.34085,0.09998
7,0.2187,363.04816,47,-0.22818,0.33947,0.09998
7,0.2187,363.04816,48,-0.22371,0.33809,0.09998
7,0.2187,363.04816,49,-0.21925,0.33672,0.09998
7,0.2187,363.04816,50,-0.2148,0.33536,0.09998
7,0.2187,363.04816,51,-0.21037,0.334,0.09998
7,0.2187,363.04816,52,-0.20595,0.33264,0.09998
7,0.2187,363.04816,53,-0.20155,0.33129,0.09998
7,0.2187,363.04816,54,-0.19717,0.32994,0.09998
7,0.2187,363.04816,55,-0.19279,0.3286,0.09998
7,0.2187,363.04816,56,-0.18844,0.32727,0.09998
7,0.2187,363.04816,57,-0.1841,0.32593,0.09998
7,0.2187,363.04816,58,-0.17977,0.3246,0.09998
7,0.2187,363.04816,59,-0.17546,0.32328,0.09998
7,0.2187,363.04816,60,-0.17116,0.32196,0.09998
7,0.2187,363.04816,61,-0.16687,0.32064,0.09998
7,0.2187,363.04816,62,-0.1626,0.31933,0.09998
7,0.2187,363.04816,63,-0.15835,0.31803,0.09998
7,0.2187,363.04816,64,-0.1541,0.31672,0.09998
7,0.2187,363.04816,65,-0.14987,0.31543,0.09998
7,0.2187,363.04816,66,-0.14566,0.31413,0.09998
7,0.2187,363.04816,67,-0.14146,0.31284,0.09998
7,0.2187,363.04816,68,-0.13727,0.31156,0.09998
7,0.2187,363.04816,69,-0.1331,0.31027,0.09998
7,0.2187,363.04816,70,-0.12893,0.309,0.09998
7,0.2187,363.04816,71,-0.12479,0.30772,0.09998
7,0.2187,363.04816,72,-0.12065,0.30645,0.09998
7,0.2187,363.04816,73,-0.11653,0.30519,0.09998
7,0.2187,363.04816,74,-0.11242,0.30393,0.09998
7,0.2187,363.04816,75,-0.10832,0.30267,0.09998
7,0.2187,363.04816,76,-0.10424,0.30142,0.09998
7,0.2187,363.04816,77,-0.10017,0.30017,0.09998
7,0.2187,363.04816,78,-0.09611,0.29892,0.09998
7,0.2187,363.04816,79,-0.09207,0.29768,0.09998
7,0.2187,363.04816,80,-0.08804,0.29644,0.09998
7,0.2187,363.04816,81,-0.08402,0.29521,0.09998
7,0.2187,363.04816,82,-0.08001,0.29398,0.09998
7,0.2187,363.04816,83,-0.07601,0.29275,0.09998
7,0.2187,363.04816,84,-0.07203,0.29153,0.09998
7,0.2187,363.04816,85,-0.06806,0.29031,0.09998
7,0.2187,363.04816,86,-0.0641,0.28909,0.09998
7,0.2187,363.04816,87,-0.06015,0.28788,0.09998
7,0.2187,363.04816,88,-0.05622,0.28667,0.09998
7,0.2187,363.04816,89,-0.05229,0.28547,0.09998
7,0.2187,363.04816,90,-0.04838,0.28427,0.09998
7,0.2187,363.04816,91,-0.04448,0.28307,0.09998
7,0.2187,363.04816,92,-0.04059,0.28187,0.09998
7,0.2187,363.04816,93,-0.03671,0.28068,0.09998
7,0.2187,363.04816,94,-0.03285,0.2795,0.09998
7,0.2187,363.04816,95,-0.029,0.27831,0.09998
7,0.2187,363.04816,96,-0.02515,0.27713,0.09998
7,0.2187,363.04816,97,-0.02132,0.27596,0.09998
7,0.2187,363.04816,98,-0.0175,0.27479,0.09998
7,0.2187,363.04816,99,-0.01369,0.27362,0.09998
7,0.2187,363.04816,100,-0.0099,0.27245,0.09998
7,0.2187,363.04816,101,-0.00611,0.27129,0.09998
7,0.2187,363.04816,102,-0.00233,0.27013,0.09998
7,0.2187,363.04816,103,0.00142,0.26897,0.09998
7,0.2187,363.04816,104,0.00518,0.26782,0.09998
7,0.2187,363.04816,105,0.00892,0.26667,0.09998
7,0.2187,363.04816,106,0.01265,0.26553,0.09998
7,0.2187,363.04816,107,0.01637,0.26438,0.09998
7,0.2187,363.04816,108,0.02008,0.26324,0.09998
7,0.2187,363.04816,109,0.02378,0.26211,0.09998
7,0.2187,363.04816,110,0.02747,0.26098,0.09998
7,0.2187,363.04816,111,0.03115,0.25985,0.09998
7,0.2187,363.04816,112,0.03482,0.25872,0.09998
7,0.2187,363.04816,113,0.03848,0.2576,0.09998
7,0.2187,363.04816,114,0.04213,0.25648,0.09998
7,0.2187,363.04816,115,0.04577,0.25536,0.09998
7,0.2187,363.04816,116,0.04939,0.25425,0.09998
7,0.2187,363.04816,117,0.05301,0.25313,0.09998
7,0.2187,363.04816,118,0.05662,0.25203,0.09998
7,0.2187,363.04816,119,0.06022,0.25092,0.09998
7,0.2187,363.04816,120,0.0638,0.24982,0.09998
8,0.28896,361.60858,1,0.00443,0.21302,0.44385
8,0.28896,361.60858,2,-0.03763,0.2586,0.49227
8,0.28896,361.60858,3,-0.07951,0.30398,0.52644
8,0.28896,361.60858,4,-0.12121,0.34917,0.54642
8,0.28896,361.60858,5,-0.16152,0.38928,0.55231
8,0.28896,361.60858,6,-0.19192,0.39001,0.54426
8,0.28896,361.60858,7,-0.22219,0.39001,0.52237
8,0.28896,361.60858,8,-0.25237,0.39001,0.48651
8,0.28896,361.60858,9,-0.28243,0.39001,0.43673
8,0.28896,361.60858,10,-0.31238,0.39001,0.37312
8,0.28896,361.60858,11,-0.34219,0.39001,0.29576
8,0.28896,361.60858,12,-0.37185,0.39001,0.20477
8,0.28896,361.60858,13,-0.39001,0.38935,0.103
8,0.28896,361.60858,14,-0.38492,0.38794,0.09999
8,0.28896,361.60858,15,-0.37985,0.38653,0.09998
8,0.28896,361.60858,16,-0.3748,0.38513,0.09998
8,0.28896,361.60858,17,-0.36978,0.38374,0.09998
8,0.28896,361.60858,18,-0.36477,0.38235,0.09998
8,0.28896,361.60858,19,-0.35978,0.38097,0.09998
8,0.28896,361.60858,20,-0.35482,0.37959,0.09998
8,0.28896,361.60858,21,-0.34987,0.37822,0.09998
8,0.28896,361.60858,22,-0.34494,0.37685,0.09998
8,0.28896,361.60858,23,-0.34003,0.37549,0.09998
8,0.28896,361.60858,24,-0.33514,0.37413,0.09998
8,0.28896,361.60858,25,-0.33027,0.37278,0.09998
8,0.28896,361.60858,26,-0.32542,0.37143,0.09998
8,0.28896,361.60858,27,-0.32059,0.37009,0.09998
8,0.28896,361.60858,28,-0.31577,0.36875,0.09998
8,0.28896,361.60858,29,-0.31098,0.36742,0.09998
8,0.28896,361.60858,30,-0.3062,0.3661,0.09998
8,0.28896,361.60858,31,-0.30144,0.36478,0.09998
8,0.28896,361.60858,32,-0.29669,0.36346,0.09998
8,0.28896,361.60858,33,-0.29197,0.36215,0.09998
8,0.28896,361.60858,34,-0.28726,0.36084,0.09998
8,0.28896,361.60858,35,-0.28257,0.35954,0.09998
8,0.28896,361.60858,36,-0.2779,0.35824,0.09998
8,0.28896,361.60858,37,-0.27324,0.35695,0.09998
8,0.28896,361.60858,38,-0.2686,0.35566,0.09998
8,0.28896,361.60858,39,-0.26398,0.35438,0.09998
8,0.28896,361.60858,40,-0.25937,0.3531,0.09998
8,0.28896,361.60858,41,-0.25478,0.35183,0.09998
8,0.28896,361.60858,42,-0.25021,0.35056,0.09998
8,0.28896,361.60858,43,-0.24565,0.3493,0.09998
8,0.28896,361.60858,44,-0.24111,0.34803,0.09998
8,0.28896,361.60858,45,-0.23658,0.34678,0.09998
8,0.28896,361.60858,46,-0.23207,0.34553,0.09998
8,0.28896,361.60858,47,-0.22758,0.34428,0.09998
8,0.28896,361.60858,48,-0.2231,0.34304,0.09998
8,0.28896,361.60858,49,-0.21864,0.3418,0.09998
8,0.28896,361.60858,50,-0.21419,0.34057,0.09998
8,0.28896,361.60858,51,-0.20976,0.33934,0.09998
8,0.28896,361.60858,52,-0.20534,0.33811,0.09998
8,0.28896,361.60858,53,-0.20094,0.33689,0.09998
8,0.28896,361.60858,54,-0.19655,0.33567,0.09998
8,0.28896,361.60858,55,-0.19218,0.33446,0.09998
8,0.28896,361.60858,56,-0.18782,0.33325,0.09998
8,0.28896,361.60858,57,-0.18348,0.33204,0.09998
8,0.28896,361.60858,58,-0.17915,0.33084,0.09998
8,0.28896,361.60858,59,-0.17484,0.32964,0.09998
8,0.28896,361.60858,60,-0.17054,0.32845,0.09998
8,0.28896,361.60858,61,-0.16625,0.32726,0.09998
8,0.28896,361.60858,62,-0.16198,0.32608,0.09998
8,0.28896,361.60858,63,-0.15772,0.3249,0.09998
8,0.28896,361.60858,64,-0.15348,0.32372,0.09998
8,0.28896,361.60858,65,-0.14925,0.32254,0.09998
8,0.28896,361.60858,66,-0.14503,0.32137,0.09998
8,0.28896,361.60858,67,-0.14083,0.32021,0.09998
8,0.28896,361.60858,68,-0.13664,0.31905,0.09998
8,0.28896,361.60858,69,-0.13247,0.31789,0.09998
8,0.28896,361.60858,70,-0.1283,0.31673,0.09998
8,0.28896,361.60858,71,-0.12415,0.31558,0.09998
8,0.28896,361.60858,72,-0.12002,0.31443,0.09998
8,0.28896,361.60858,73,-0.1159,0.31329,0.09998
8,0.28896,361.60858,74,-0.11179,0.31215,0.09998
8,0.28896,361.60858,75,-0.10769,0.31101,0.09998
8,0.28896,361.60858,76,-0.1036,0.30988,0.09998
8,0.28896,361.60858,77,-0.09953,0.30875,0.09998
8,0.28896,361.60858,78,-0.09547,0.30762,0.09998
8,0.28896,361.60858,79,-0.09143,0.3065,0.09998
8,0.28896,361.60858,80,-0.08739,0.30538,0.09998
8,0.28896,361.60858,81,-0.08337,0.30426,0.09998
8,0.28896,361.60858,82,-0.07936,0.30315,0.09998
8,0.28896,361.60858,83,-0.07537,0.30204,0.09998
8,0.28896,361.60858,84,-0.07138,0.30094,0.09998
8,0.28896,361.60858,85,-0.06741,0.29983,0.09998
8,0.28896,361.60858,86,-0.06345,0.29874,0.09998
8,0.28896,361.60858,87,-0.0595,0.29764,0.09998
8,0.28896,361.60858,88,-0.05557,0.29655,0.09998
8,0.28896,361.60858,89,-0.05164,0.29546,0.09998
8,0.28896,361.60858,90,-0.04773,0.29437,0.09998
8,0.28896,361.60858,91,-0.04383,0.29329,0.09998
8,0.28896,361.60858,92,-0.03994,0.29221,0.09998
8,0.28896,361.60858,93,-0.03606,0.29113,0.09998
8,0.28896,361.60858,94,-0.03219,0.29006,0.09998
8,0.28896,361.60858,95,-0.02834,0.28899,0.09998
8,0.28896,361.60858,96,-0.0245,0.28793,0.09998
8,0.28896,361.60858,97,-0.02066,0.28686,0.09998
8,0.28896,361.60858,98,-0.01684,0.2858,0.09998
8,0.28896,361.60858,99,-0.01303,0.28474,0.09998
8,0.28896,361.60858,100,-0.00923,0.28369,0.09998
8,0.28896,361.60858,101,-0.00545,0.28264,0.09998
8,0.28896,361.60858,102,-0.00167,0.28159,0.09998
8,0.28896,361.60858,103,0.00209,0.28055,0.09998
8,0.28896,361.60858,104,0.00584,0.2795,0.09998
8,0.28896,361.60858,105,0.00958,0.27847,0.09998
8,0.28896,361.60858,106,0.01332,0.27743,0.09998
8,0.28896,361.60858,107,0.01704,0.2764,0.09998
8,0.28896,361.60858,108,0.02075,0.27537,0.09998
8,0.28896,361.60858,109,0.02445,0.27434,0.09998
8,0.28896,361.60858,110,0.02814,0.27332,0.09998
8,0.28896,361.60858,111,0.03182,0.27229,0.09998
8,0.28896,361.60858,112,0.03549,0.27128,0.09998
8,0.28896,361.60858,113,0.03915,0.27026,0.09998
8,0.28896,361.60858,114,0.0428,0.26925,0.09998
8,0.28896,361.60858,115,0.04644,0.26824,0.09998
8,0.28896,361.60858,116,0.05007,0.26723,0.09998
8,0.28896,361.60858,117,0.05369,0.26623,0.09998
8,0.28896,361.60858,118,0.0573,0.26523,0.09998
8,0.28896,361.60858,119,0.06089,0.26423,0.09998
8,0.28896,361.60858,120,0.06448,0.26323,0.09998
9,0.2222,357.53051,1,0.00443,0.21302,0.44385
9,0.2222,357.53051,2,-0.03763,0.2586,0.49227
9,0.2222,357.53051,3,-0.07951,0.30398,0.52644
9,0.2222,357.53051,4,-0.12121,0.34917,0.54642
9,0.2222,357.53051,5,-0.16156,0.38945,0.55231
9,0.2222,357.53051,6,-0.19204,0.39001,0.54456
9,0.2222,357.53051,7,-0.22234,0.39001,0.52289
9,0.2222,357.53051,8,-0.25254,0.39001,0.48725
9,0.2222,357.53051,9,-0.28264,0.39001,0.43769
9,0.2222,357.53051,10,-0.31261,0.39001,0.3743
9,0.2222,357.53051,11,-0.34245,0.39001,0.29716
9,0.2222,357.53051,12,-0.37214,0.39001,0.20638
9,0.2222,357.53051,13,-0.39001,0.38933,0.10491
9,0.2222,357.53051,14,-0.38548,0.38776,0.10318
9,0.2222,357.53051,15,-0.3804,0.3862,0.10103
9,0.2222,357.53051,16,-0.37535,0.38466,0.09998
9,0.2222,357.53051,17,-0.37033,0.38312,0.09998
9,0.2222,357.53051,18,-0.36532,0.38158,0.09998
9,0.2222,357.53051,19,-0.36034,0.38006,0.09998
9,0.2222,357.53051,20,-0.35537,0.37854,0.09998
9,0.2222,357.53051,21,-0.35042,0.37702,0.09998
9,0.2222,357.53051,22,-0.3455,0.37551,0.09998
9,0.2222,357.53051,23,-0.34059,0.37401,0.09998
9,0.2222,357.53051,24,-0.3357,0.37251,0.09998
9,0.2222,357.53051,25,-0.33083,0.37102,0.09998
9,0.2222,357.53051,26,-0.32598,0.36953,0.09998
9,0.2222,357.53051,27,-0.32115,0.36805,0.09998
9,0.2222,357.53051,28,-0.31634,0.36658,0.09998
9,0.2222,357.53051,29,-0.31154,0.36511,0.09998
9,0.2222,357.53051,30,-0.30676,0.36365,0.09998
9,0.2222,357.53051,31,-0.302,0.36219,0.09998
9,0.2222,357.53051,32,-0.29726,0.36073,0.09998
9,0.2222,357.53051,33,-0.29254,0.35929,0.09998
9,0.2222,357.53051,34,-0.28783,0.35784,0.09998
9,0.2222,357.53051,35,-0.28314,0.35641,0.09998
9,0.2222,357.53051,36,-0.27847,0.35498,0.09998
9,0.2222,357.53051,37,-0.27381,0.35355,0.09998
9,0.2222,357.53051,38,-0.26917,0.35213,0.09998
9,0.2222,357.53051,39,-0.26455,0.35071,0.09998
9,0.2222,357.53051,40,-0.25994,0.3493,0.09998
9,0.2222,357.53051,41,-0.25535,0.3479,0.09998
9,0.2222,357.53051,42,-0.25078,0.3465,0.09998
9,0.2222,357.53051,43,-0.24622,0.3451,0.09998
9,0.2222,357.53051,44,-0.24168,0.34371,0.09998
9,0.2222,357.53051,45,-0.23716,0.34232,0.09998
9,0.2222,357.53051,46,-0.23265,0.34094,0.09998
9,0.2222,357.53051,47,-0.22816,0.33956,0.09998
9,0.2222,357.53051,48,-0.22368,0.33819,0.09998
9,0.2222,357.53051,49,-0.21922,0.33683,0.09998
9,0.2222,357.53051,50,-0.21477,0.33546,0.09998
9,0.2222,357.53051,51,-0.21034,0.33411,0.09998
9,0.2222,357.53051,52,-0.20592,0.33275,0.09998
9,0.2222,357.53051,53,-0.20152,0.3314,0.09998
9,0.2222,357.53051,54,-0.19713,0.33006,0.09998
9,0.2222,357.53051,55,-0.19276,0.32872,0.09998
9,0.2222,357.53051,56,-0.1884,0.32739,0.09998
9,0.2222,357.53051,57,-0.18406,0.32606,0.09998
9,0.2222,357.53051,58,-0.17973,0.32473,0.09998
9,0.2222,357.53051,59,-0.17542,0.32341,0.09998
9,0.2222,357.53051,60,-0.17112,0.32209,0.09998
9,0.2222,357.53051,61,-0.16684,0.32078,0.09998
9,0.2222,357.53051,62,-0.16256,0.31947,0.09998
9,0.2222,357.53051,63,-0.15831,0.31817,0.09998
9,0.2222,357.53051,64,-0.15406,0.31687,0.09998
9,0.2222,357.53051,65,-0.14983,0.31557,0.09998
9,0.2222,357.53051,66,-0.14562,0.31428,0.09998
9,0.2222,357.53051,67,-0.14142,0.31299,0.09998
9,0.2222,357.53051,68,-0.13723,0.31171,0.09998
9,0.2222,357.53051,69,-0.13305,0.31043,0.09998
9,0.2222,357.53051,70,-0.12889,0.30915,0.09998
9,0.2222,357.53051,71,-0.12474,0.30788,0.09998
9,0.2222,357.53051,72,-0.1206,0.30662,0.09998
9,0.2222,357.53051,73,-0.11648,0.30535,0.09998
9,0.2222,357.53051,74,-0.11237,0.30409,0.09998
9,0.2222,357.53051,75,-0.10828,0.30284,0.09998
9,0.2222,357.53051,76,-0.10419,0.30159,0.09998
9,0.2222,357.53051,77,-0.10012,0.30034,0.09998
9,0.2222,357.53051,78,-0.09606,0.2991,0.09998
9,0.2222,357.53051,79,-0.09202,0.29786,0.09998
9,0.2222,357.53051,80,-0.08798,0.29662,0.09998
9,0.2222,357.53051,81,-0.08396,0.29539,0.09998
9,0.2222,357.53051,82,-0.07995,0.29416,0.09998
9,0.2222,357.53051,83,-0.07596,0.29294,0.09998
9,0.2222,357.53051,84,-0.07197,0.29172,0.09998
9,0.2222,357.53051,85,-0.068,0.2905,0.09998
9,0.2222,357.53051,86,-0.06404,0.28929,0.09998
9,0.2222,357.53051,87,-0.06009,0.28808,0.09998
9,0.2222,357.53051,88,-0.05616,0.28687,0.09998
9,0.2222,357.53051,89,-0.05223,0.28567,0.09998
9,0.2222,357.53051,90,-0.04832,0.28447,0.09998
9,0.2222,357.53051,91,-0.04442,0.28328,0.09998
9,0.2222,357.53051,92,-0.04053,0.28208,0.09998
9,0.2222,357.53051,93,-0.03665,0.2809,0.09998
9,0.2222,357.53051,94,-0.03279,0.27971,0.09998
9,0.2222,357.53051,95,-0.02893,0.27853,0.09998
9,0.2222,357.53051,96,-0.02509,0.27735,0.09998
9,0.2222,357.53051,97,-0.02126,0.27618,0.09998
9,0.2222,357.53051,98,-0.01744,0.27501,0.09998
9,0.2222,357.53051,99,-0.01363,0.27384,0.09998
9,0.2222,357.53051,100,-0.00983,0.27268,0.09998
9,0.2222,357.53051,101,-0.00604,0.27152,0.09998
9,0.2222,357.53051,102,-0.00226,0.27036,0.09998
9,0.2222,357.53051,103,0.00149,0.26921,0.09998
9,0.2222,357.53051,104,0.00525,0.26806,0.09998
9,0.2222,357.53051,105,0.00899,0.26691,0.09998
9,0.2222,357.53051,106,0.01272,0.26577,0.09998
9,0.2222,357.53051,107,0.01644,0.26463,0.09998
9,0.2222,357.53051,108,0.02016,0.26349,0.09998
9,0.2222,357.53051,109,0.02386,0.26236,0.09998
9,0.2222,357.53051,110,0.02755,0.26123,0.09998
9,0.2222,357.53051,111,0.03123,0.2601,0.09998
9,0.2222,357.53051,112,0.0349,0.25897,0.09998
9,0.2222,357.53051,113,0.03856,0.25785,0.09998
9,0.2222,357.53051,114,0.04221,0.25673,0.09998
9,0.2222,357.53051,115,0.04585,0.25562,0.09998
9,0.2222,357.53051,116,0.04947,0.25451,0.09998
9,0.2222,357.53051,117,0.05309,0.2534,0.09998
9,0.2222,357.53051,118,0.0567,0.25229,0.09998
9,0.2222,357.53051,119,0.0603,0.25119,0.09998
9,0.2222,357.53051,120,0.06389,0.25009,0.09998
10,0.53319,354.69122,1,0.00443,0.21302,0.44385
10,0.53319,354.69122,2,-0.03763,0.2586,0.49227
10,0.53319,354.69122,3,-0.07951,0.30398,0.52644
10,0.53319,354.69122,4,-0.12121,0.34917,0.54642
10,0.53319,354.69122,5,-0.16143,0.38867,0.55231
10,0.53319,354.69122,6,-0.191,0.38411,0.54422
10,0.53319,354.69122,7,-0.22049,0.37955,0.52212
10,0.53319,354.69122,8,-0.24988,0.37501,0.48604
10,0.53319,354.69122,9,-0.27917,0.37049,0.43606
10,0.53319,354.69122,10,-0.30834,0.36599,0.37224
10,0.53319,354.69122,11,-0.33738,0.3615,0.29467
10,0.53319,354.69122,12,-0.36627,0.35704,0.20346
10,0.53319,354.69122,13,-0.38968,0.35234,0.10004
10,0.53319,354.69122,14,-0.38886,0.34825,0.1216
10,0.53319,354.69122,15,-0.38805,0.34418,0.12906
10,0.53319,354.69122,16,-0.38723,0.34011,0.12246
10,0.53319,354.69122,17,-0.38642,0.33605,0.10182
10,0.53319,354.69122,18,-0.38562,0.33205,0.09998
10,0.53319,354.69122,19,-0.38482,0.32806,0.09998
10,0.53319,354.69122,20,-0.38402,0.32409,0.09998
10,0.53319,354.69122,21,-0.38323,0.32013,0.09998
10,0.53319,354.69122,22,-0.38244,0.3162,0.09998
10,0.53319,354.69122,23,-0.38166,0.31227,0.09998
10,0.53319,354.69122,24,-0.38087,0.30837,0.09998
10,0.53319,354.69122,25,-0.3801,0.30448,0.09998
10,0.53319,354.69122,26,-0.37932,0.3006,0.09998
10,0.53319,354.69122,27,-0.37855,0.29674,0.09998
10,0.53319,354.69122,28,-0.37778,0.2929,0.09998
10,0.53319,354.69122,29,-0.37701,0.28907,0.09998
10,0.53319,354.69122,30,-0.37625,0.28525,0.09998
10,0.53319,354.69122,31,-0.37549,0.28146,0.09998
10,0.53319,354.69122,32,-0.37473,0.27767,0.09998
10,0.53319,354.69122,33,-0.37397,0.2739,0.09998
10,0.53319,354.69122,34,-0.37322,0.27015,0.09998
10,0.53319,354.69122,35,-0.37247,0.26641,0.09998
10,0.53319,354.69122,36,-0.37173,0.26268,0.09998
10,0.53319,354.69122,37,-0.37098,0.25897,0.09998
10,0.53319,354.69122,38,-0.37024,0.25527,0.09998
10,0.53319,354.69122,39,-0.36951,0.25159,0.09998
10,0.53319,354.69122,40,-0.36877,0.24792,0.09998
10,0.53319,354.69122,41,-0.36804,0.24426,0.09998
10,0.53319,354.69122,42,-0.36731,0.24062,0.09998
10,0.53319,354.69122,43,-0.36658,0.23699,0.09998
10,0.53319,354.69122,44,-0.36586,0.23337,0.09998
10,0.53319,354.69122,45,-0.36514,0.22977,0.09998
10,0.53319,354.69122,46,-0.36442,0.22618,0.09998
10,0.53319,354.69122,47,-0.3637,0.2226,0.09998
10,0.53319,354.69122,48,-0.36299,0.21904,0.09998
10,0.53319,354.69122,49,-0.36228,0.21549,0.09998
10,0.53319,354.69122,50,-0.36157,0.21195,0.09998
10,0.53319,354.69122,51,-0.36086,0.20842,0.09998
10,0.53319,354.69122,52,-0.36016,0.20491,0.09998
10,0.53319,354.69122,53,-0.35946,0.20141,0.09998
10,0.53319,354.69122,54,-0.35876,0.19792,0.09998
10,0.53319,354.69122,55,-0.35806,0.19444,0.09998
10,0.53319,354.69122,56,-0.35737,0.19098,0.09998
10,0.53319,354.69122,57,-0.35668,0.18752,0.09998
10,0.53319,354.69122,58,-0.35599,0.18408,0.09998
10,0.53319,354.69122,59,-0.3553,0.18065,0.09998
10,0.53319,354.69122,60,-0.35462,0.17723,0.09998
10,0.53319,354.69122,61,-0.35394,0.17383,0.09998
10,0.53319,354.69122,62,-0.35326,0.17043,0.09998
10,0.53319,354.69122,63,-0.35258,0.16705,0.09998
10,0.53319,354.69122,64,-0.35191,0.16368,0.09998
10,0.53319,354.69122,65,-0.35123,0.16032,0.09998
10,0.53319,354.69122,66,-0.35056,0.15697,0.09998
10,0.53319,354.69122,67,-0.34989,0.15363,0.09998
10,0.53319,354.69122,68,-0.34923,0.1503,0.09998
10,0.53319,354.69122,69,-0.34856,0.14699,0.09998
10,0.53319,354.69122,70,-0.3479,0.14368,0.09998
10,0.53319,354.69122,71,-0.34724,0.14039,0.09998
10,0.53319,354.69122,72,-0.34658,0.1371,0.09998
10,0.53319,354.69122,73,-0.34593,0.13383,0.09998
10,0.53319,354.69122,74,-0.34528,0.13057,0.09998
10,0.53319,354.69122,75,-0.34462,0.12731,0.09998
10,0.53319,354.69122,76,-0.34398,0.12407,0.09998
10,0.53319,354.69122,77,-0.34333,0.12084,0.09998
10,0.53319,354.69122,78,-0.34268,0.11762,0.09998
10,0.53319,354.69122,79,-0.34204,0.11441,0.09998
10,0.53319,354.69122,80,-0.3414,0.11121,0.09998
10,0.53319,354.69122,81,-0.34076,0.10802,0.09998
10,0.53319,354.69122,82,-0.34012,0.10484,0.09998
10,0.53319,354.69122,83,-0.33949,0.10167,0.09998
10,0.53319,354.69122,84,-0.33886,0.0985,0.09998
10,0.53319,354.69122,85,-0.33823,0.09535,0.09998
10,0.53319,354.69122,86,-0.3376,0.09221,0.09998
10,0.53319,354.69122,87,-0.33697,0.08908,0.09998
10,0.53319,354.69122,88,-0.33634,0.08596,0.09998
10,0.53319,354.69122,89,-0.33572,0.08285,0.09998
10,0.53319,354.69122,90,-0.3351,0.07974,0.09998
10,0.53319,354.69122,91,-0.33448,0.07665,0.09998
10,0.53319,354.69122,92,-0.33386,0.07357,0.09998
10,0.53319,354.69122,93,-0.33325,0.07049,0.09998
10,0.53319,354.69122,94,-0.33263,0.06742,0.09998
10,0.53319,354.69122,95,-0.33202,0.06437,0.09998
10,0.53319,354.69122,96,-0.33141,0.06132,0.09998
10,0.53319,354.69122,97,-0.3308,0.05828,0.09998
10,0.53319,354.69122,98,-0.3302,0.05525,0.09998
10,0.53319,354.69122,99,-0.32959,0.05223,0.09998
10,0.53319,354.69122,100,-0.32899,0.04922,0.09998
10,0.53319,354.69122,101,-0.32839,0.04622,0.09998
10,0.53319,354.69122,102,-0.32779,0.04323,0.09998
10,0.53319,354.69122,103,-0.32719,0.04024,0.09998
10,0.53319,354.69122,104,-0.3266,0.03727,0.09998
10,0.53319,354.69122,105,-0.326,0.0343,0.09998
10,0.53319,354.69122,106,-0.32541,0.03134,0.09998
10,0.53319,354.69122,107,-0.32482,0.02839,0.09998
10,0.53319,354.69122,108,-0.32423,0.02545,0.09998
10,0.53319,354.69122,109,-0.32364,0.02252,0.09998
10,0.53319,354.69122,110,-0.32306,0.0196,0.09998
10,0.53319,354.69122,111,-0.32247,0.01668,0.09998
10,0.53319,354.69122,112,-0.32189,0.01377,0.09998
10,0.53319,354.69122,113,-0.32131,0.01087,0.09998
10,0.53319,354.69122,114,-0.32073,0.00798,0.09998
10,0.53319,354.69122,115,-0.32015,0.0051,0.09998
10,0.53319,354.69122,116,-0.31958,0.00223,0.09998
10,0.53319,354.69122,117,-0.31901,-0.00063,0.09998
10,0.53319,354.69122,118,-0.31843,-0.00349,0.09998
10,0.53319,354.69122,119,-0.31786,-0.00634,0.09998
10,0.53319,354.69122,120,-0.31729,-0.00918,0.09998
11,0.40537,346.28062,1,0.00443,0.21302,0.44385
11,0.40537,346.28062,2,-0.03763,0.2586,0.49227
11,0.40537,346.28062,3,-0.07951,0.30398,0.52644
11,0.40537,346.28062,4,-0.12121,0.34917,0.54642
11,0.40537,346.28062,5,-0.16145,0.38899,0.55231
11,0.40537,346.28062,6,-0.19121,0.38729,0.54422
11,0.40537,346.28062,7,-0.22088,0.3856,0.52212
11,0.40537,346.28062,8,-0.25047,0.38391,0.48604
11,0.40537,346.28062,9,-0.27994,0.38223,0.43605
11,0.40537,346.28062,10,-0.3093,0.38055,0.37223
11,0.40537,346.28062,11,-0.33853,0.37888,0.29466
11,0.40537,346.28062,12,-0.3676,0.37722,0.20345
11,0.40537,346.28062,13,-0.38966,0.37519,0.10039
11,0.40537,346.28062,14,-0.38588,0.37286,0.11184
11,0.40537,346.28062,15,-0.3821,0.37053,0.10922
11,0.40537,346.28062,16,-0.37834,0.36822,0.09999
11,0.40537,346.28062,17,-0.37461,0.36592,0.09999
11,0.40537,346.28062,18,-0.37089,0.36363,0.09999
11,0.40537,346.28062,19,-0.36719,0.36135,0.09998
11,0.40537,346.28062,20,-0.3635,0.35908,0.09998
11,0.40537,346.28062,21,-0.35983,0.35682,0.09998
11,0.40537,346.28062,22,-0.35617,0.35457,0.09998
11,0.40537,346.28062,23,-0.35253,0.35233,0.09998
11,0.40537,346.28062,24,-0.3489,0.3501,0.09998
11,0.40537,346.28062,25,-0.34529,0.34787,0.09998
11,0.40537,346.28062,26,-0.34169,0.34566,0.09998
11,0.40537,346.28062,27,-0.33811,0.34345,0.09998
11,0.40537,346.28062,28,-0.33454,0.34125,0.09998
11,0.40537,346.28062,29,-0.33098,0.33906,0.09998
11,0.40537,346.28062,30,-0.32744,0.33688,0.09998
11,0.40537,346.28062,31,-0.32391,0.33471,0.09998
11,0.40537,346.28062,32,-0.32039,0.33254,0.09998
11,0.40537,346.28062,33,-0.31689,0.33039,0.09998
11,0.40537,346.28062,34,-0.3134,0.32824,0.09998
11,0.40537,346.28062,35,-0.30992,0.3261,0.09998
11,0.40537,346.28062,36,-0.30646,0.32396,0.09998
11,0.40537,346.28062,37,-0.30301,0.32184,0.09998
11,0.40537,346.28062,38,-0.29957,0.31972,0.09998
11,0.40537,346.28062,39,-0.29614,0.31762,0.09998
11,0.40537,346.28062,40,-0.29273,0.31552,0.09998
11,0.40537,346.28062,41,-0.28933,0.31342,0.09998
11,0.40537,346.28062,42,-0.28594,0.31134,0.09998
11,0.40537,346.28062,43,-0.28257,0.30926,0.09998
11,0.40537,346.28062,44,-0.27921,0.30719,0.09998
11,0.40537,346.28062,45,-0.27585,0.30512,0.09998
11,0.40537,346.28062,46,-0.27252,0.30307,0.09998
11,0.40537,346.28062,47,-0.26919,0.30102,0.09998
11,0.40537,346.28062,48,-0.26587,0.29898,0.09998
11,0.40537,346.28062,49,-0.26257,0.29695,0.09998
11,0.40537,346.28062,50,-0.25928,0.29492,0.09998
11,0.40537,346.28062,51,-0.25599,0.2929,0.09998
11,0.40537,346.28062,52,-0.25272,0.29089,0.09998
11,0.40537,346.28062,53,-0.24947,0.28888,0.09998
11,0.40537,346.28062,54,-0.24622,0.28688,0.09998
11,0.40537,346.28062,55,-0.24298,0.28489,0.09998
11,0.40537,346.28062,56,-0.23976,0.2829,0.09998
11,0.40537,346.28062,57,-0.23654,0.28092,0.09998
11,0.40537,346.28062,58,-0.23334,0.27895,0.09998
11,0.40537,346.28062,59,-0.23015,0.27699,0.09998
11,0.40537,346.28062,60,-0.22697,0.27503,0.09998
11,0.40537,346.28062,61,-0.2238,0.27308,0.09998
11,0.40537,346.28062,62,-0.22064,0.27113,0.09998
11,0.40537,346.28062,63,-0.21749,0.26919,0.09998
11,0.40537,346.28062,64,-0.21435,0.26726,0.09998
11,0.40537,346.28062,65,-0.21122,0.26533,0.09998
11,0.40537,346.28062,66,-0.2081,0.26341,0.09998
11,0.40537,346.28062,67,-0.20499,0.2615,0.09998
11,0.40537,346.28062,68,-0.20189,0.25959,0.09998
11,0.40537,346.28062,69,-0.1988,0.25769,0.09998
11,0.40537,346.28062,70,-0.19573,0.2558,0.09998
11,0.40537,346.28062,71,-0.19266,0.25391,0.09998
11,0.40537,346.28062,72,-0.1896,0.25202,0.09998
11,0.40537,346.28062,73,-0.18655,0.25015,0.09998
11,0.40537,346.28062,74,-0.18351,0.24828,0.09998
11,0.40537,346.28062,75,-0.18048,0.24641,0.09998
11,0.40537,346.28062,76,-0.17746,0.24455,0.09998
11,0.40537,346.28062,77,-0.17445,0.2427,0.09998
11,0.40537,346.28062,78,-0.17145,0.24085,0.09998
11,0.40537,346.28062,79,-0.16846,0.23901,0.09998
11,0.40537,346.28062,80,-0.16548,0.23717,0.09998
11,0.40537,346.28062,81,-0.1625,0.23534,0.09998
11,0.40537,346.28062,82,-0.15954,0.23352,0.09998
11,0.40537,346.28062,83,-0.15658,0.2317,0.09998
11,0.40537,346.28062,84,-0.15364,0.22989,0.09998
11,0.40537,346.28062,85,-0.1507,0.22808,0.09998
11,0.40537,346.28062,86,-0.14778,0.22628,0.09998
11,0.40537,346.28062,87,-0.14486,0.22448,0.09998
11,0.40537,346.28062,88,-0.14195,0.22269,0.09998
11,0.40537,346.28062,89,-0.13905,0.2209,0.09998
11,0.40537,346.28062,90,-0.13615,0.21912,0.09998
11,0.40537,346.28062,91,-0.13327,0.21735,0.09998
11,0.40537,346.28062,92,-0.1304,0.21558,0.09998
11,0.40537,346.28062,93,-0.12753,0.21381,0.09998
11,0.40537,346.28062,94,-0.12467,0.21205,0.09998
11,0.40537,346.28062,95,-0.12182,0.2103,0.09998
11,0.40537,346.28062,96,-0.11898,0.20855,0.09998
11,0.40537,346.28062,97,-0.11615,0.20681,0.09998
11,0.40537,346.28062,98,-0.11333,0.20507,0.09998
11,0.40537,346.28062,99,-0.11051,0.20334,0.09998
11,0.40537,346.28062,100,-0.10771,0.20161,0.09998
11,0.40537,346.28062,101,-0.10491,0.19989,0.09998
11,0.40537,346.28062,102,-0.10212,0.19817,0.09998
11,0.40537,346.28062,103,-0.09933,0.19645,0.09998
11,0.40537,346.28062,104,-0.09656,0.19475,0.09998
11,0.40537,346.28062,105,-0.09379,0.19304,0.09998
11,0.40537,346.28062,106,-0.09104,0.19135,0.09998
11,0.40537,346.28062,107,-0.08829,0.18965,0.09998
11,0.40537,346.28062,108,-0.08554,0.18796,0.09998
11,0.40537,346.28062,109,-0.08281,0.18628,0.09998
11,0.40537,346.28062,110,-0.08008,0.1846,0.09998
11,0.40537,346.28062,111,-0.07736,0.18293,0.09998
11,0.40537,346.28062,112,-0.07465,0.18126,0.09998
11,0.40537,346.28062,113,-0.07195,0.17959,0.09998
11,0.40537,346.28062,114,-0.06925,0.17793,0.09998
11,0.40537,346.28062,115,-0.06656,0.17628,0.09998
11,0.40537,346.28062,116,-0.06388,0.17463,0.09998
11,0.40537,346.28062,117,-0.06121,0.17298,0.09998
11,0.40537,346.28062,118,-0.05854,0.17134,0.09998
11,0.40537,346.28062,119,-0.05589,0.16971,0.09998
11,0.40537,346.28062,120,-0.05323,0.16807,0.09998
12,0.13625,336.96508,1,0.00443,0.21302,0.44385
12,0.13625,336.96508,2,-0.03763,0.2586,0.49227
12,0.13625,336.96508,3,-0.07951,0.30398,0.52644
12,0.13625,336.96508,4,-0.12121,0.34917,0.54642
12,0.13625,336.96508,5,-0.16162,0.38966,0.55231
12,0.13625,336.96508,6,-0.19199,0.39001,0.54463
12,0.13625,336.96508,7,-0.22221,0.39001,0.52298
12,0.13625,336.96508,8,-0.25232,0.39001,0.48736
12,0.13625,336.96508,9,-0.28234,0.39001,0.43782
12,0.13625,336.96508,10,-0.31223,0.39001,0.37445
12,0.13625,336.96508,11,-0.34198,0.39001,0.29733
12,0.13625,336.96508,12,-0.37159,0.39001,0.20656
12,0.13625,336.96508,13,-0.39,0.38937,0.10496
12,0.13625,336.96508,14,-0.38549,0.38778,0.09915
12,0.13625,336.96508,15,-0.38044,0.38622,0.09959
12,0.13625,336.96508,16,-0.37541,0.38466,0.0998
12,0.13625,336.96508,17,-0.3704,0.38311,0.0999
12,0.13625,336.96508,18,-0.36541,0.38156,0.09994
12,0.13625,336.96508,19,-0.36044,0.38002,0.09997
12,0.13625,336.96508,20,-0.35549,0.37849,0.09998
12,0.13625,336.96508,21,-0.35055,0.37696,0.09998
12,0.13625,336.96508,22,-0.34564,0.37544,0.09998
12,0.13625,336.96508,23,-0.34075,0.37392,0.09998
12,0.13625,336.96508,24,-0.33587,0.37241,0.09998
12,0.13625,336.96508,25,-0.33102,0.37091,0.09998
12,0.13625,336.96508,26,-0.32618,0.36941,0.09998
12,0.13625,336.96508,27,-0.32137,0.36792,0.09998
12,0.13625,336.96508,28,-0.31657,0.36643,0.09998
12,0.13625,336.96508,29,-0.31178,0.36495,0.09998
12,0.13625,336.96508,30,-0.30702,0.36347,0.09998
12,0.13625,336.96508,31,-0.30228,0.362,0.09998
12,0.13625,336.96508,32,-0.29755,0.36054,0.09998
12,0.13625,336.96508,33,-0.29284,0.35908,0.09998
12,0.13625,336.96508,34,-0.28815,0.35763,0.09998
12,0.13625,336.96508,35,-0.28347,0.35618,0.09998
12,0.13625,336.96508,36,-0.27881,0.35473,0.09998
12,0.13625,336.96508,37,-0.27417,0.3533,0.09998
12,0.13625,336.96508,38,-0.26955,0.35186,0.09998
12,0.13625,336.96508,39,-0.26494,0.35044,0.09998
12,0.13625,336.96508,40,-0.26035,0.34901,0.09998
12,0.13625,336.96508,41,-0.25577,0.3476,0.09998
12,0.13625,336.96508,42,-0.25122,0.34618,0.09998
12,0.13625,336.96508,43,-0.24667,0.34478,0.09998
12,0.13625,336.96508,44,-0.24215,0.34338,0.09998
12,0.13625,336.96508,45,-0.23764,0.34198,0.09998
12,0.13625,336.96508,46,-0.23314,0.34059,0.09998
12,0.13625,336.96508,47,-0.22866,0.3392,0.09998
12,0.13625,336.96508,48,-0.2242,0.33782,0.09998
12,0.13625,336.96508,49,-0.21975,0.33644,0.09998
12,0.13625,336.96508,50,-0.21532,0.33506,0.09998
12,0.13625,336.96508,51,-0.2109,0.3337,0.09998
12,0.13625,336.96508,52,-0.2065,0.33233,0.09998
12,0.13625,336.96508,53,-0.20211,0.33097,0.09998
12,0.13625,336.96508,54,-0.19774,0.32962,0.09998
12,0.13625,336.96508,55,-0.19339,0.32827,0.09998
12,0.13625,336.96508,56,-0.18904,0.32692,0.09998
12,0.13625,336.96508,57,-0.18471,0.32558,0.09998
12,0.13625,336.96508,58,-0.1804,0.32425,0.09998
12,0.13625,336.96508,59,-0.1761,0.32292,0.09998
12,0.13625,336.96508,60,-0.17182,0.32159,0.09998
12,0.13625,336.96508,61,-0.16755,0.32026,0.09998
12,0.13625,336.96508,62,-0.16329,0.31895,0.09998
12,0.13625,336.96508,63,-0.15905,0.31763,0.09998
12,0.13625,336.96508,64,-0.15482,0.31632,0.09998
12,0.13625,336.96508,65,-0.1506,0.31502,0.09998
12,0.13625,336.96508,66,-0.1464,0.31371,0.09998
12,0.13625,336.96508,67,-0.14221,0.31242,0.09998
12,0.13625,336.96508,68,-0.13804,0.31112,0.09998
12,0.13625,336.96508,69,-0.13388,0.30983,0.09998
12,0.13625,336.96508,70,-0.12973,0.30855,0.09998
12,0.13625,336.96508,71,-0.1256,0.30727,0.09998
12,0.13625,336.96508,72,-0.12147,0.30599,0.09998
12,0.13625,336.96508,73,-0.11737,0.30472,0.09998
12,0.13625,336.96508,74,-0.11327,0.30345,0.09998
12,0.13625,336.96508,75,-0.10919,0.30219,0.09998
12,0.13625,336.96508,76,-0.10512,0.30092,0.09998
12,0.13625,336.96508,77,-0.10106,0.29967,0.09998
12,0.13625,336.96508,78,-0.09702,0.29842,0.09998
12,0.13625,336.96508,79,-0.09299,0.29717,0.09998
12,0.13625,336.96508,80,-0.08897,0.29592,0.09998
12,0.13625,336.96508,81,-0.08496,0.29468,0.09998
12,0.13625,336.96508,82,-0.08096,0.29344,0.09998
12,0.13625,336.96508,83,-0.07698,0.29221,0.09998
12,0.13625,336.96508,84,-0.07301,0.29098,0.09998
12,0.13625,336.96508,85,-0.06905,0.28975,0.09998
12,0.13625,336.96508,86,-0.06511,0.28853,0.09998
12,0.13625,336.96508,87,-0.06117,0.28731,0.09998
12,0.13625,336.96508,88,-0.05725,0.2861,0.09998
12,0.13625,336.96508,89,-0.05334,0.28489,0.09998
12,0.13625,336.96508,90,-0.04944,0.28368,0.09998
12,0.13625,336.96508,91,-0.04556,0.28247,0.09998
12,0.13625,336.96508,92,-0.04168,0.28127,0.09998
12,0.13625,336.96508,93,-0.03782,0.28008,0.09998
12,0.13625,336.96508,94,-0.03397,0.27888,0.09998
12,0.13625,336.96508,95,-0.03013,0.27769,0.09998
12,0.13625,336.96508,96,-0.0263,0.27651,0.09998
12,0.13625,336.96508,97,-0.02248,0.27532,0.09998
12,0.13625,336.96508,98,-0.01867,0.27414,0.09998
12,0.13625,336.96508,99,-0.01488,0.27297,0.09998
12,0.13625,336.96508,100,-0.01109,0.2718,0.09998
12,0.13625,336.96508,101,-0.00732,0.27063,0.09998
12,0.13625,336.96508,102,-0.00355,0.26946,0.09998
12,0.13625,336.96508,103,0.00019,0.2683,0.09998
12,0.13625,336.96508,104,0.00393,0.26714,0.09998
12,0.13625,336.96508,105,0.00766,0.26598,0.09998
12,0.13625,336.96508,106,0.01138,0.26483,0.09998
12,0.13625,336.96508,107,0.01509,0.26368,0.09998
12,0.13625,336.96508,108,0.01878,0.26254,0.09998
12,0.13625,336.96508,109,0.02247,0.2614,0.09998
12,0.13625,336.96508,110,0.02615,0.26026,0.09998
12,0.13625,336.96508,111,0.02982,0.25912,0.09998
12,0.13625,336.96508,112,0.03347,0.25799,0.09998
12,0.13625,336.96508,113,0.03712,0.25686,0.09998
12,0.13625,336.96508,114,0.04075,0.25573,0.09998
12,0.13625,336.96508,115,0.04438,0.25461,0.09998
12,0.13625,336.96508,116,0.04799,0.25349,0.09998
12,0.13625,336.96508,117,0.0516,0.25237,0.09998
12,0.13625,336.96508,118,0.05519,0.25126,0.09998
12,0.13625,336.96508,119,0.05878,0.25015,0.09998
12,0.13625,336.96508,120,0.06235,0.24904,0.09998
13,0.41885,336.38519,1,0.00443,0.21302,0.44385
13,0.41885,336.38519,2,-0.03763,0.2586,0.49227
13,0.41885,336.38519,3,-0.07951,0.30398,0.52644
13,0.41885,336.38519,4,-0.12121,0.34917,0.54642
13,0.41885,336.38519,5,-0.16144,0.38896,0.55231
13,0.41885,336.38519,6,-0.19113,0.38696,0.54422
13,0.41885,336.38519,7,-0.22073,0.38496,0.52212
13,0.41885,336.38519,8,-0.25023,0.38297,0.48604
13,0.41885,336.38519,9,-0.27963,0.38099,0.43605
13,0.41885,336.38519,10,-0.30892,0.37901,0.37223
13,0.41885,336.38519,11,-0.33807,0.37705,0.29466
13,0.41885,336.38519,12,-0.36707,0.37509,0.20345
13,0.41885,336.38519,13,-0.38915,0.37277,0.10038
13,0.41885,336.38519,14,-0.38267,0.37013,0.11254
13,0.41885,336.38519,15,-0.37621,0.36749,0.11062
13,0.41885,336.38519,16,-0.36977,0.36486,0.09999
13,0.41885,336.38519,17,-0.36338,0.36225,0.09999
13,0.41885,336.38519,18,-0.35702,0.35965,0.09999
13,0.41885,336.38519,19,-0.35069,0.35706,0.09999
13,0.41885,336.38519,20,-0.34439,0.35448,0.09999
13,0.41885,336.38519,21,-0.33811,0.35192,0.09999
13,0.41885,336.38519,22,-0.33185,0.34936,0.09999
13,0.41885,336.38519,23,-0.32563,0.34682,0.09998
13,0.41885,336.38519,24,-0.31943,0.34429,0.09998
13,0.41885,336.38519,25,-0.31325,0.34176,0.09998
13,0.41885,336.38519,26,-0.3071,0.33925,0.09998
13,0.41885,336.38519,27,-0.30097,0.33675,0.09998
13,0.41885,336.38519,28,-0.29487,0.33425,0.09998
13,0.41885,336.38519,29,-0.28879,0.33177,0.09998
13,0.41885,336.38519,30,-0.28274,0.3293,0.09998
13,0.41885,336.38519,31,-0.27671,0.32683,0.09998
13,0.41885,336.38519,32,-0.27071,0.32438,0.09998
13,0.41885,336.38519,33,-0.26472,0.32193,0.09998
13,0.41885,336.38519,34,-0.25877,0.3195,0.09998
13,0.41885,336.38519,35,-0.25283,0.31707,0.09998
13,0.41885,336.38519,36,-0.24692,0.31466,0.09998
13,0.41885,336.38519,37,-0.24103,0.31225,0.09998
13,0.41885,336.38519,38,-0.23516,0.30985,0.09998
13,0.41885,336.38519,39,-0.22931,0.30747,0.09998
13,0.41885,336.38519,40,-0.22349,0.30509,0.09998
13,0.41885,336.38519,41,-0.21769,0.30272,0.09998
13,0.41885,336.38519,42,-0.21191,0.30035,0.09998
13,0.41885,336.38519,43,-0.20615,0.298,0.09998
13,0.41885,336.38519,44,-0.20042,0.29566,0.09998
13,0.41885,336.38519,45,-0.1947,0.29332,0.09998
13,0.41885,336.38519,46,-0.18901,0.291,0.09998
13,0.41885,336.38519,47,-0.18333,0.28868,0.09998
13,0.41885,336.38519,48,-0.17768,0.28637,0.09998
13,0.41885,336.38519,49,-0.17205,0.28407,0.09998
13,0.41885,336.38519,50,-0.16643,0.28177,0.09998
13,0.41885,336.38519,51,-0.16084,0.27949,0.09998
13,0.41885,336.38519,52,-0.15527,0.27721,0.09998
13,0.41885,336.38519,53,-0.14972,0.27494,0.09998
13,0.41885,336.38519,54,-0.14419,0.27268,0.09998
13,0.41885,336.38519,55,-0.13867,0.27043,0.09998
13,0.41885,336.38519,56,-0.13318,0.26819,0.09998
13,0.41885,336.38519,57,-0.12771,0.26595,0.09998
13,0.41885,336.38519,58,-0.12225,0.26372,0.09998
13,0.41885,336.38519,59,-0.11681,0.2615,0.09998
13,0.41885,336.38519,60,-0.1114,0.25928,0.09998
13,0.41885,336.38519,61,-0.106,0.25708,0.09998
13,0.41885,336.38519,62,-0.10062,0.25488,0.09998
13,0.41885,336.38519,63,-0.09526,0.25269,0.09998
13,0.41885,336.38519,64,-0.08991,0.25051,0.09998
13,0.41885,336.38519,65,-0.08459,0.24833,0.09998
13,0.41885,336.38519,66,-0.07928,0.24616,0.09998
13,0.41885,336.38519,67,-0.07399,0.244,0.09998
13,0.41885,336.38519,68,-0.06872,0.24185,0.09998
13,0.41885,336.38519,69,-0.06347,0.2397,0.09998
13,0.41885,336.38519,70,-0.05823,0.23756,0.09998
13,0.41885,336.38519,71,-0.05301,0.23543,0.09998
13,0.41885,336.38519,72,-0.04781,0.2333,0.09998
13,0.41885,336.38519,73,-0.04263,0.23119,0.09998
13,0.41885,336.38519,74,-0.03746,0.22907,0.09998
13,0.41885,336.38519,75,-0.03231,0.22697,0.09998
13,0.41885,336.38519,76,-0.02718,0.22487,0.09998
13,0.41885,336.38519,77,-0.02206,0.22278,0.09998
13,0.41885,336.38519,78,-0.01696,0.2207,0.09998
13,0.41885,336.38519,79,-0.01188,0.21862,0.09998
13,0.41885,336.38519,80,-0.00681,0.21655,0.09998
13,0.41885,336.38519,81,-0.00176,0.21449,0.09998
13,0.41885,336.38519,82,0.00327,0.21243,0.09998
13,0.41885,336.38519,83,0.00829,0.21038,0.09998
13,0.41885,336.38519,84,0.01329,0.20833,0.09998
13,0.41885,336.38519,85,0.01827,0.2063,0.09998
13,0.41885,336.38519,86,0.02325,0.20427,0.09998
13,0.41885,336.38519,87,0.0282,0.20224,0.09998
13,0.41885,336.38519,88,0.03314,0.20022,0.09998
13,0.41885,336.38519,89,0.03806,0.19821,0.09998
13,0.41885,336.38519,90,0.04297,0.1962,0.09998
13,0.41885,336.38519,91,0.04787,0.19421,0.09998
13,0.41885,336.38519,92,0.05275,0.19221,0.09998
13,0.41885,336.38519,93,0.05761,0.19022,0.09998
13,0.41885,336.38519,94,0.06246,0.18824,0.09998
13,0.41885,336.38519,95,0.06729,0.18627,0.09998
13,0.41885,336.38519,96,0.07211,0.1843,0.09998
13,0.41885,336.38519,97,0.07691,0.18234,0.09998
13,0.41885,336.38519,98,0.0817,0.18038,0.09998
13,0.41885,336.38519,99,0.08647,0.17843,0.09998
13,0.41885,336.38519,100,0.09123,0.17648,0.09998
13,0.41885,336.38519,101,0.09598,0.17455,0.09998
13,0.41885,336.38519,102,0.10071,0.17261,0.09998
13,0.41885,336.38519,103,0.10543,0.17069,0.09998
13,0.41885,336.38519,104,0.11013,0.16876,0.09998
13,0.41885,336.38519,105,0.11482,0.16685,0.09998
13,0.41885,336.38519,106,0.11949,0.16494,0.09998
13,0.41885,336.38519,107,0.12415,0.16303,0.09998
13,0.41885,336.38519,108,0.1288,0.16114,0.09998
13,0.41885,336.38519,109,0.13343,0.15924,0.09998
13,0.41885,336.38519,110,0.13805,0.15735,0.09998
13,0.41885,336.38519,111,0.14266,0.15547,0.09998
13,0.41885,336.38519,112,0.14725,0.1536,0.09998
13,0.41885,336.38519,113,0.15183,0.15173,0.09998
13,0.41885,336.38519,114,0.1564,0.14986,0.09998
13,0.41885,336.38519,115,0.16095,0.148,0.09998
13,0.41885,336.38519,116,0.16549,0.14615,0.09998
13,0.41885,336.38519,117,0.17001,0.1443,0.09998
13,0.41885,336.38519,118,0.17452,0.14245,0.09998
13,0.41885,336.38519,119,0.17902,0.14061,0.09998
13,0.41885,336.38519,120,0.18351,0.13878,0.09998
14,0.1368,340.00556,1,0.00443,0.21302,0.44385
14,0.1368,340.00556,2,-0.03763,0.2586,0.49227
14,0.1368,340.00556,3,-0.07951,0.30398,0.52644
14,0.1368,340.00556,4,-0.12121,0.34917,0.54642
14,0.1368,340.00556,5,-0.16162,0.38966,0.55231
14,0.1368,340.00556,6,-0.19199,0.39001,0.54463
14,0.1368,340.00556,7,-0.22221,0.39001,0.52298
14,0.1368,340.00556,8,-0.25232,0.39001,0.48736
14,0.1368,340.00556,9,-0.28234,0.39001,0.43782
14,0.1368,340.00556,10,-0.31223,0.39001,0.37445
14,0.1368,340.00556,11,-0.34198,0.39001,0.29733
14,0.1368,340.00556,12,-0.37159,0.39001,0.20656
14,0.1368,340.00556,13,-0.39001,0.38937,0.10496
14,0.1368,340.00556,14,-0.38549,0.38778,0.09918
14,0.1368,340.00556,15,-0.38044,0.38622,0.0996
14,0.1368,340.00556,16,-0.37541,0.38466,0.0998
14,0.1368,340.00556,17,-0.3704,0.38311,0.0999
14,0.1368,340.00556,18,-0.36541,0.38156,0.09994
14,0.1368,340.00556,19,-0.36044,0.38002,0.09997
14,0.1368,340.00556,20,-0.35548,0.37849,0.09998
14,0.1368,340.00556,21,-0.35055,0.37696,0.09998
14,0.1368,340.00556,22,-0.34564,0.37544,0.09998
14,0.1368,340.00556,23,-0.34075,0.37392,0.09998
14,0.1368,340.00556,24,-0.33587,0.37241,0.09998
14,0.1368,340.00556,25,-0.33102,0.37091,0.09998
14,0.1368,340.00556,26,-0.32618,0.36941,0.09998
14,0.1368,340.00556,27,-0.32136,0.36792,0.09998
14,0.1368,340.00556,28,-0.31657,0.36643,0.09998
14,0.1368,340.00556,29,-0.31178,0.36495,0.09998
14,0.1368,340.00556,30,-0.30702,0.36347,0.09998
14,0.1368,340.00556,31,-0.30228,0.362,0.09998
14,0.1368,340.00556,32,-0.29755,0.36054,0.09998
14,0.1368,340.00556,33,-0.29284,0.35908,0.09998
14,0.1368,340.00556,34,-0.28815,0.35762,0.09998
14,0.1368,340.00556,35,-0.28347,0.35618,0.09998
14,0.1368,340.00556,36,-0.27881,0.35473,0.09998
14,0.1368,340.00556,37,-0.27417,0.3533,0.09998
14,0.1368,340.00556,38,-0.26955,0.35186,0.09998
14,0.1368,340.00556,39,-0.26494,0.35044,0.09998
14,0.1368,340.00556,40,-0.26035,0.34901,0.09998
14,0.1368,340.00556,41,-0.25577,0.3476,0.09998
14,0.1368,340.00556,42,-0.25121,0.34618,0.09998
14,0.1368,340.00556,43,-0.24667,0.34478,0.09998
14,0.1368,340.00556,44,-0.24215,0.34337,0.09998
14,0.1368,340.00556,45,-0.23764,0.34198,0.09998
14,0.1368,340.00556,46,-0.23314,0.34059,0.09998
14,0.1368,340.00556,47,-0.22866,0.3392,0.09998
14,0.1368,340.00556,48,-0.2242,0.33782,0.09998
14,0.1368,340.00556,49,-0.21975,0.33644,0.09998
14,0.1368,340.00556,50,-0.21532,0.33506,0.09998
14,0.1368,340.00556,51,-0.2109,0.3337,0.09998
14,0.1368,340.00556,52,-0.2065,0.33233,0.09998
14,0.1368,340.00556,53,-0.20211,0.33097,0.09998
14,0.1368,340.00556,54,-0.19774,0.32962,0.09998
14,0.1368,340.00556,55,-0.19338,0.32827,0.09998
14,0.1368,340.00556,56,-0.18904,0.32692,0.09998
14,0.1368,340.00556,57,-0.18471,0.32558,0.09998
14,0.1368,340.00556,58,-0.1804,0.32425,0.09998
14,0.1368,340.00556,59,-0.1761,0.32291,0.09998
14,0.1368,340.00556,60,-0.17182,0.32159,0.09998
14,0.1368,340.00556,61,-0.16754,0.32026,0.09998
14,0.1368,340.00556,62,-0.16329,0.31895,0.09998
14,0.1368,340.00556,63,-0.15904,0.31763,0.09998
14,0.1368,340.00556,64,-0.15482,0.31632,0.09998
14,0.1368,340.00556,65,-0.1506,0.31501,0.09998
14,0.1368,340.00556,66,-0.1464,0.31371,0.09998
14,0.1368,340.00556,67,-0.14221,0.31242,0.09998
14,0.1368,340.00556,68,-0.13804,0.31112,0.09998
14,0.1368,340.00556,69,-0.13388,0.30983,0.09998
14,0.1368,340.00556,70,-0.12973,0.30855,0.09998
14,0.1368,340.00556,71,-0.12559,0.30727,0.09998
14,0.1368,340.00556,72,-0.12147,0.30599,0.09998
14,0.1368,340.00556,73,-0.11736,0.30472,0.09998
14,0.1368,340.00556,74,-0.11327,0.30345,0.09998
14,0.1368,340.00556,75,-0.10919,0.30218,0.09998
14,0.1368,340.00556,76,-0.10512,0.30092,0.09998
14,0.1368,340.00556,77,-0.10106,0.29967,0.09998
14,0.1368,340.00556,78,-0.09701,0.29841,0.09998
14,0.1368,340.00556,79,-0.09298,0.29717,0.09998
14,0.1368,340.00556,80,-0.08896,0.29592,0.09998
14,0.1368,340.00556,81,-0.08496,0.29468,0.09998
14,0.1368,340.00556,82,-0.08096,0.29344,0.09998
14,0.1368,340.00556,83,-0.07698,0.29221,0.09998
14,0.1368,340.00556,84,-0.07301,0.29098,0.09998
14,0.1368,340.00556,85,-0.06905,0.28975,0.09998
14,0.1368,340.00556,86,-0.06511,0.28853,0.09998
14,0.1368,340.00556,87,-0.06117,0.28731,0.09998
14,0.1368,340.00556,88,-0.05725,0.2861,0.09998
14,0.1368,340.00556,89,-0.05334,0.28488,0.09998
14,0.1368,340.00556,90,-0.04944,0.28368,0.09998
14,0.1368,340.00556,91,-0.04555,0.28247,0.09998
14,0.1368,340.00556,92,-0.04168,0.28127,0.09998
14,0.1368,340.00556,93,-0.03782,0.28008,0.09998
14,0.1368,340.00556,94,-0.03396,0.27888,0.09998
14,0.1368,340.00556,95,-0.03012,0.27769,0.09998
14,0.1368,340.00556,96,-0.02629,0.27651,0.09998
14,0.1368,340.00556,97,-0.02248,0.27532,0.09998
14,0.1368,340.00556,98,-0.01867,0.27414,0.09998
14,0.1368,340.00556,99,-0.01487,0.27297,0.09998
14,0.1368,340.00556,100,-0.01109,0.2718,0.09998
14,0.1368,340.00556,101,-0.00731,0.27063,0.09998
14,0.1368,340.00556,102,-0.00355,0.26946,0.09998
14,0.1368,340.00556,103,0.00019,0.2683,0.09998
14,0.1368,340.00556,104,0.00393,0.26714,0.09998
14,0.1368,340.00556,105,0.00766,0.26598,0.09998
14,0.1368,340.00556,106,0.01138,0.26483,0.09998
14,0.1368,340.00556,107,0.01509,0.26368,0.09998
14,0.1368,340.00556,108,0.01879,0.26254,0.09998
14,0.1368,340.00556,109,0.02247,0.26139,0.09998
14,0.1368,340.00556,110,0.02615,0.26026,0.09998
14,0.1368,340.00556,111,0.02982,0.25912,0.09998
14,0.1368,340.00556,112,0.03347,0.25799,0.09998
14,0.1368,340.00556,113,0.03712,0.25686,0.09998
14,0.1368,340.00556,114,0.04076,0.25573,0.09998
14,0.1368,340.00556,115,0.04438,0.25461,0.09998
14,0.1368,340.00556,116,0.048,0.25349,0.09998
14,0.1368,340.00556,117,0.0516,0.25237,0.09998
14,0.1368,340.00556,118,0.0552,0.25126,0.09998
14,0.1368,340.00556,119,0.05878,0.25015,0.09998
14,0.1368,340.00556,120,0.06236,0.24904,0.09998
15,0.48338,341.38619,1,0.00443,0.21302,0.44385
15,0.48338,341.38619,2,-0.03763,0.2586,0.49227
15,0.48338,341.38619,3,-0.07951,0.30398,0.52644
15,0.48338,341.38619,4,-0.12121,0.34917,0.54642
15,0.48338,341.38619,5,-0.16143,0.3888,0.55231
15,0.48338,341.38619,6,-0.191,0.38535,0.54422
15,0.48338,341.38619,7,-0.22049,0.38191,0.52212
15,0.48338,341.38619,8,-0.24988,0.37848,0.48604
15,0.48338,341.38619,9,-0.27917,0.37506,0.43606
15,0.48338,341.38619,10,-0.30834,0.37166,0.37223
15,0.48338,341.38619,11,-0.33738,0.36827,0.29467
15,0.48338,341.38619,12,-0.36627,0.3649,0.20346
15,0.48338,341.38619,13,-0.38983,0.36128,0.1
15,0.48338,341.38619,14,-0.38963,0.35796,0.11934
15,0.48338,341.38619,15,-0.38942,0.35464,0.1246
15,0.48338,341.38619,16,-0.38922,0.35132,0.11579
15,0.48338,341.38619,17,-0.38902,0.34803,0.09999
15,0.48338,341.38619,18,-0.38881,0.34477,0.09999
15,0.48338,341.38619,19,-0.38861,0.34152,0.09998
15,0.48338,341.38619,20,-0.38841,0.33828,0.09998
15,0.48338,341.38619,21,-0.38821,0.33506,0.09998
15,0.48338,341.38619,22,-0.38802,0.33185,0.09998
15,0.48338,341.38619,23,-0.38782,0.32865,0.09998
15,0.48338,341.38619,24,-0.38762,0.32547,0.09998
15,0.48338,341.38619,25,-0.38743,0.3223,0.09998
15,0.48338,341.38619,26,-0.38723,0.31914,0.09998
15,0.48338,341.38619,27,-0.38704,0.31599,0.09998
15,0.48338,341.38619,28,-0.38684,0.31286,0.09998
15,0.48338,341.38619,29,-0.38665,0.30974,0.09998
15,0.48338,341.38619,30,-0.38646,0.30663,0.09998
15,0.48338,341.38619,31,-0.38627,0.30354,0.09998
15,0.48338,341.38619,32,-0.38608,0.30045,0.09998
15,0.48338,341.38619,33,-0.38589,0.29738,0.09998
15,0.48338,341.38619,34,-0.3857,0.29432,0.09998
15,0.48338,341.38619,35,-0.38551,0.29127,0.09998
15,0.48338,341.38619,36,-0.38532,0.28823,0.09998
15,0.48338,341.38619,37,-0.38514,0.28521,0.09998
15,0.48338,341.38619,38,-0.38495,0.28219,0.09998
15,0.48338,341.38619,39,-0.38476,0.27919,0.09998
15,0.48338,341.38619,40,-0.38458,0.27619,0.09998
15,0.48338,341.38619,41,-0.3844,0.27321,0.09998
15,0.48338,341.38619,42,-0.38421,0.27024,0.09998
15,0.48338,341.38619,43,-0.38403,0.26728,0.09998
15,0.48338,341.38619,44,-0.38385,0.26433,0.09998
15,0.48338,341.38619,45,-0.38367,0.26139,0.09998
15,0.48338,341.38619,46,-0.38348,0.25847,0.09998
15,0.48338,341.38619,47,-0.3833,0.25555,0.09998
15,0.48338,341.38619,48,-0.38312,0.25264,0.09998
15,0.48338,341.38619,49,-0.38295,0.24974,0.09998
15,0.48338,341.38619,50,-0.38277,0.24686,0.09998
15,0.48338,341.38619,51,-0.38259,0.24398,0.09998
15,0.48338,341.38619,52,-0.38241,0.24112,0.09998
15,0.48338,341.38619,53,-0.38224,0.23826,0.09998
15,0.48338,341.38619,54,-0.38206,0.23541,0.09998
15,0.48338,341.38619,55,-0.38189,0.23258,0.09998
15,0.48338,341.38619,56,-0.38171,0.22975,0.09998
15,0.48338,341.38619,57,-0.38154,0.22693,0.09998
15,0.48338,341.38619,58,-0.38136,0.22412,0.09998
15,0.48338,341.38619,59,-0.38119,0.22132,0.09998
15,0.48338,341.38619,60,-0.38102,0.21854,0.09998
15,0.48338,341.38619,61,-0.38085,0.21576,0.09998
15,0.48338,341.38619,62,-0.38068,0.21299,0.09998
15,0.48338,341.38619,63,-0.38051,0.21023,0.09998
15,0.48338,341.38619,64,-0.38034,0.20747,0.09998
15,0.48338,341.38619,65,-0.38017,0.20473,0.09998
15,0.48338,341.38619,66,-0.38,0.202,0.09998
15,0.48338,341.38619,67,-0.37983,0.19927,0.09998
15,0.48338,341.38619,68,-0.37966,0.19656,0.09998
15,0.48338,341.38619,69,-0.37949,0.19385,0.09998
15,0.48338,341.38619,70,-0.37933,0.19115,0.09998
15,0.48338,341.38619,71,-0.37916,0.18846,0.09998
15,0.48338,341.38619,72,-0.379,0.18578,0.09998
15,0.48338,341.38619,73,-0.37883,0.18311,0.09998
15,0.48338,341.38619,74,-0.37867,0.18045,0.09998
15,0.48338,341.38619,75,-0.3785,0.17779,0.09998
15,0.48338,341.38619,76,-0.37834,0.17514,0.09998
15,0.48338,341.38619,77,-0.37818,0.17251,0.09998
15,0.48338,341.38619,78,-0.37801,0.16988,0.09998
15,0.48338,341.38619,79,-0.37785,0.16725,0.09998
15,0.48338,341.38619,80,-0.37769,0.16464,0.09998
15,0.48338,341.38619,81,-0.37753,0.16203,0.09998
15,0.48338,341.38619,82,-0.37737,0.15944,0.09998
15,0.48338,341.38619,83,-0.37721,0.15685,0.09998
15,0.48338,341.38619,84,-0.37705,0.15427,0.09998
15,0.48338,341.38619,85,-0.37689,0.15169,0.09998
15,0.48338,341.38619,86,-0.37673,0.14913,0.09998
15,0.48338,341.38619,87,-0.37657,0.14657,0.09998
15,0.48338,341.38619,88,-0.37642,0.14402,0.09998
15,0.48338,341.38619,89,-0.37626,0.14148,0.09998
15,0.48338,341.38619,90,-0.3761,0.13894,0.09998
15,0.48338,341.38619,91,-0.37595,0.13642,0.09998
15,0.48338,341.38619,92,-0.37579,0.1339,0.09998
15,0.48338,341.38619,93,-0.37564,0.13139,0.09998
15,0.48338,341.38619,94,-0.37548,0.12888,0.09998
15,0.48338,341.38619,95,-0.37533,0.12639,0.09998
15,0.48338,341.38619,96,-0.37517,0.1239,0.09998
15,0.48338,341.38619,97,-0.37502,0.12141,0.09998
15,0.48338,341.38619,98,-0.37487,0.11894,0.09998
15,0.48338,341.38619,99,-0.37472,0.11647,0.09998
15,0.48338,341.38619,100,-0.37456,0.11401,0.09998
15,0.48338,341.38619,101,-0.37441,0.11156,0.09998
15,0.48338,341.38619,102,-0.37426,0.10911,0.09998
15,0.48338,341.38619,103,-0.37411,0.10667,0.09998
15,0.48338,341.38619,104,-0.37396,0.10424,0.09998
15,0.48338,341.38619,105,-0.37381,0.10182,0.09998
15,0.48338,341.38619,106,-0.37366,0.0994,0.09998
15,0.48338,341.38619,107,-0.37351,0.09699,0.09998
15,0.48338,341.38619,108,-0.37336,0.09459,0.09998
15,0.48338,341.38619,109,-0.37322,0.09219,0.09998
15,0.48338,341.38619,110,-0.37307,0.0898,0.09998
15,0.48338,341.38619,111,-0.37292,0.08742,0.09998
15,0.48338,341.38619,112,-0.37277,0.08504,0.09998
15,0.48338,341.38619,113,-0.37263,0.08267,0.09998
15,0.48338,341.38619,114,-0.37248,0.08031,0.09998
15,0.48338,341.38619,115,-0.37234,0.07795,0.09998
15,0.48338,341.38619,116,-0.37219,0.0756,0.09998
15,0.48338,341.38619,117,-0.37205,0.07326,0.09998
15,0.48338,341.38619,118,-0.3719,0.07092,0.09998
15,0.48338,341.38619,119,-0.37176,0.06859,0.09998
15,0.48338,341.38619,120,-0.37161,0.06627,0.09998
16,0.14936,360.1348,1,0.00443,0.21302,0.44385
16,0.14936,360.1348,2,-0.03763,0.2586,0.49227
16,0.14936,360.1348,3,-0.07951,0.30398,0.52644
16,0.14936,360.1348,4,-0.12121,0.34917,0.54642
16,0.14936,360.1348,5,-0.16161,0.38963,0.55231
16,0.14936,360.1348,6,-0.19199,0.39001,0.54463
16,0.14936,360.1348,7,-0.22221,0.39001,0.52298
16,0.14936,360.1348,8,-0.25234,0.39001,0.48735
16,0.14936,360.1348,9,-0.28235,0.39001,0.43782
16,0.14936,360.1348,10,-0.31225,0.39001,0.37444
16,0.14936,360.1348,11,-0.34201,0.39001,0.29732
16,0.14936,360.1348,12,-0.37162,0.39001,0.20656
16,0.14936,360.1348,13,-0.39001,0.38937,0.10496
16,0.14936,360.1348,14,-0.38549,0.38778,0.09977
16,0.14936,360.1348,15,-0.38044,0.38622,0.09989
16,0.14936,360.1348,16,-0.37541,0.38466,0.09994
16,0.14936,360.1348,17,-0.37039,0.38311,0.09996
16,0.14936,360.1348,18,-0.3654,0.38156,0.09997
16,0.14936,360.1348,19,-0.36043,0.38002,0.09998
16,0.14936,360.1348,20,-0.35548,0.37849,0.09998
16,0.14936,360.1348,21,-0.35055,0.37696,0.09998
16,0.14936,360.1348,22,-0.34563,0.37544,0.09998
16,0.14936,360.1348,23,-0.34074,0.37392,0.09998
16,0.14936,360.1348,24,-0.33586,0.37241,0.09998
16,0.14936,360.1348,25,-0.33101,0.37091,0.09998
16,0.14936,360.1348,26,-0.32617,0.36941,0.09998
16,0.14936,360.1348,27,-0.32135,0.36792,0.09998
16,0.14936,360.1348,28,-0.31655,0.36643,0.09998
16,0.14936,360.1348,29,-0.31177,0.36495,0.09998
16,0.14936,360.1348,30,-0.30701,0.36348,0.09998
16,0.14936,360.1348,31,-0.30226,0.36201,0.09998
16,0.14936,360.1348,32,-0.29753,0.36054,0.09998
16,0.14936,360.1348,33,-0.29282,0.35908,0.09998
16,0.14936,360.1348,34,-0.28813,0.35763,0.09998
16,0.14936,360.1348,35,-0.28345,0.35618,0.09998
16,0.14936,360.1348,36,-0.27879,0.35474,0.09998
16,0.14936,360.1348,37,-0.27415,0.3533,0.09998
16,0.14936,360.1348,38,-0.26953,0.35187,0.09998
16,0.14936,360.1348,39,-0.26492,0.35044,0.09998
16,0.14936,360.1348,40,-0.26033,0.34902,0.09998
16,0.14936,360.1348,41,-0.25575,0.3476,0.09998
16,0.14936,360.1348,42,-0.25119,0.34619,0.09998
16,0.14936,360.1348,43,-0.24665,0.34478,0.09998
16,0.14936,360.1348,44,-0.24212,0.34338,0.09998
16,0.14936,360.1348,45,-0.23761,0.34199,0.09998
16,0.14936,360.1348,46,-0.23312,0.34059,0.09998
16,0.14936,360.1348,47,-0.22864,0.33921,0.09998
16,0.14936,360.1348,48,-0.22417,0.33782,0.09998
16,0.14936,360.1348,49,-0.21972,0.33645,0.09998
16,0.14936,360.1348,50,-0.21529,0.33507,0.09998
16,0.14936,360.1348,51,-0.21087,0.33371,0.09998
16,0.14936,360.1348,52,-0.20647,0.33234,0.09998
16,0.14936,360.1348,53,-0.20208,0.33098,0.09998
16,0.14936,360.1348,54,-0.19771,0.32963,0.09998
16,0.14936,360.1348,55,-0.19335,0.32828,0.09998
16,0.14936,360.1348,56,-0.18901,0.32693,0.09998
16,0.14936,360.1348,57,-0.18468,0.32559,0.09998
16,0.14936,360.1348,58,-0.18037,0.32426,0.09998
16,0.14936,360.1348,59,-0.17607,0.32293,0.09998
16,0.14936,360.1348,60,-0.17178,0.3216,0.09998
16,0.14936,360.1348,61,-0.16751,0.32028,0.09998
16,0.14936,360.1348,62,-0.16325,0.31896,0.09998
16,0.14936,360.1348,63,-0.15901,0.31764,0.09998
16,0.14936,360.1348,64,-0.15478,0.31633,0.09998
16,0.14936,360.1348,65,-0.15056,0.31503,0.09998
16,0.14936,360.1348,66,-0.14636,0.31373,0.09998
16,0.14936,360.1348,67,-0.14217,0.31243,0.09998
16,0.14936,360.1348,68,-0.13799,0.31114,0.09998
16,0.14936,360.1348,69,-0.13383,0.30985,0.09998
16,0.14936,360.1348,70,-0.12968,0.30856,0.09998
16,0.14936,360.1348,71,-0.12555,0.30728,0.09998
16,0.14936,360.1348,72,-0.12143,0.30601,0.09998
16,0.14936,360.1348,73,-0.11732,0.30473,0.09998
16,0.14936,360.1348,74,-0.11322,0.30346,0.09998
16,0.14936,360.1348,75,-0.10914,0.3022,0.09998
16,0.14936,360.1348,76,-0.10507,0.30094,0.09998
16,0.14936,360.1348,77,-0.10101,0.29968,0.09998
16,0.14936,360.1348,78,-0.09697,0.29843,0.09998
16,0.14936,360.1348,79,-0.09293,0.29718,0.09998
16,0.14936,360.1348,80,-0.08891,0.29594,0.09998
16,0.14936,360.1348,81,-0.08491,0.2947,0.09998
16,0.14936,360.1348,82,-0.08091,0.29346,0.09998
16,0.14936,360.1348,83,-0.07693,0.29223,0.09998
16,0.14936,360.1348,84,-0.07296,0.291,0.09998
16,0.14936,360.1348,85,-0.069,0.28977,0.09998
16,0.14936,360.1348,86,-0.06505,0.28855,0.09998
16,0.14936,360.1348,87,-0.06112,0.28733,0.09998
16,0.14936,360.1348,88,-0.05719,0.28611,0.09998
16,0.14936,360.1348,89,-0.05328,0.2849,0.09998
16,0.14936,360.1348,90,-0.04938,0.2837,0.09998
16,0.14936,360.1348,91,-0.0455,0.28249,0.09998
16,0.14936,360.1348,92,-0.04162,0.28129,0.09998
16,0.14936,360.1348,93,-0.03776,0.28009,0.09998
16,0.14936,360.1348,94,-0.0339,0.2789,0.09998
16,0.14936,360.1348,95,-0.03006,0.27771,0.09998
16,0.14936,360.1348,96,-0.02623,0.27653,0.09998
16,0.14936,360.1348,97,-0.02241,0.27534,0.09998
16,0.14936,360.1348,98,-0.0186,0.27416,0.09998
16,0.14936,360.1348,99,-0.01481,0.27299,0.09998
16,0.14936,360.1348,100,-0.01102,0.27182,0.09998
16,0.14936,360.1348,101,-0.00725,0.27065,0.09998
16,0.14936,360.1348,102,-0.00349,0.26948,0.09998
16,0.14936,360.1348,103,0.00026,0.26832,0.09998
16,0.14936,360.1348,104,0.004,0.26716,0.09998
16,0.14936,360.1348,105,0.00773,0.26601,0.09998
16,0.14936,360.1348,106,0.01145,0.26485,0.09998
16,0.14936,360.1348,107,0.01516,0.26371,0.09998
16,0.14936,360.1348,108,0.01886,0.26256,0.09998
16,0.14936,360.1348,109,0.02255,0.26142,0.09998
16,0.14936,360.1348,110,0.02622,0.26028,0.09998
16,0.14936,360.1348,111,0.02989,0.25914,0.09998
16,0.14936,360.1348,112,0.03355,0.25801,0.09998
16,0.14936,360.1348,113,0.03719,0.25688,0.09998
16,0.14936,360.1348,114,0.04083,0.25576,0.09998
16,0.14936,360.1348,115,0.04446,0.25463,0.09998
16,0.14936,360.1348,116,0.04807,0.25351,0.09998
16,0.14936,360.1348,117,0.05168,0.2524,0.09998
16,0.14936,360.1348,118,0.05527,0.25128,0.09998
16,0.14936,360.1348,119,0.05886,0.25017,0.09998
16,0.14936,360.1348,120,0.06244,0.24906,0.09998
17,0.27502,333.47174,1,0.00443,0.21302,0.44385
17,0.27502,333.47174,2,-0.03763,0.2586,0.49227
17,0.27502,333.47174,3,-0.07951,0.30398,0.52644
17,0.27502,333.47174,4,-0.12121,0.34917,0.54642
17,0.27502,333.47174,5,-0.16153,0.38932,0.55231
17,0.27502,333.47174,6,-0.19198,0.39001,0.54434
17,0.27502,333.47174,7,-0.22228,0.39001,0.52252
17,0.27502,333.47174,8,-0.25248,0.39001,0.48672
17,0.27502,333.47174,9,-0.28258,0.39001,0.43701
17,0.27502,333.47174,10,-0.31255,0.39001,0.37346
17,0.27502,333.47174,11,-0.34239,0.39001,0.29617
17,0.27502,333.47174,12,-0.37208,0.39001,0.20524
17,0.27502,333.47174,13,-0.39001,0.38934,0.1036
17,0.27502,333.47174,14,-0.38548,0.38786,0.10521
17,0.27502,333.47174,15,-0.3804,0.3864,0.10682
17,0.27502,333.47174,16,-0.37534,0.38496,0.09999
17,0.27502,333.47174,17,-0.37031,0.38352,0.09999
17,0.27502,333.47174,18,-0.36531,0.38209,0.09999
17,0.27502,333.47174,19,-0.36032,0.38066,0.09999
17,0.27502,333.47174,20,-0.35536,0.37924,0.09999
17,0.27502,333.47174,21,-0.35041,0.37783,0.09998
17,0.27502,333.47174,22,-0.34548,0.37642,0.09998
17,0.27502,333.47174,23,-0.34058,0.37502,0.09998
17,0.27502,333.47174,24,-0.33569,0.37362,0.09998
17,0.27502,333.47174,25,-0.33082,0.37223,0.09998
17,0.27502,333.47174,26,-0.32597,0.37084,0.09998
17,0.27502,333.47174,27,-0.32114,0.36946,0.09998
17,0.27502,333.47174,28,-0.31632,0.36808,0.09998
17,0.27502,333.47174,29,-0.31153,0.36671,0.09998
17,0.27502,333.47174,30,-0.30675,0.36535,0.09998
17,0.27502,333.47174,31,-0.30199,0.36399,0.09998
17,0.27502,333.47174,32,-0.29725,0.36263,0.09998
17,0.27502,333.47174,33,-0.29252,0.36128,0.09998
17,0.27502,333.47174,34,-0.28781,0.35993,0.09998
17,0.27502,333.47174,35,-0.28312,0.35859,0.09998
17,0.27502,333.47174,36,-0.27845,0.35726,0.09998
17,0.27502,333.47174,37,-0.2738,0.35592,0.09998
17,0.27502,333.47174,38,-0.26916,0.3546,0.09998
17,0.27502,333.47174,39,-0.26453,0.35328,0.09998
17,0.27502,333.47174,40,-0.25993,0.35196,0.09998
17,0.27502,333.47174,41,-0.25534,0.35065,0.09998
17,0.27502,333.47174,42,-0.25077,0.34934,0.09998
17,0.27502,333.47174,43,-0.24621,0.34804,0.09998
17,0.27502,333.47174,44,-0.24167,0.34674,0.09998
17,0.27502,333.47174,45,-0.23714,0.34544,0.09998
17,0.27502,333.47174,46,-0.23263,0.34416,0.09998
17,0.27502,333.47174,47,-0.22814,0.34287,0.09998
17,0.27502,333.47174,48,-0.22366,0.34159,0.09998
17,0.27502,333.47174,49,-0.2192,0.34031,0.09998
17,0.27502,333.47174,50,-0.21475,0.33904,0.09998
17,0.27502,333.47174,51,-0.21032,0.33778,0.09998
17,0.27502,333.47174,52,-0.20591,0.33651,0.09998
17,0.27502,333.47174,53,-0.2015,0.33525,0.09998
17,0.27502,333.47174,54,-0.19712,0.334,0.09998
17,0.27502,333.47174,55,-0.19275,0.33275,0.09998
17,0.27502,333.47174,56,-0.18839,0.3315,0.09998
17,0.27502,333.47174,57,-0.18405,0.33026,0.09998
17,0.27502,333.47174,58,-0.17972,0.32902,0.09998
17,0.27502,333.47174,59,-0.1754,0.32779,0.09998
17,0.27502,333.47174,60,-0.1711,0.32656,0.09998
17,0.27502,333.47174,61,-0.16682,0.32534,0.09998
17,0.27502,333.47174,62,-0.16255,0.32412,0.09998
17,0.27502,333.47174,63,-0.15829,0.3229,0.09998
17,0.27502,333.47174,64,-0.15405,0.32168,0.09998
17,0.27502,333.47174,65,-0.14982,0.32048,0.09998
17,0.27502,333.47174,66,-0.1456,0.31927,0.09998
17,0.27502,333.47174,67,-0.1414,0.31807,0.09998
17,0.27502,333.47174,68,-0.13721,0.31687,0.09998
17,0.27502,333.47174,69,-0.13303,0.31568,0.09998
17,0.27502,333.47174,70,-0.12887,0.31449,0.09998
17,0.27502,333.47174,71,-0.12472,0.3133,0.09998
17,0.27502,333.47174,72,-0.12058,0.31212,0.09998
17,0.27502,333.47174,73,-0.11646,0.31094,0.09998
17,0.27502,333.47174,74,-0.11235,0.30976,0.09998
17,0.27502,333.47174,75,-0.10826,0.30859,0.09998
17,0.27502,333.47174,76,-0.10417,0.30742,0.09998
17,0.27502,333.47174,77,-0.1001,0.30626,0.09998
17,0.27502,333.47174,78,-0.09604,0.3051,0.09998
17,0.27502,333.47174,79,-0.09199,0.30394,0.09998
17,0.27502,333.47174,80,-0.08796,0.30279,0.09998
17,0.27502,333.47174,81,-0.08394,0.30164,0.09998
17,0.27502,333.47174,82,-0.07993,0.30049,0.09998
17,0.27502,333.47174,83,-0.07593,0.29935,0.09998
17,0.27502,333.47174,84,-0.07195,0.29821,0.09998
17,0.27502,333.47174,85,-0.06798,0.29708,0.09998
17,0.27502,333.47174,86,-0.06402,0.29594,0.09998
17,0.27502,333.47174,87,-0.06007,0.29481,0.09998
17,0.27502,333.47174,88,-0.05613,0.29369,0.09998
17,0.27502,333.47174,89,-0.05221,0.29257,0.09998
17,0.27502,333.47174,90,-0.04829,0.29145,0.09998
17,0.27502,333.47174,91,-0.04439,0.29033,0.09998
17,0.27502,333.47174,92,-0.0405,0.28922,0.09998
17,0.27502,333.47174,93,-0.03663,0.28811,0.09998
17,0.27502,333.47174,94,-0.03276,0.28701,0.09998
17,0.27502,333.47174,95,-0.02891,0.2859,0.09998
17,0.27502,333.47174,96,-0.02506,0.28481,0.09998
17,0.27502,333.47174,97,-0.02123,0.28371,0.09998
17,0.27502,333.47174,98,-0.01741,0.28262,0.09998
17,0.27502,333.47174,99,-0.0136,0.28153,0.09998
17,0.27502,333.47174,100,-0.0098,0.28044,0.09998
17,0.27502,333.47174,101,-0.00601,0.27936,0.09998
17,0.27502,333.47174,102,-0.00224,0.27828,0.09998
17,0.27502,333.47174,103,0.00152,0.2772,0.09998
17,0.27502,333.47174,104,0.00528,0.27613,0.09998
17,0.27502,333.47174,105,0.00902,0.27506,0.09998
17,0.27502,333.47174,106,0.01275,0.27399,0.09998
17,0.27502,333.47174,107,0.01648,0.27293,0.09998
17,0.27502,333.47174,108,0.02019,0.27186,0.09998
17,0.27502,333.47174,109,0.02389,0.27081,0.09998
17,0.27502,333.47174,110,0.02758,0.26975,0.09998
17,0.27502,333.47174,111,0.03126,0.2687,0.09998
17,0.27502,333.47174,112,0.03493,0.26765,0.09998
17,0.27502,333.47174,113,0.03859,0.2666,0.09998
17,0.27502,333.47174,114,0.04224,0.26556,0.09998
17,0.27502,333.47174,115,0.04588,0.26452,0.09998
17,0.27502,333.47174,116,0.04951,0.26348,0.09998
17,0.27502,333.47174,117,0.05313,0.26245,0.09998
17,0.27502,333.47174,118,0.05674,0.26141,0.09998
17,0.27502,333.47174,119,0.06033,0.26039,0.09998
17,0.27502,333.47174,120,0.06392,0.25936,0.09998
18,0.13105,350.82381,1,0.00443,0.21302,0.44385
18,0.13105,350.82381,2,-0.03763,0.2586,0.49227
18,0.13105,350.82381,3,-0.07951,0.30398,0.52644
18,0.13105,350.82381,4,-0.12121,0.34917,0.54642
18,0.13105,350.82381,5,-0.16162,0.38968,0.55231
18,0.13105,350.82381,6,-0.19199,0.39001,0.54464
18,0.13105,350.82381,7,-0.2222,0.39001,0.52298
18,0.13105,350.82381,8,-0.25232,0.39001,0.48736
18,0.13105,350.82381,9,-0.28233,0.39001,0.43782
18,0.13105,350.82381,10,-0.31222,0.39001,0.37445
18,0.13105,350.82381,11,-0.34197,0.39001,0.29733
18,0.13105,350.82381,12,-0.37158,0.39001,0.20656
18,0.13105,350.82381,13,-0.39001,0.38937,0.10495
18,0.13105,350.82381,14,-0.38549,0.38778,0.09891
18,0.13105,350.82381,15,-0.38044,0.38622,0.09948
18,0.13105,350.82381,16,-0.37541,0.38466,0.09974
18,0.13105,350.82381,17,-0.3704,0.38311,0.09987
18,0.13105,350.82381,18,-0.36541,0.38156,0.09993
18,0.13105,350.82381,19,-0.36044,0.38002,0.09996
18,0.13105,350.82381,20,-0.35549,0.37849,0.09997
18,0.13105,350.82381,21,-0.35056,0.37696,0.09998
18,0.13105,350.82381,22,-0.34565,0.37544,0.09998
18,0.13105,350.82381,23,-0.34075,0.37392,0.09998
18,0.13105,350.82381,24,-0.33588,0.37241,0.09998
18,0.13105,350.82381,25,-0.33102,0.37091,0.09998
18,0.13105,350.82381,26,-0.32619,0.36941,0.09998
18,0.13105,350.82381,27,-0.32137,0.36792,0.09998
18,0.13105,350.82381,28,-0.31657,0.36643,0.09998
18,0.13105,350.82381,29,-0.31179,0.36495,0.09998
18,0.13105,350.82381,30,-0.30703,0.36348,0.09998
18,0.13105,350.82381,31,-0.30228,0.36201,0.09998
18,0.13105,350.82381,32,-0.29756,0.36054,0.09998
18,0.13105,350.82381,33,-0.29285,0.35908,0.09998
18,0.13105,350.82381,34,-0.28815,0.35763,0.09998
18,0.13105,350.82381,35,-0.28348,0.35618,0.09998
18,0.13105,350.82381,36,-0.27882,0.35474,0.09998
18,0.13105,350.82381,37,-0.27418,0.3533,0.09998
18,0.13105,350.82381,38,-0.26956,0.35187,0.09998
18,0.13105,350.82381,39,-0.26495,0.35044,0.09998
18,0.13105,350.82381,40,-0.26036,0.34902,0.09998
18,0.13105,350.82381,41,-0.25578,0.3476,0.09998
18,0.13105,350.82381,42,-0.25123,0.34619,0.09998
18,0.13105,350.82381,43,-0.24668,0.34478,0.09998
18,0.13105,350.82381,44,-0.24216,0.34338,0.09998
18,0.13105,350.82381,45,-0.23765,0.34199,0.09998
18,0.13105,350.82381,46,-0.23315,0.34059,0.09998
18,0.13105,350.82381,47,-0.22868,0.33921,0.09998
18,0.13105,350.82381,48,-0.22421,0.33782,0.09998
18,0.13105,350.82381,49,-0.21977,0.33645,0.09998
18,0.13105,350.82381,50,-0.21533,0.33507,0.09998
18,0.13105,350.82381,51,-0.21092,0.3337,0.09998
18,0.13105,350.82381,52,-0.20652,0.33234,0.09998
18,0.13105,350.82381,53,-0.20213,0.33098,0.09998
18,0.13105,350.82381,54,-0.19776,0.32963,0.09998
18,0.13105,350.82381,55,-0.1934,0.32828,0.09998
18,0.13105,350.82381,56,-0.18906,0.32693,0.09998
18,0.13105,350.82381,57,-0.18473,0.32559,0.09998
18,0.13105,350.82381,58,-0.18042,0.32426,0.09998
18,0.13105,350.82381,59,-0.17612,0.32293,0.09998
18,0.13105,350.82381,60,-0.17183,0.3216,0.09998
18,0.13105,350.82381,61,-0.16756,0.32027,0.09998
18,0.13105,350.82381,62,-0.16331,0.31896,0.09998
18,0.13105,350.82381,63,-0.15906,0.31764,0.09998
18,0.13105,350.82381,64,-0.15483,0.31633,0.09998
18,0.13105,350.82381,65,-0.15062,0.31503,0.09998
18,0.13105,350.82381,66,-0.14642,0.31373,0.09998
18,0.13105,350.82381,67,-0.14223,0.31243,0.09998
18,0.13105,350.82381,68,-0.13806,0.31114,0.09998
18,0.13105,350.82381,69,-0.1339,0.30985,0.09998
18,0.13105,350.82381,70,-0.12975,0.30856,0.09998
18,0.13105,350.82381,71,-0.12561,0.30728,0.09998
18,0.13105,350.82381,72,-0.12149,0.306,0.09998
18,0.13105,350.82381,73,-0.11739,0.30473,0.09998
18,0.13105,350.82381,74,-0.11329,0.30346,0.09998
18,0.13105,350.82381,75,-0.10921,0.3022,0.09998
18,0.13105,350.82381,76,-0.10514,0.30094,0.09998
18,0.13105,350.82381,77,-0.10108,0.29968,0.09998
18,0.13105,350.82381,78,-0.09704,0.29843,0.09998
18,0.13105,350.82381,79,-0.09301,0.29718,0.09998
18,0.13105,350.82381,80,-0.08899,0.29593,0.09998
18,0.13105,350.82381,81,-0.08498,0.29469,0.09998
18,0.13105,350.82381,82,-0.08099,0.29346,0.09998
18,0.13105,350.82381,83,-0.07701,0.29222,0.09998
18,0.13105,350.82381,84,-0.07304,0.29099,0.09998
18,0.13105,350.82381,85,-0.06908,0.28977,0.09998
18,0.13105,350.82381,86,-0.06513,0.28855,0.09998
18,0.13105,350.82381,87,-0.0612,0.28733,0.09998
18,0.13105,350.82381,88,-0.05728,0.28611,0.09998
18,0.13105,350.82381,89,-0.05337,0.2849,0.09998
18,0.13105,350.82381,90,-0.04947,0.28369,0.09998
18,0.13105,350.82381,91,-0.04558,0.28249,0.09998
18,0.13105,350.82381,92,-0.04171,0.28129,0.09998
18,0.13105,350.82381,93,-0.03784,0.28009,0.09998
18,0.13105,350.82381,94,-0.03399,0.2789,0.09998
18,0.13105,350.82381,95,-0.03015,0.27771,0.09998
18,0.13105,350.82381,96,-0.02632,0.27652,0.09998
18,0.13105,350.82381,97,-0.02251,0.27534,0.09998
18,0.13105,350.82381,98,-0.0187,0.27416,0.09998
18,0.13105,350.82381,99,-0.0149,0.27299,0.09998
18,0.13105,350.82381,100,-0.01112,0.27181,0.09998
18,0.13105,350.82381,101,-0.00735,0.27064,0.09998
18,0.13105,350.82381,102,-0.00358,0.26948,0.09998
18,0.13105,350.82381,103,0.00016,0.26832,0.09998
18,0.13105,350.82381,104,0.0039,0.26716,0.09998
18,0.13105,350.82381,105,0.00763,0.266,0.09998
18,0.13105,350.82381,106,0.01135,0.26485,0.09998
18,0.13105,350.82381,107,0.01506,0.2637,0.09998
18,0.13105,350.82381,108,0.01875,0.26256,0.09998
18,0.13105,350.82381,109,0.02244,0.26141,0.09998
18,0.13105,350.82381,110,0.02612,0.26028,0.09998
18,0.13105,350.82381,111,0.02978,0.25914,0.09998
18,0.13105,350.82381,112,0.03344,0.25801,0.09998
18,0.13105,350.82381,113,0.03708,0.25688,0.09998
18,0.13105,350.82381,114,0.04072,0.25575,0.09998
18,0.13105,350.82381,115,0.04434,0.25463,0.09998
18,0.13105,350.82381,116,0.04796,0.25351,0.09998
18,0.13105,350.82381,117,0.05156,0.25239,0.09998
18,0.13105,350.82381,118,0.05516,0.25128,0.09998
18,0.13105,350.82381,119,0.05874,0.25017,0.09998
18,0.13105,350.82381,120,0.06232,0.24906,0.09998
19,0.63438,359.76637,1,0.00443,0.21302,0.44385
19,0.63438,359.76637,2,-0.03763,0.2586,0.49227
19,0.63438,359.76637,3,-0.07951,0.30398,0.52644
19,0.63438,359.76637,4,-0.12121,0.34917,0.54642
19,0.63438,359.76637,5,-0.16143,0.38842,0.55231
19,0.63438,359.76637,6,-0.191,0.38159,0.54422
19,0.63438,359.76637,7,-0.22048,0.37477,0.52212
19,0.63438,359.76637,8,-0.24988,0.36797,0.48604
19,0.63438,359.76637,9,-0.27916,0.3612,0.43606
19,0.63438,359.76637,10,-0.30833,0.35446,0.37224
19,0.63438,359.76637,11,-0.33737,0.34775,0.29467
19,0.63438,359.76637,12,-0.36626,0.34107,0.20347
19,0.63438,359.76637,13,-0.38937,0.33417,0.10013
19,0.63438,359.76637,14,-0.38733,0.32856,0.12615
19,0.63438,359.76637,15,-0.3853,0.32296,0.13805
19,0.63438,359.76637,16,-0.38327,0.31737,0.13588
19,0.63438,359.76637,17,-0.38125,0.31179,0.11966
19,0.63438,359.76637,18,-0.37924,0.30625,0.10082
19,0.63438,359.76637,19,-0.37725,0.30077,0.09999
19,0.63438,359.76637,20,-0.37527,0.29531,0.09998
19,0.63438,359.76637,21,-0.3733,0.28988,0.09998
19,0.63438,359.76637,22,-0.37133,0.28447,0.09998
19,0.63438,359.76637,23,-0.36938,0.27908,0.09998
19,0.63438,359.76637,24,-0.36743,0.27372,0.09998
19,0.63438,359.76637,25,-0.3655,0.26838,0.09998
19,0.63438,359.76637,26,-0.36357,0.26306,0.09998
19,0.63438,359.76637,27,-0.36164,0.25776,0.09998
19,0.63438,359.76637,28,-0.35973,0.25249,0.09998
19,0.63438,359.76637,29,-0.35782,0.24723,0.09998
19,0.63438,359.76637,30,-0.35593,0.242,0.09998
19,0.63438,359.76637,31,-0.35403,0.23679,0.09998
19,0.63438,359.76637,32,-0.35215,0.2316,0.09998
19,0.63438,359.76637,33,-0.35028,0.22643,0.09998
19,0.63438,359.76637,34,-0.34841,0.22128,0.09998
19,0.63438,359.76637,35,-0.34655,0.21615,0.09998
19,0.63438,359.76637,36,-0.34469,0.21104,0.09998
19,0.63438,359.76637,37,-0.34284,0.20595,0.09998
19,0.63438,359.76637,38,-0.34101,0.20088,0.09998
19,0.63438,359.76637,39,-0.33917,0.19583,0.09998
19,0.63438,359.76637,40,-0.33735,0.1908,0.09998
19,0.63438,359.76637,41,-0.33553,0.18578,0.09998
19,0.63438,359.76637,42,-0.33372,0.18079,0.09998
19,0.63438,359.76637,43,-0.33191,0.17582,0.09998
19,0.63438,359.76637,44,-0.33011,0.17086,0.09998
19,0.63438,359.76637,45,-0.32832,0.16592,0.09998
19,0.63438,359.76637,46,-0.32654,0.16101,0.09998
19,0.63438,359.76637,47,-0.32476,0.1561,0.09998
19,0.63438,359.76637,48,-0.32299,0.15122,0.09998
19,0.63438,359.76637,49,-0.32122,0.14636,0.09998
19,0.63438,359.76637,50,-0.31947,0.14151,0.09998
19,0.63438,359.76637,51,-0.31771,0.13668,0.09998
19,0.63438,359.76637,52,-0.31597,0.13187,0.09998
19,0.63438,359.76637,53,-0.31423,0.12708,0.09998
19,0.63438,359.76637,54,-0.31249,0.1223,0.09998
19,0.63438,359.76637,55,-0.31077,0.11754,0.09998
19,0.63438,359.76637,56,-0.30905,0.11279,0.09998
19,0.63438,359.76637,57,-0.30733,0.10807,0.09998
19,0.63438,359.76637,58,-0.30562,0.10336,0.09998
19,0.63438,359.76637,59,-0.30392,0.09866,0.09998
19,0.63438,359.76637,60,-0.30222,0.09399,0.09998
19,0.63438,359.76637,61,-0.30053,0.08933,0.09998
19,0.63438,359.76637,62,-0.29885,0.08468,0.09998
19,0.63438,359.76637,63,-0.29717,0.08005,0.09998
19,0.63438,359.76637,64,-0.29549,0.07544,0.09998
19,0.63438,359.76637,65,-0.29383,0.07084,0.09998
19,0.63438,359.76637,66,-0.29216,0.06626,0.09998
19,0.63438,359.76637,67,-0.29051,0.0617,0.09998
19,0.63438,359.76637,68,-0.28886,0.05715,0.09998
19,0.63438,359.76637,69,-0.28721,0.05261,0.09998
19,0.63438,359.76637,70,-0.28557,0.04809,0.09998
19,0.63438,359.76637,71,-0.28394,0.04359,0.09998
19,0.63438,359.76637,72,-0.28231,0.0391,0.09998
19,0.63438,359.76637,73,-0.28068,0.03462,0.09998
19,0.63438,359.76637,74,-0.27907,0.03016,0.09998
19,0.63438,359.76637,75,-0.27745,0.02572,0.09998
19,0.63438,359.76637,76,-0.27585,0.02129,0.09998
19,0.63438,359.76637,77,-0.27424,0.01687,0.09998
19,0.63438,359.76637,78,-0.27265,0.01247,0.09998
19,0.63438,359.76637,79,-0.27105,0.00808,0.09998
19,0.63438,359.76637,80,-0.26947,0.00371,0.09998
19,0.63438,359.76637,81,-0.26789,-0.00064,0.09998
19,0.63438,359.76637,82,-0.26631,-0.00498,0.09998
19,0.63438,359.76637,83,-0.26474,-0.00932,0.09998
19,0.63438,359.76637,84,-0.26317,-0.01363,0.09998
19,0.63438,359.76637,85,-0.26161,-0.01794,0.09998
19,0.63438,359.76637,86,-0.26005,-0.02223,0.09998
19,0.63438,359.76637,87,-0.2585,-0.0265,0.09998
19,0.63438,359.76637,88,-0.25696,-0.03077,0.09998
19,0.63438,359.76637,89,-0.25541,-0.03502,0.09998
19,0.63438,359.76637,90,-0.25388,-0.03925,0.09998
19,0.63438,359.76637,91,-0.25234,-0.04347,0.09998
19,0.63438,359.76637,92,-0.25082,-0.04768,0.09998
19,0.63438,359.76637,93,-0.24929,-0.05188,0.09998
19,0.63438,359.76637,94,-0.24778,-0.05606,0.09998
19,0.63438,359.76637,95,-0.24626,-0.06024,0.09998
19,0.63438,359.76637,96,-0.24475,-0.06439,0.09998
19,0.63438,359.76637,97,-0.24325,-0.06854,0.09998
19,0.63438,359.76637,98,-0.24175,-0.07267,0.09998
19,0.63438,359.76637,99,-0.24026,-0.07679,0.09998
19,0.63438,359.76637,100,-0.23877,-0.0809,0.09998
19,0.63438,359.76637,101,-0.23728,-0.08499,0.09998
19,0.63438,359.76637,102,-0.2358,-0.08908,0.09998
19,0.63438,359.76637,103,-0.23432,-0.09315,0.09998
19,0.63438,359.76637,104,-0.23285,-0.09721,0.09998
19,0.63438,359.76637,105,-0.23138,-0.10125,0.09998
19,0.63438,359.76637,106,-0.22992,-0.10529,0.09998
19,0.63438,359.76637,107,-0.22846,-0.10931,0.09998
19,0.63438,359.76637,108,-0.227,-0.11332,0.09998
19,0.63438,359.76637,109,-0.22555,-0.11732,0.09998
19,0.63438,359.76637,110,-0.22411,-0.1213,0.09998
19,0.63438,359.76637,111,-0.22266,-0.12528,0.09998
19,0.63438,359.76637,112,-0.22123,-0.12924,0.09998
19,0.63438,359.76637,113,-0.21979,-0.13319,0.09998
19,0.63438,359.76637,114,-0.21836,-0.13713,0.09998
19,0.63438,359.76637,115,-0.21694,-0.14106,0.09998
19,0.63438,359.76637,116,-0.21552,-0.14498,0.09998
19,0.63438,359.76637,117,-0.2141,-0.14888,0.09998
19,0.63438,359.76637,118,-0.21269,-0.15278,0.09998
19,0.63438,359.76637,119,-0.21128,-0.15666,0.09998
19,0.63438,359.76637,120,-0.20987,-0.16053,0.09998
20,0.23329,364.1944,1,0.00443,0.21302,0.44385
20,0.23329,364.1944,2,-0.03763,0.2586,0.49227
20,0.23329,364.1944,3,-0.07951,0.30398,0.52644
20,0.23329,364.1944,4,-0.12121,0.34917,0.54642
20,0.23329,364.1944,5,-0.16156,0.38942,0.55231
20,0.23329,364.1944,6,-0.19204,0.39001,0.54452
20,0.23329,364.1944,7,-0.22235,0.39001,0.52284
20,0.23329,364.1944,8,-0.25257,0.39001,0.48717
20,0.23329,364.1944,9,-0.28267,0.39001,0.4376
20,0.23329,364.1944,10,-0.31266,0.39001,0.37419
20,0.23329,364.1944,11,-0.34251,0.39001,0.29703
20,0.23329,364.1944,12,-0.37221,0.39001,0.20624
20,0.23329,364.1944,13,-0.39001,0.38933,0.10477
20,0.23329,364.1944,14,-0.38548,0.38777,0.10365
20,0.23329,364.1944,15,-0.38039,0.38622,0.10219
20,0.23329,364.1944,16,-0.37534,0.38469,0.09998
20,0.23329,364.1944,17,-0.37032,0.38316,0.09998
20,0.23329,364.1944,18,-0.36531,0.38164,0.09998
20,0.23329,364.1944,19,-0.36032,0.38013,0.09998
20,0.23329,364.1944,20,-0.35535,0.37862,0.09998
20,0.23329,364.1944,21,-0.35041,0.37712,0.09998
20,0.23329,364.1944,22,-0.34548,0.37562,0.09998
20,0.23329,364.1944,23,-0.34057,0.37413,0.09998
20,0.23329,364.1944,24,-0.33568,0.37264,0.09998
20,0.23329,364.1944,25,-0.33081,0.37116,0.09998
20,0.23329,364.1944,26,-0.32595,0.36969,0.09998
20,0.23329,364.1944,27,-0.32112,0.36822,0.09998
20,0.23329,364.1944,28,-0.3163,0.36676,0.09998
20,0.23329,364.1944,29,-0.3115,0.3653,0.09998
20,0.23329,364.1944,30,-0.30672,0.36385,0.09998
20,0.23329,364.1944,31,-0.30196,0.36241,0.09998
20,0.23329,364.1944,32,-0.29722,0.36096,0.09998
20,0.23329,364.1944,33,-0.29249,0.35953,0.09998
20,0.23329,364.1944,34,-0.28778,0.3581,0.09998
20,0.23329,364.1944,35,-0.28309,0.35667,0.09998
20,0.23329,364.1944,36,-0.27841,0.35525,0.09998
20,0.23329,364.1944,37,-0.27376,0.35384,0.09998
20,0.23329,364.1944,38,-0.26912,0.35243,0.09998
20,0.23329,364.1944,39,-0.26449,0.35103,0.09998
20,0.23329,364.1944,40,-0.25988,0.34963,0.09998
20,0.23329,364.1944,41,-0.25529,0.34823,0.09998
20,0.23329,364.1944,42,-0.25072,0.34684,0.09998
20,0.23329,364.1944,43,-0.24616,0.34546,0.09998
20,0.23329,364.1944,44,-0.24161,0.34408,0.09998
20,0.23329,364.1944,45,-0.23709,0.34271,0.09998
20,0.23329,364.1944,46,-0.23258,0.34134,0.09998
20,0.23329,364.1944,47,-0.22808,0.33997,0.09998
20,0.23329,364.1944,48,-0.2236,0.33861,0.09998
20,0.23329,364.1944,49,-0.21914,0.33725,0.09998
20,0.23329,364.1944,50,-0.21469,0.3359,0.09998
20,0.23329,364.1944,51,-0.21025,0.33456,0.09998
20,0.23329,364.1944,52,-0.20584,0.33321,0.09998
20,0.23329,364.1944,53,-0.20143,0.33188,0.09998
20,0.23329,364.1944,54,-0.19704,0.33054,0.09998
20,0.23329,364.1944,55,-0.19267,0.32922,0.09998
20,0.23329,364.1944,56,-0.18831,0.32789,0.09998
20,0.23329,364.1944,57,-0.18397,0.32657,0.09998
20,0.23329,364.1944,58,-0.17963,0.32526,0.09998
20,0.23329,364.1944,59,-0.17532,0.32395,0.09998
20,0.23329,364.1944,60,-0.17102,0.32264,0.09998
20,0.23329,364.1944,61,-0.16673,0.32134,0.09998
20,0.23329,364.1944,62,-0.16246,0.32004,0.09998
20,0.23329,364.1944,63,-0.1582,0.31875,0.09998
20,0.23329,364.1944,64,-0.15395,0.31746,0.09998
20,0.23329,364.1944,65,-0.14972,0.31617,0.09998
20,0.23329,364.1944,66,-0.1455,0.31489,0.09998
20,0.23329,364.1944,67,-0.1413,0.31362,0.09998
20,0.23329,364.1944,68,-0.13711,0.31234,0.09998
20,0.23329,364.1944,69,-0.13293,0.31107,0.09998
20,0.23329,364.1944,70,-0.12876,0.30981,0.09998
20,0.23329,364.1944,71,-0.12461,0.30855,0.09998
20,0.23329,364.1944,72,-0.12048,0.30729,0.09998
20,0.23329,364.1944,73,-0.11635,0.30604,0.09998
20,0.23329,364.1944,74,-0.11224,0.30479,0.09998
20,0.23329,364.1944,75,-0.10814,0.30355,0.09998
20,0.23329,364.1944,76,-0.10405,0.30231,0.09998
20,0.23329,364.1944,77,-0.09998,0.30107,0.09998
20,0.23329,364.1944,78,-0.09592,0.29984,0.09998
20,0.23329,364.1944,79,-0.09187,0.29861,0.09998
20,0.23329,364.1944,80,-0.08784,0.29738,0.09998
20,0.23329,364.1944,81,-0.08381,0.29616,0.09998
20,0.23329,364.1944,82,-0.0798,0.29494,0.09998
20,0.23329,364.1944,83,-0.0758,0.29373,0.09998
20,0.23329,364.1944,84,-0.07182,0.29252,0.09998
20,0.23329,364.1944,85,-0.06784,0.29131,0.09998
20,0.23329,364.1944,86,-0.06388,0.29011,0.09998
20,0.23329,364.1944,87,-0.05993,0.28891,0.09998
20,0.23329,364.1944,88,-0.05599,0.28771,0.09998
20,0.23329,364.1944,89,-0.05207,0.28652,0.09998
20,0.23329,364.1944,90,-0.04815,0.28533,0.09998
20,0.23329,364.1944,91,-0.04425,0.28414,0.09998
20,0.23329,364.1944,92,-0.04036,0.28296,0.09998
20,0.23329,364.1944,93,-0.03648,0.28178,0.09998
20,0.23329,364.1944,94,-0.03261,0.28061,0.09998
20,0.23329,364.1944,95,-0.02875,0.27944,0.09998
20,0.23329,364.1944,96,-0.02491,0.27827,0.09998
20,0.23329,364.1944,97,-0.02107,0.27711,0.09998
20,0.23329,364.1944,98,-0.01725,0.27595,0.09998
20,0.23329,364.1944,99,-0.01344,0.27479,0.09998
20,0.23329,364.1944,100,-0.00964,0.27363,0.09998
20,0.23329,364.1944,101,-0.00585,0.27248,0.09998
20,0.23329,364.1944,102,-0.00207,0.27134,0.09998
20,0.23329,364.1944,103,0.00169,0.27019,0.09998
20,0.23329,364.1944,104,0.00544,0.26905,0.09998
20,0.23329,364.1944,105,0.00919,0.26791,0.09998
20,0.23329,364.1944,106,0.01292,0.26678,0.09998
20,0.23329,364.1944,107,0.01665,0.26565,0.09998
20,0.23329,364.1944,108,0.02036,0.26452,0.09998
20,0.23329,364.1944,109,0.02407,0.2634,0.09998
20,0.23329,364.1944,110,0.02776,0.26227,0.09998
20,0.23329,364.1944,111,0.03144,0.26116,0.09998
20,0.23329,364.1944,112,0.03511,0.26004,0.09998
20,0.23329,364.1944,113,0.03877,0.25893,0.09998
20,0.23329,364.1944,114,0.04242,0.25782,0.09998
20,0.23329,364.1944,115,0.04607,0.25671,0.09998
20,0.23329,364.1944,116,0.0497,0.25561,0.09998
20,0.23329,364.1944,117,0.05332,0.25451,0.09998
20,0.23329,364.1944,118,0.05693,0.25342,0.09998
20,0.23329,364.1944,119,0.06053,0.25232,0.09998
20,0.23329,364.1944,120,0.06412,0.25123,0.09998
