particle,elasticity,weight,frame,x,y,z
1,0.83484,255.98054,1,0.36982,0.09161,0.78211
1,0.83484,255.98054,2,0.28027,0.05743,0.60741
1,0.83484,255.98054,3,0.0954,-0.0497,0.5415
1,0.83484,255.98054,4,0.0925,-0.03961,0.35495
1,0.83484,255.98054,5,0.10105,-0.13817,0.17296
1,0.83484,255.98054,6,0.18383,-0.20419,0.19002
1,0.83484,255.98054,7,0.3051,-0.05672,0.21976
1,0.83484,255.98054,8,0.20043,0.02726,0.36059
1,0.83484,255.98054,9,0.09067,-0.05381,0.42562
1,0.83484,255.98054,10,0.12857,-0.06065,0.36108
1,0.83484,255.98054,11,0.0812,-0.15512,0.3842
1,0.83484,255.98054,12,-0.04512,-0.19639,0.38978
1,0.83484,255.98054,13,0.05261,-0.21006,0.48795
1,0.83484,255.98054,14,0.12894,-0.1294,0.62979
1,0.83484,255.98054,15,-0.03054,0.0353,0.67918
1,0.83484,255.98054,16,-0.01205,0.02665,0.73032
1,0.83484,255.98054,17,-0.04036,0.29486,0.71516
1,0.83484,255.98054,18,-0.03893,0.17982,0.71345
1,0.83484,255.98054,19,-0.18122,0.08842,0.54806
1,0.83484,255.98054,20,-0.04537,0.15476,0.68385
1,0.83484,255.98054,21,-0.03055,0.26782,0.68434
1,0.83484,255.98054,22,0.14576,0.09778,0.71467
1,0.83484,255.98054,23,0.27549,0.03525,0.53261
1,0.83484,255.98054,24,0.37281,0.0033,0.3715
1,0.83484,255.98054,25,0.27044,0.04143,0.25002
1,0.83484,255.98054,26,0.41638,0.18622,0.20674
1,0.83484,255.98054,27,0.25169,0.06618,0.26792
1,0.83484,255.98054,28,0.12048,0.22195,0.11603
1,0.83484,255.98054,29,0.06571,0.19252,0.13247
1,0.83484,255.98054,30,-0.0021,0.34513,0.23798
1,0.83484,255.98054,31,0.00782,0.37227,0.25038
1,0.83484,255.98054,32,-0.04813,0.35347,0.19469
1,0.83484,255.98054,33,0.11288,0.41848,0.26129
1,0.83484,255.98054,34,0.09053,0.38297,0.1887
1,0.83484,255.98054,35,0.21912,0.2139,0.17667
1,0.83484,255.98054,36,0.19176,0.2203,0.10488
1,0.83484,255.98054,37,0.14346,0.20156,0.08263
1,0.83484,255.98054,38,0.2249,0.2846,0.08421
1,0.83484,255.98054,39,0.16463,0.26649,0.1689
1,0.83484,255.98054,40,-0.00641,0.1519,0.26934
1,0.83484,255.98054,41,0.08899,0.16145,0.20887
1,0.83484,255.98054,42,0.04338,0.04116,0.13484
1,0.83484,255.98054,43,0.05445,-0.07562,0.26328
1,0.83484,255.98054,44,-0.0656,0.07926,0.16113
1,0.83484,255.98054,45,-0.11681,0.02986,0.11098
1,0.83484,255.98054,46,-0.12341,-0.09519,0.08405
1,0.83484,255.98054,47,0.07075,-0.11132,0.09054
1,0.83484,255.98054,48,0.01593,-0.2174,0.2773
1,0.83484,255.98054,49,0.10362,-0.31187,0.2643
1,0.83484,255.98054,50,0.10499,-0.30552,0.29665
1,0.83484,255.98054,51,-0.0043,-0.24528,0.12833
1,0.83484,255.98054,52,0.02461,-0.22378,0.13475
1,0.83484,255.98054,53,0.0595,-0.16573,0.16837
1,0.83484,255.98054,54,0.18673,-0.38397,0.11557
1,0.83484,255.98054,55,0.02183,-0.30558,0.17747
1,0.83484,255.98054,56,0.01728,-0.32425,0.2516
1,0.83484,255.98054,57,0.0516,-0.18234,0.25758
1,0.83484,255.98054,58,0.14169,-0.18972,0.09202
1,0.83484,255.98054,59,0.02413,-0.08332,0.12711
1,0.83484,255.98054,60,-0.03573,-0.02381,0.1607
1,0.83484,255.98054,61,0.01603,-0.23506,0.07881
1,0.83484,255.98054,62,-0.06468,-0.15334,0.27108
2,0.78677,254.13378,1,0.36982,0.0916,0.7894
2,0.78677,254.13378,2,0.28024,0.0574,0.61457
2,0.78677,254.13378,3,0.09537,-0.04975,0.54853
2,0.78677,254.13378,4,0.09246,-0.03968,0.36184
2,0.78677,254.13378,5,0.10099,-0.13826,0.17972
2,0.78677,254.13378,6,0.18378,-0.20427,0.18147
2,0.78677,254.13378,7,0.30504,-0.0568,0.2113
2,0.78677,254.13378,8,0.20037,0.02716,0.3522
2,0.78677,254.13378,9,0.0906,-0.05392,0.4173
2,0.78677,254.13378,10,0.12849,-0.06076,0.35281
2,0.78677,254.13378,11,0.08111,-0.15525,0.37598
2,0.78677,254.13378,12,-0.04521,-0.19652,0.38159
2,0.78677,254.13378,13,0.05252,-0.2102,0.47979
2,0.78677,254.13378,14,0.12885,-0.12954,0.62166
2,0.78677,254.13378,15,-0.03063,0.03516,0.67107
2,0.78677,254.13378,16,-0.01213,0.02652,0.72224
2,0.78677,254.13378,17,-0.04044,0.29474,0.70713
2,0.78677,254.13378,18,-0.03901,0.17971,0.70546
2,0.78677,254.13378,19,-0.18129,0.08832,0.54012
2,0.78677,254.13378,20,-0.04543,0.15467,0.67597
2,0.78677,254.13378,21,-0.0306,0.26774,0.67653
2,0.78677,254.13378,22,0.14571,0.09771,0.70693
2,0.78677,254.13378,23,0.27545,0.03518,0.52496
2,0.78677,254.13378,24,0.37278,0.00325,0.36394
2,0.78677,254.13378,25,0.27041,0.04139,0.24256
2,0.78677,254.13378,26,0.41639,0.18606,0.1994
2,0.78677,254.13378,27,0.25172,0.06603,0.26068
2,0.78677,254.13378,28,0.12051,0.22181,0.11118
2,0.78677,254.13378,29,0.06572,0.19241,0.13566
2,0.78677,254.13378,30,-0.00209,0.34502,0.24114
2,0.78677,254.13378,31,0.00784,0.37217,0.25353
2,0.78677,254.13378,32,-0.04811,0.35337,0.19782
2,0.78677,254.13378,33,0.11265,0.41848,0.26406
2,0.78677,254.13378,34,0.0903,0.38297,0.19146
2,0.78677,254.13378,35,0.2189,0.2139,0.17942
2,0.78677,254.13378,36,0.19162,0.21915,0.103
2,0.78677,254.13378,37,0.1433,0.20173,0.08263
2,0.78677,254.13378,38,0.22474,0.28476,0.08421
2,0.78677,254.13378,39,0.16446,0.26665,0.1689
2,0.78677,254.13378,40,-0.00658,0.15206,0.26934
2,0.78677,254.13378,41,0.08883,0.16161,0.20887
2,0.78677,254.13378,42,0.04321,0.04131,0.13484
2,0.78677,254.13378,43,0.05429,-0.07546,0.26328
2,0.78677,254.13378,44,-0.06576,0.07942,0.16113
2,0.78677,254.13378,45,-0.11697,0.03001,0.11014
2,0.78677,254.13378,46,-0.12345,-0.09491,0.08288
2,0.78677,254.13378,47,0.0708,-0.11094,0.09045
2,0.78677,254.13378,48,0.01578,-0.21725,0.27736
2,0.78677,254.13378,49,0.10348,-0.31172,0.26437
2,0.78677,254.13378,50,0.10485,-0.30537,0.29671
2,0.78677,254.13378,51,-0.00444,-0.24513,0.1284
2,0.78677,254.13378,52,0.02447,-0.22363,0.13481
2,0.78677,254.13378,53,-0.06042,-0.22676,0.10808
2,0.78677,254.13378,54,-0.11703,-0.19805,0.1028
2,0.78677,254.13378,55,-0.20511,-0.22849,0.0889
2,0.78677,254.13378,56,-0.19486,-0.22287,0.08645
2,0.78677,254.13378,57,-0.0073,-0.38289,0.23727
2,0.78677,254.13378,58,-0.17612,-0.14737,0.07767
2,0.78677,254.13378,59,-0.10216,-0.06618,0.03707
2,0.78677,254.13378,60,-0.2049,-0.19317,0.20914
2,0.78677,254.13378,61,-0.00583,-0.16764,0.22024
2,0.78677,254.13378,62,-0.06148,-0.09016,0.34957
3,0.92625,264.46545,1,0.36983,0.09163,0.76826
3,0.92625,264.46545,2,0.28031,0.05749,0.59381
3,0.92625,264.46545,3,0.09547,-0.0496,0.52816
3,0.92625,264.46545,4,0.0926,-0.03947,0.34187
3,0.92625,264.46545,5,0.10117,-0.13799,0.16016
3,0.92625,264.46545,6,0.18393,-0.20404,0.20712
3,0.92625,264.46545,7,0.30522,-0.05654,0.23669
3,0.92625,264.46545,8,0.20056,0.02745,0.37735
3,0.92625,264.46545,9,0.09081,-0.05359,0.44224
3,0.92625,264.46545,10,0.12872,-0.06041,0.37757
3,0.92625,264.46545,11,0.08136,-0.15487,0.40059
3,0.92625,264.46545,12,-0.04494,-0.19612,0.40608
3,0.92625,264.46545,13,0.0528,-0.20978,0.50418
3,0.92625,264.46545,14,0.12913,-0.12911,0.64596
3,0.92625,264.46545,15,-0.03035,0.03559,0.69529
3,0.92625,264.46545,16,-0.01186,0.02693,0.74638
3,0.92625,264.46545,17,-0.04018,0.29513,0.73116
3,0.92625,264.46545,18,-0.03877,0.18008,0.72937
3,0.92625,264.46545,19,-0.18106,0.08866,0.56389
3,0.92625,264.46545,20,-0.04522,0.15497,0.69958
3,0.92625,264.46545,21,-0.03042,0.26802,0.69994
3,0.92625,264.46545,22,0.14587,0.09795,0.73013
3,0.92625,264.46545,23,0.27559,0.0354,0.54792
3,0.92625,264.46545,24,0.3729,0.00343,0.38665
3,0.92625,264.46545,25,0.27051,0.04154,0.26499
3,0.92625,264.46545,26,0.41636,0.18663,0.22145
3,0.92625,264.46545,27,0.25164,0.06657,0.28243
3,0.92625,264.46545,28,0.11966,0.22214,0.10219
3,0.92625,264.46545,29,0.06574,0.19282,0.1416
3,0.92625,264.46545,30,-0.00206,0.34543,0.24704
3,0.92625,264.46545,31,0.00788,0.37258,0.25939
3,0.92625,264.46545,32,-0.04807,0.35378,0.20366
3,0.92625,264.46545,33,0.11246,0.41848,0.26935
3,0.92625,264.46545,34,0.09011,0.38297,0.19672
3,0.92625,264.46545,35,0.2187,0.2139,0.18465
3,0.92625,264.46545,36,0.19147,0.21778,0.10273
3,0.92625,264.46545,37,0.14307,0.20084,0.08263
3,0.92625,264.46545,38,0.22453,0.2851,0.08421
3,0.92625,264.46545,39,0.16426,0.26699,0.1689
3,0.92625,264.46545,40,-0.00678,0.15239,0.26934
3,0.92625,264.46545,41,0.08863,0.16194,0.20887
3,0.92625,264.46545,42,0.04301,0.04165,0.13484
3,0.92625,264.46545,43,0.05408,-0.07513,0.26328
3,0.92625,264.46545,44,-0.06596,0.07975,0.16113
3,0.92625,264.46545,45,-0.11717,0.03033,0.11257
3,0.92625,264.46545,46,-0.12376,-0.09474,0.08763
3,0.92625,264.46545,47,0.07015,-0.11115,0.09257
3,0.92625,264.46545,48,0.01493,-0.21768,0.27653
3,0.92625,264.46545,49,0.10263,-0.31215,0.26354
3,0.92625,264.46545,50,0.10401,-0.3058,0.29589
3,0.92625,264.46545,51,-0.00528,-0.24555,0.12758
3,0.92625,264.46545,52,0.02364,-0.22405,0.134
3,0.92625,264.46545,53,-0.1611,-0.24603,0.11677
3,0.92625,264.46545,54,-0.11796,-0.25154,0.09933
3,0.92625,264.46545,55,-0.22362,-0.23408,0.12753
3,0.92625,264.46545,56,-0.25462,-0.27408,0.1187
3,0.92625,264.46545,57,-0.22875,-0.1959,0.06965
3,0.92625,264.46545,58,-0.14238,-0.16227,0.14705
3,0.92625,264.46545,59,-0.05943,-0.10775,0.1109
3,0.92625,264.46545,60,-0.00335,-0.21566,0.19651
3,0.92625,264.46545,61,-0.04864,-0.20834,0.20557
3,0.92625,264.46545,62,-0.23971,-0.26739,0.23217
4,0.92491,266.95105,1,0.36983,0.09163,0.76847
4,0.92491,266.95105,2,0.2803,0.05749,0.59401
4,0.92491,266.95105,3,0.09547,-0.0496,0.52836
4,0.92491,266.95105,4,0.09259,-0.03947,0.34206
4,0.92491,266.95105,5,0.10117,-0.138,0.16034
4,0.92491,266.95105,6,0.18393,-0.20404,0.20686
4,0.92491,266.95105,7,0.30522,-0.05655,0.23643
4,0.92491,266.95105,8,0.20056,0.02745,0.37709
4,0.92491,266.95105,9,0.09081,-0.05359,0.44199
4,0.92491,266.95105,10,0.12872,-0.06042,0.37732
4,0.92491,266.95105,11,0.08136,-0.15488,0.40034
4,0.92491,266.95105,12,-0.04495,-0.19613,0.40584
4,0.92491,266.95105,13,0.05279,-0.20978,0.50394
4,0.92491,266.95105,14,0.12913,-0.12912,0.64571
4,0.92491,266.95105,15,-0.03036,0.03558,0.69505
4,0.92491,266.95105,16,-0.01186,0.02693,0.74614
4,0.92491,266.95105,17,-0.04018,0.29512,0.73092
4,0.92491,266.95105,18,-0.03877,0.18007,0.72913
4,0.92491,266.95105,19,-0.18107,0.08865,0.56365
4,0.92491,266.95105,20,-0.04523,0.15497,0.69934
4,0.92491,266.95105,21,-0.03042,0.26802,0.69971
4,0.92491,266.95105,22,0.14587,0.09795,0.7299
4,0.92491,266.95105,23,0.27559,0.0354,0.54769
4,0.92491,266.95105,24,0.3729,0.00343,0.38642
4,0.92491,266.95105,25,0.27051,0.04154,0.26476
4,0.92491,266.95105,26,0.41637,0.18662,0.22123
4,0.92491,266.95105,27,0.25164,0.06656,0.28221
4,0.92491,266.95105,28,0.11967,0.22214,0.10201
4,0.92491,266.95105,29,0.06574,0.19282,0.14172
4,0.92491,266.95105,30,-0.00206,0.34543,0.24717
4,0.92491,266.95105,31,0.00788,0.37258,0.25952
4,0.92491,266.95105,32,-0.04807,0.35378,0.20378
4,0.92491,266.95105,33,0.11245,0.41848,0.26946
4,0.92491,266.95105,34,0.0901,0.38297,0.19683
4,0.92491,266.95105,35,0.2187,0.2139,0.18476
4,0.92491,266.95105,36,0.19146,0.21773,0.10266
4,0.92491,266.95105,37,0.14307,0.20081,0.08263
4,0.92491,266.95105,38,0.22452,0.2851,0.08421
4,0.92491,266.95105,39,0.16425,0.26699,0.1689
4,0.92491,266.95105,40,-0.00679,0.1524,0.26934
4,0.92491,266.95105,41,0.08862,0.16195,0.20887
4,0.92491,266.95105,42,0.05187,0.07166,0.1713
4,0.92491,266.95105,43,0.06253,-0.00784,0.18433
4,0.92491,266.95105,44,-0.00714,-0.17435,0.16799
4,0.92491,266.95105,45,-0.12155,-0.11017,0.10923
4,0.92491,266.95105,46,-0.06926,0.05206,0.19505
4,0.92491,266.95105,47,0.01684,-0.03767,0.22981
4,0.92491,266.95105,48,-0.00022,-0.11012,0.20171
4,0.92491,266.95105,49,-0.14131,-0.27022,0.24851
4,0.92491,266.95105,50,-0.29464,-0.20318,0.10167
4,0.92491,266.95105,51,-0.16326,-0.20212,0.07806
4,0.92491,266.95105,52,-0.05735,-0.19184,0.12569
4,0.92491,266.95105,53,-0.11977,-0.18678,0.1343
4,0.92491,266.95105,54,-0.06878,-0.2186,0.06473
4,0.92491,266.95105,55,-0.08706,-0.23607,0.05235
4,0.92491,266.95105,56,-0.16315,-0.25649,0.21883
4,0.92491,266.95105,57,-0.08957,-0.34638,0.23144
4,0.92491,266.95105,58,-0.20893,-0.3439,0.32245
4,0.92491,266.95105,59,-0.20211,-0.29032,0.20341
4,0.92491,266.95105,60,-0.23534,-0.236,0.16254
4,0.92491,266.95105,61,-0.2124,-0.30141,0.15067
4,0.92491,266.95105,62,-0.11591,-0.23779,0.08635
5,0.95122,256.14633,1,0.36984,0.09163,0.76448
5,0.95122,256.14633,2,0.28032,0.05751,0.5901
5,0.95122,256.14633,3,0.09549,-0.04957,0.52452
5,0.95122,256.14633,4,0.09262,-0.03943,0.33831
5,0.95122,256.14633,5,0.1012,-0.13794,0.15667
5,0.95122,256.14633,6,0.18396,-0.204,0.21199
5,0.95122,256.14633,7,0.30525,-0.0565,0.2415
5,0.95122,256.14633,8,0.2006,0.02751,0.38211
5,0.95122,256.14633,9,0.09085,-0.05353,0.44695
5,0.95122,256.14633,10,0.12877,-0.06035,0.38225
5,0.95122,256.14633,11,0.08141,-0.1548,0.40523
5,0.95122,256.14633,12,-0.04489,-0.19605,0.41069
5,0.95122,256.14633,13,0.05285,-0.2097,0.50877
5,0.95122,256.14633,14,0.12918,-0.12903,0.65053
5,0.95122,256.14633,15,-0.0303,0.03567,0.69985
5,0.95122,256.14633,16,-0.0118,0.02701,0.75092
5,0.95122,256.14633,17,-0.04012,0.29521,0.73568
5,0.95122,256.14633,18,-0.03871,0.18015,0.73388
5,0.95122,256.14633,19,-0.18102,0.08873,0.56837
5,0.95122,256.14633,20,-0.04518,0.15504,0.70403
5,0.95122,256.14633,21,-0.03038,0.26808,0.70437
5,0.95122,256.14633,22,0.14591,0.09801,0.73452
5,0.95122,256.14633,23,0.27562,0.03545,0.55227
5,0.95122,256.14633,24,0.37293,0.00347,0.39096
5,0.95122,256.14633,25,0.27054,0.04158,0.26925
5,0.95122,256.14633,26,0.41636,0.18676,0.22564
5,0.95122,256.14633,27,0.25163,0.0667,0.28657
5,0.95122,256.14633,28,0.11964,0.22227,0.10554
5,0.95122,256.14633,29,0.06574,0.19291,0.1391
5,0.95122,256.14633,30,-0.00206,0.34552,0.24456
5,0.95122,256.14633,31,0.00787,0.37267,0.25693
5,0.95122,256.14633,32,-0.04808,0.35386,0.2012
5,0.95122,256.14633,33,0.11264,0.41848,0.26715
5,0.95122,256.14633,34,0.09029,0.38297,0.19453
5,0.95122,256.14633,35,0.21888,0.2139,0.18247
5,0.95122,256.14633,36,0.19159,0.21866,0.10408
5,0.95122,256.14633,37,0.14322,0.20137,0.08263
5,0.95122,256.14633,38,0.22467,0.28501,0.08421
5,0.95122,256.14633,39,0.1644,0.2669,0.1689
5,0.95122,256.14633,40,-0.00664,0.1523,0.26934
5,0.95122,256.14633,41,0.08877,0.16185,0.20887
5,0.95122,256.14633,42,0.04315,0.04155,0.13484
5,0.95122,256.14633,43,0.05422,-0.07522,0.26328
5,0.95122,256.14633,44,-0.06582,0.07966,0.16113
5,0.95122,256.14633,45,-0.11703,0.03024,0.11301
5,0.95122,256.14633,46,-0.12363,-0.09483,0.0886
5,0.95122,256.14633,47,0.07028,-0.11123,0.09354
5,0.95122,256.14633,48,0.01506,-0.21777,0.2775
5,0.95122,256.14633,49,0.10276,-0.31223,0.26451
5,0.95122,256.14633,50,0.10414,-0.30588,0.29685
5,0.95122,256.14633,51,-0.00515,-0.24563,0.12853
5,0.95122,256.14633,52,0.02376,-0.22413,0.13495
5,0.95122,256.14633,53,-0.06094,-0.22707,0.10983
5,0.95122,256.14633,54,-0.11721,-0.19798,0.10777
5,0.95122,256.14633,55,-0.20528,-0.22841,0.0889
5,0.95122,256.14633,56,-0.19503,-0.2228,0.08645
5,0.95122,256.14633,57,-0.1538,-0.28538,0.31105
5,0.95122,256.14633,58,-0.19844,-0.39001,0.07871
5,0.95122,256.14633,59,-0.26793,-0.33232,0.14523
5,0.95122,256.14633,60,-0.20708,-0.28742,0.0578
5,0.95122,256.14633,61,-0.35828,-0.27147,0.05372
5,0.95122,256.14633,62,-0.45074,-0.14879,0.03115
6,0.84865,263.73047,1,0.36982,0.09161,0.78002
6,0.84865,263.73047,2,0.28027,0.05744,0.60535
6,0.84865,263.73047,3,0.09541,-0.04969,0.53948
6,0.84865,263.73047,4,0.09252,-0.03959,0.35297
6,0.84865,263.73047,5,0.10107,-0.13814,0.17102
6,0.84865,263.73047,6,0.18384,-0.20417,0.19253
6,0.84865,263.73047,7,0.30512,-0.05669,0.22225
6,0.84865,263.73047,8,0.20045,0.02729,0.36305
6,0.84865,263.73047,9,0.09069,-0.05377,0.42807
6,0.84865,263.73047,10,0.12859,-0.06061,0.36351
6,0.84865,263.73047,11,0.08122,-0.15509,0.38662
6,0.84865,263.73047,12,-0.0451,-0.19635,0.39218
6,0.84865,263.73047,13,0.05264,-0.21002,0.49035
6,0.84865,263.73047,14,0.12897,-0.12936,0.63217
6,0.84865,263.73047,15,-0.03052,0.03534,0.68156
6,0.84865,263.73047,16,-0.01202,0.02669,0.73269
6,0.84865,263.73047,17,-0.04033,0.2949,0.71752
6,0.84865,263.73047,18,-0.03891,0.17986,0.7158
6,0.84865,263.73047,19,-0.1812,0.08846,0.55039
6,0.84865,263.73047,20,-0.04535,0.15479,0.68617
6,0.84865,263.73047,21,-0.03053,0.26785,0.68664
6,0.84865,263.73047,22,0.14577,0.0978,0.71694
6,0.84865,263.73047,23,0.2755,0.03527,0.53486
6,0.84865,263.73047,24,0.37282,0.00331,0.37373
6,0.84865,263.73047,25,0.27045,0.04144,0.25222
6,0.84865,263.73047,26,0.41638,0.18628,0.2089
6,0.84865,263.73047,27,0.25169,0.06623,0.27005
6,0.84865,263.73047,28,0.12047,0.222,0.11446
6,0.84865,263.73047,29,0.06569,0.19255,0.11814
6,0.84865,263.73047,30,-0.00214,0.34515,0.22373
6,0.84865,263.73047,31,0.00776,0.37228,0.23621
6,0.84865,263.73047,32,-0.0482,0.35347,0.18059
6,0.84865,263.73047,33,0.11369,0.41848,0.249
6,0.84865,263.73047,34,0.09134,0.38297,0.17647
6,0.84865,263.73047,35,0.21994,0.21391,0.16451
6,0.84865,263.73047,36,0.19228,0.22287,0.11024
6,0.84865,263.73047,37,0.1441,0.20054,0.08263
6,0.84865,263.73047,38,0.22553,0.2836,0.08421
6,0.84865,263.73047,39,0.16526,0.26549,0.1689
6,0.84865,263.73047,40,-0.00578,0.1509,0.26934
6,0.84865,263.73047,41,0.08962,0.16046,0.20887
6,0.84865,263.73047,42,0.05286,0.07018,0.1713
6,0.84865,263.73047,43,0.06352,-0.00931,0.18433
6,0.84865,263.73047,44,-0.00615,-0.17581,0.16799
6,0.84865,263.73047,45,-0.12057,-0.11159,0.10821
6,0.84865,263.73047,46,-0.0683,0.05071,0.19201
6,0.84865,263.73047,47,0.0178,-0.03901,0.22678
6,0.84865,263.73047,48,0.00073,-0.11146,0.19869
6,0.84865,263.73047,49,-0.14036,-0.27155,0.24551
6,0.84865,263.73047,50,-0.29354,-0.20433,0.1006
6,0.84865,263.73047,51,-0.16232,-0.20337,0.08251
6,0.84865,263.73047,52,-0.05641,-0.19308,0.13012
6,0.84865,263.73047,53,-0.11883,-0.18801,0.13871
6,0.84865,263.73047,54,-0.06785,-0.21979,0.06473
6,0.84865,263.73047,55,-0.08614,-0.23724,0.05235
6,0.84865,263.73047,56,-0.16224,-0.25766,0.21883
6,0.84865,263.73047,57,-0.25913,-0.37419,0.1156
6,0.84865,263.73047,58,-0.19568,-0.24477,0.1093
6,0.84865,263.73047,59,-0.11002,-0.3108,0.0699
6,0.84865,263.73047,60,0.01112,-0.32606,0.05448
6,0.84865,263.73047,61,0.0312,-0.09007,0.09101
6,0.84865,263.73047,62,0.00717,0.00568,0.10929
7,0.90988,262.4837,1,0.36983,0.09162,0.77074
7,0.90988,262.4837,2,0.2803,0.05748,0.59624
7,0.90988,262.4837,3,0.09546,-0.04962,0.53055
7,0.90988,262.4837,4,0.09258,-0.0395,0.34421
7,0.90988,262.4837,5,0.10115,-0.13802,0.16245
7,0.90988,262.4837,6,0.18391,-0.20407,0.20398
7,0.90988,262.4837,7,0.3052,-0.05657,0.23358
7,0.90988,262.4837,8,0.20054,0.02742,0.37427
7,0.90988,262.4837,9,0.09079,-0.05363,0.43919
7,0.90988,262.4837,10,0.12869,-0.06045,0.37455
7,0.90988,262.4837,11,0.08133,-0.15492,0.39759
7,0.90988,262.4837,12,-0.04498,-0.19617,0.40309
7,0.90988,262.4837,13,0.05276,-0.20983,0.50121
7,0.90988,262.4837,14,0.12909,-0.12917,0.643
7,0.90988,262.4837,15,-0.03039,0.03553,0.69234
7,0.90988,262.4837,16,-0.0119,0.02688,0.74344
7,0.90988,262.4837,17,-0.04021,0.29508,0.72823
7,0.90988,262.4837,18,-0.0388,0.18003,0.72645
7,0.90988,262.4837,19,-0.1811,0.08861,0.56099
7,0.90988,262.4837,20,-0.04525,0.15493,0.69669
7,0.90988,262.4837,21,-0.03044,0.26798,0.69708
7,0.90988,262.4837,22,0.14585,0.09792,0.72729
7,0.90988,262.4837,23,0.27557,0.03537,0.54511
7,0.90988,262.4837,24,0.37288,0.0034,0.38387
7,0.90988,262.4837,25,0.2705,0.04151,0.26223
7,0.90988,262.4837,26,0.41637,0.18655,0.21875
7,0.90988,262.4837,27,0.25165,0.06649,0.27976
7,0.90988,262.4837,28,0.11968,0.22207,0.10002
7,0.90988,262.4837,29,0.06575,0.19277,0.14314
7,0.90988,262.4837,30,-0.00205,0.34538,0.24857
7,0.90988,262.4837,31,0.00788,0.37253,0.26091
7,0.90988,262.4837,32,-0.04806,0.35373,0.20517
7,0.90988,262.4837,33,0.11234,0.41848,0.27072
7,0.90988,262.4837,34,0.09,0.38297,0.19808
7,0.90988,262.4837,35,0.2186,0.2139,0.186
7,0.90988,262.4837,36,0.19139,0.21724,0.10191
7,0.90988,262.4837,37,0.14299,0.2005,0.08263
7,0.90988,262.4837,38,0.22445,0.28515,0.08421
7,0.90988,262.4837,39,0.16418,0.26704,0.1689
7,0.90988,262.4837,40,-0.00686,0.15245,0.26934
7,0.90988,262.4837,41,0.08854,0.162,0.20887
7,0.90988,262.4837,42,0.05179,0.07171,0.1713
7,0.90988,262.4837,43,0.06245,-0.00779,0.18433
7,0.90988,262.4837,44,-0.00721,-0.1743,0.16799
7,0.90988,262.4837,45,-0.12162,-0.11012,0.10903
7,0.90988,262.4837,46,-0.06933,0.0521,0.19445
7,0.90988,262.4837,47,0.01677,-0.03762,0.22921
7,0.90988,262.4837,48,-0.00029,-0.11008,0.20111
7,0.90988,262.4837,49,-0.14138,-0.27017,0.24792
7,0.90988,262.4837,50,-0.29471,-0.20314,0.10167
7,0.90988,262.4837,51,-0.16332,-0.20208,0.07806
7,0.90988,262.4837,52,-0.05742,-0.1918,0.12569
7,0.90988,262.4837,53,-0.11984,-0.18673,0.1343
7,0.90988,262.4837,54,-0.06884,-0.21856,0.06473
7,0.90988,262.4837,55,-0.08712,-0.23602,0.05235
7,0.90988,262.4837,56,-0.16322,-0.25645,0.21883
7,0.90988,262.4837,57,-0.2601,-0.37299,0.1156
7,0.90988,262.4837,58,-0.19664,-0.24357,0.1093
7,0.90988,262.4837,59,-0.11097,-0.30964,0.0699
7,0.90988,262.4837,60,0.01003,-0.3246,0.05447
7,0.90988,262.4837,61,0.03012,-0.08863,0.091
7,0.90988,262.4837,62,-0.11368,0.01096,0.26947
8,0.89341,253.14919,1,0.36983,0.09162,0.77324
8,0.89341,253.14919,2,0.28029,0.05747,0.59869
8,0.89341,253.14919,3,0.09544,-0.04964,0.53295
8,0.89341,253.14919,4,0.09256,-0.03952,0.34656
8,0.89341,253.14919,5,0.10113,-0.13806,0.16475
8,0.89341,253.14919,6,0.18389,-0.2041,0.20085
8,0.89341,253.14919,7,0.30518,-0.05661,0.23048
8,0.89341,253.14919,8,0.20052,0.02738,0.37121
8,0.89341,253.14919,9,0.09076,-0.05367,0.43615
8,0.89341,253.14919,10,0.12867,-0.0605,0.37153
8,0.89341,253.14919,11,0.0813,-0.15496,0.39459
8,0.89341,253.14919,12,-0.04501,-0.19622,0.40012
8,0.89341,253.14919,13,0.05273,-0.20988,0.49825
8,0.89341,253.14919,14,0.12906,-0.12922,0.64004
8,0.89341,253.14919,15,-0.03042,0.03548,0.6894
8,0.89341,253.14919,16,-0.01193,0.02682,0.74051
8,0.89341,253.14919,17,-0.04025,0.29503,0.72531
8,0.89341,253.14919,18,-0.03883,0.17998,0.72355
8,0.89341,253.14919,19,-0.18112,0.08857,0.5581
8,0.89341,253.14919,20,-0.04528,0.15489,0.69382
8,0.89341,253.14919,21,-0.03047,0.26794,0.69423
8,0.89341,253.14919,22,0.14583,0.09788,0.72446
8,0.89341,253.14919,23,0.27555,0.03534,0.54231
8,0.89341,253.14919,24,0.37286,0.00338,0.3811
8,0.89341,253.14919,25,0.27048,0.04149,0.2595
8,0.89341,253.14919,26,0.41637,0.18647,0.21606
8,0.89341,253.14919,27,0.25166,0.06641,0.27711
8,0.89341,253.14919,28,0.11969,0.222,0.09785
8,0.89341,253.14919,29,0.06575,0.19271,0.14461
8,0.89341,253.14919,30,-0.00204,0.34533,0.25003
8,0.89341,253.14919,31,0.00789,0.37248,0.26236
8,0.89341,253.14919,32,-0.04805,0.35368,0.20661
8,0.89341,253.14919,33,0.11224,0.41848,0.27203
8,0.89341,253.14919,34,0.08989,0.38297,0.19938
8,0.89341,253.14919,35,0.21849,0.2139,0.1873
8,0.89341,253.14919,36,0.19131,0.21672,0.10113
8,0.89341,253.14919,37,0.1429,0.20018,0.08263
8,0.89341,253.14919,38,0.22437,0.2852,0.08421
8,0.89341,253.14919,39,0.1641,0.26709,0.1689
8,0.89341,253.14919,40,-0.00694,0.1525,0.26934
8,0.89341,253.14919,41,0.08846,0.16205,0.20887
8,0.89341,253.14919,42,0.04285,0.04175,0.13484
8,0.89341,253.14919,43,0.05392,-0.07503,0.26328
8,0.89341,253.14919,44,-0.06612,0.07985,0.16113
8,0.89341,253.14919,45,-0.11732,0.03043,0.112
8,0.89341,253.14919,46,-0.12392,-0.09465,0.08634
8,0.89341,253.14919,47,0.07003,-0.11102,0.09148
8,0.89341,253.14919,48,0.015,-0.21735,0.27656
8,0.89341,253.14919,49,0.1027,-0.31182,0.26357
8,0.89341,253.14919,50,0.10407,-0.30547,0.29592
8,0.89341,253.14919,51,-0.00521,-0.24522,0.12761
8,0.89341,253.14919,52,0.0237,-0.22372,0.13403
8,0.89341,253.14919,53,-0.06106,-0.22673,0.11011
8,0.89341,253.14919,54,-0.11743,-0.19778,0.11041
8,0.89341,253.14919,55,-0.2055,-0.22821,0.0889
8,0.89341,253.14919,56,-0.19525,-0.2226,0.08645
8,0.89341,253.14919,57,-0.00784,-0.38071,0.2372
8,0.89341,253.14919,58,-0.17657,-0.14523,0.07767
8,0.89341,253.14919,59,-0.10264,-0.06461,0.03707
8,0.89341,253.14919,60,-0.20538,-0.19161,0.20914
8,0.89341,253.14919,61,-0.0063,-0.16609,0.22023
8,0.89341,253.14919,62,-0.14813,-0.26922,0.42889
9,0.9918,262.41861,1,0.36984,0.09164,0.75834
9,0.9918,262.41861,2,0.28033,0.05753,0.58407
9,0.9918,262.41861,3,0.09552,-0.04953,0.51862
9,0.9918,262.41861,4,0.09266,-0.03937,0.33253
9,0.9918,262.41861,5,0.10125,-0.13787,0.15101
9,0.9918,262.41861,6,0.184,-0.20393,0.22007
9,0.9918,262.41861,7,0.3053,-0.05642,0.24948
9,0.9918,262.41861,8,0.20066,0.02759,0.39
9,0.9918,262.41861,9,0.09092,-0.05343,0.45477
9,0.9918,262.41861,10,0.12884,-0.06024,0.39
9,0.9918,262.41861,11,0.08149,-0.15468,0.41292
9,0.9918,262.41861,12,-0.04481,-0.19592,0.41833
9,0.9918,262.41861,13,0.05294,-0.20957,0.51637
9,0.9918,262.41861,14,0.12928,-0.12889,0.65809
9,0.9918,262.41861,15,-0.0302,0.03581,0.70738
9,0.9918,262.41861,16,-0.01171,0.02716,0.75843
9,0.9918,262.41861,17,-0.04003,0.29535,0.74317
9,0.9918,262.41861,18,-0.03862,0.18029,0.74133
9,0.9918,262.41861,19,-0.18093,0.08886,0.5758
9,0.9918,262.41861,20,-0.0451,0.15516,0.71141
9,0.9918,262.41861,21,-0.0303,0.26819,0.7117
9,0.9918,262.41861,22,0.14598,0.09811,0.7418
9,0.9918,262.41861,23,0.27568,0.03554,0.55949
9,0.9918,262.41861,24,0.37298,0.00356,0.3981
9,0.9918,262.41861,25,0.27059,0.04165,0.27631
9,0.9918,262.41861,26,0.41635,0.18701,0.23258
9,0.9918,262.41861,27,0.25161,0.06693,0.29343
9,0.9918,262.41861,28,0.11961,0.22249,0.10836
9,0.9918,262.41861,29,0.06572,0.19307,0.11034
9,0.9918,262.41861,30,-0.00213,0.34566,0.21597
9,0.9918,262.41861,31,0.00777,0.37279,0.22849
9,0.9918,262.41861,32,-0.04819,0.35397,0.17289
9,0.9918,262.41861,33,0.11423,0.41848,0.24256
9,0.9918,262.41861,34,0.09187,0.38297,0.17007
9,0.9918,262.41861,35,0.22047,0.21392,0.15814
9,0.9918,262.41861,36,0.19265,0.22219,0.11665
9,0.9918,262.41861,37,0.14447,0.19987,0.08263
9,0.9918,262.41861,38,0.2259,0.28293,0.08421
9,0.9918,262.41861,39,0.16563,0.26483,0.1689
9,0.9918,262.41861,40,-0.00542,0.15025,0.26934
9,0.9918,262.41861,41,0.08999,0.15981,0.20887
9,0.9918,262.41861,42,0.05323,0.06953,0.17131
9,0.9918,262.41861,43,0.06388,-0.00996,0.18433
9,0.9918,262.41861,44,-0.00579,-0.17645,0.16799
9,0.9918,262.41861,45,-0.12021,-0.11222,0.11012
9,0.9918,262.41861,46,-0.06795,0.05012,0.19771
9,0.9918,262.41861,47,0.01815,-0.0396,0.23246
9,0.9918,262.41861,48,0.00108,-0.11204,0.20434
9,0.9918,262.41861,49,-0.14,-0.27213,0.25114
9,0.9918,262.41861,50,-0.29349,-0.20525,0.10072
9,0.9918,262.41861,51,-0.16198,-0.20393,0.0937
9,0.9918,262.41861,52,-0.05607,-0.19363,0.14125
9,0.9918,262.41861,53,-0.11848,-0.18854,0.14979
9,0.9918,262.41861,54,-0.06751,-0.22032,0.06473
9,0.9918,262.41861,55,-0.0858,-0.23776,0.05235
9,0.9918,262.41861,56,-0.16191,-0.25818,0.21883
9,0.9918,262.41861,57,-0.08833,-0.34806,0.23144
9,0.9918,262.41861,58,-0.2077,-0.34557,0.32244
9,0.9918,262.41861,59,-0.20088,-0.29198,0.20341
9,0.9918,262.41861,60,-0.23411,-0.23765,0.16253
9,0.9918,262.41861,61,-0.21118,-0.30305,0.15067
9,0.9918,262.41861,62,-0.15075,-0.60311,0.31401
10,0.93812,265.65356,1,0.36984,0.09163,0.76647
10,0.93812,265.65356,2,0.28031,0.0575,0.59205
10,0.93812,265.65356,3,0.09548,-0.04959,0.52643
10,0.93812,265.65356,4,0.09261,-0.03945,0.34018
10,0.93812,265.65356,5,0.10118,-0.13797,0.1585
10,0.93812,265.65356,6,0.18394,-0.20402,0.20943
10,0.93812,265.65356,7,0.30523,-0.05652,0.23896
10,0.93812,265.65356,8,0.20058,0.02748,0.3796
10,0.93812,265.65356,9,0.09083,-0.05356,0.44447
10,0.93812,265.65356,10,0.12874,-0.06038,0.37979
10,0.93812,265.65356,11,0.08139,-0.15484,0.40279
10,0.93812,265.65356,12,-0.04492,-0.19609,0.40826
10,0.93812,265.65356,13,0.05282,-0.20974,0.50635
10,0.93812,265.65356,14,0.12916,-0.12907,0.64812
10,0.93812,265.65356,15,-0.03033,0.03563,0.69745
10,0.93812,265.65356,16,-0.01183,0.02697,0.74853
10,0.93812,265.65356,17,-0.04015,0.29517,0.7333
10,0.93812,265.65356,18,-0.03874,0.18011,0.73151
10,0.93812,265.65356,19,-0.18104,0.08869,0.56601
10,0.93812,265.65356,20,-0.0452,0.15501,0.70169
10,0.93812,265.65356,21,-0.0304,0.26805,0.70204
10,0.93812,265.65356,22,0.14589,0.09798,0.73221
10,0.93812,265.65356,23,0.2756,0.03542,0.54998
10,0.93812,265.65356,24,0.37291,0.00345,0.38869
10,0.93812,265.65356,25,0.27053,0.04156,0.267
10,0.93812,265.65356,26,0.41636,0.18669,0.22343
10,0.93812,265.65356,27,0.25164,0.06663,0.28439
10,0.93812,265.65356,28,0.11965,0.2222,0.10378
10,0.93812,265.65356,29,0.06574,0.19286,0.14043
10,0.93812,265.65356,30,-0.00206,0.34548,0.24588
10,0.93812,265.65356,31,0.00787,0.37262,0.25824
10,0.93812,265.65356,32,-0.04807,0.35382,0.20251
10,0.93812,265.65356,33,0.11254,0.41848,0.26832
10,0.93812,265.65356,34,0.09019,0.38297,0.19569
10,0.93812,265.65356,35,0.21879,0.2139,0.18363
10,0.93812,265.65356,36,0.19152,0.21819,0.10336
10,0.93812,265.65356,37,0.14314,0.20109,0.08263
10,0.93812,265.65356,38,0.2246,0.28506,0.08421
10,0.93812,265.65356,39,0.16432,0.26695,0.1689
10,0.93812,265.65356,40,-0.00672,0.15235,0.26934
10,0.93812,265.65356,41,0.08869,0.1619,0.20887
10,0.93812,265.65356,42,0.05194,0.07161,0.1713
10,0.93812,265.65356,43,0.0626,-0.00789,0.18433
10,0.93812,265.65356,44,-0.00707,-0.1744,0.16799
10,0.93812,265.65356,45,-0.12148,-0.11022,0.1094
10,0.93812,265.65356,46,-0.0692,0.05202,0.19558
10,0.93812,265.65356,47,0.0169,-0.03771,0.23034
10,0.93812,265.65356,48,-0.00015,-0.11017,0.20223
10,0.93812,265.65356,49,-0.14124,-0.27026,0.24903
10,0.93812,265.65356,50,-0.29457,-0.20322,0.10166
10,0.93812,265.65356,51,-0.16319,-0.20216,0.07806
10,0.93812,265.65356,52,-0.05729,-0.19188,0.12569
10,0.93812,265.65356,53,-0.11971,-0.18682,0.1343
10,0.93812,265.65356,54,-0.06872,-0.21864,0.06473
10,0.93812,265.65356,55,-0.087,-0.2361,0.05235
10,0.93812,265.65356,56,-0.16309,-0.25653,0.21883
10,0.93812,265.65356,57,-0.08951,-0.34642,0.23144
10,0.93812,265.65356,58,-0.20887,-0.34394,0.32245
10,0.93812,265.65356,59,-0.20205,-0.29036,0.20341
10,0.93812,265.65356,60,-0.23528,-0.23604,0.16254
10,0.93812,265.65356,61,-0.21234,-0.30145,0.15067
10,0.93812,265.65356,62,-0.38178,-0.28421,0.24008
11,0.84865,259.35964,1,0.36982,0.09161,0.78002
11,0.84865,259.35964,2,0.28027,0.05744,0.60535
11,0.84865,259.35964,3,0.09541,-0.04969,0.53948
11,0.84865,259.35964,4,0.09252,-0.03959,0.35297
11,0.84865,259.35964,5,0.10107,-0.13814,0.17102
11,0.84865,259.35964,6,0.18384,-0.20417,0.19253
11,0.84865,259.35964,7,0.30512,-0.05669,0.22225
11,0.84865,259.35964,8,0.20045,0.02729,0.36305
11,0.84865,259.35964,9,0.09069,-0.05377,0.42807
11,0.84865,259.35964,10,0.12859,-0.06061,0.36351
11,0.84865,259.35964,11,0.08122,-0.15509,0.38662
11,0.84865,259.35964,12,-0.0451,-0.19635,0.39218
11,0.84865,259.35964,13,0.05264,-0.21002,0.49035
11,0.84865,259.35964,14,0.12897,-0.12936,0.63217
11,0.84865,259.35964,15,-0.03052,0.03534,0.68156
11,0.84865,259.35964,16,-0.01202,0.02669,0.73269
11,0.84865,259.35964,17,-0.04033,0.2949,0.71752
11,0.84865,259.35964,18,-0.03891,0.17986,0.7158
11,0.84865,259.35964,19,-0.1812,0.08846,0.55039
11,0.84865,259.35964,20,-0.04535,0.15479,0.68617
11,0.84865,259.35964,21,-0.03053,0.26785,0.68664
11,0.84865,259.35964,22,0.14577,0.0978,0.71694
11,0.84865,259.35964,23,0.2755,0.03527,0.53486
11,0.84865,259.35964,24,0.37282,0.00331,0.37373
11,0.84865,259.35964,25,0.27045,0.04144,0.25222
11,0.84865,259.35964,26,0.41638,0.18628,0.2089
11,0.84865,259.35964,27,0.25169,0.06623,0.27005
11,0.84865,259.35964,28,0.12047,0.222,0.11446
11,0.84865,259.35964,29,0.06569,0.19255,0.11814
11,0.84865,259.35964,30,-0.00214,0.34515,0.22373
11,0.84865,259.35964,31,0.00776,0.37228,0.23621
11,0.84865,259.35964,32,-0.0482,0.35347,0.18059
11,0.84865,259.35964,33,0.11369,0.41848,0.249
11,0.84865,259.35964,34,0.09134,0.38297,0.17647
11,0.84865,259.35964,35,0.21994,0.21391,0.16451
11,0.84865,259.35964,36,0.19228,0.22287,0.11024
11,0.84865,259.35964,37,0.1441,0.20054,0.08263
11,0.84865,259.35964,38,0.22553,0.2836,0.08421
11,0.84865,259.35964,39,0.16526,0.26549,0.1689
11,0.84865,259.35964,40,-0.00578,0.1509,0.26934
11,0.84865,259.35964,41,0.08962,0.16046,0.20887
11,0.84865,259.35964,42,0.05286,0.07018,0.1713
11,0.84865,259.35964,43,0.06352,-0.00931,0.18433
11,0.84865,259.35964,44,-0.00615,-0.17581,0.16799
11,0.84865,259.35964,45,-0.12057,-0.11159,0.10821
11,0.84865,259.35964,46,-0.0683,0.05071,0.19201
11,0.84865,259.35964,47,0.0178,-0.03901,0.22678
11,0.84865,259.35964,48,0.00073,-0.11146,0.19869
11,0.84865,259.35964,49,-0.14036,-0.27155,0.24551
11,0.84865,259.35964,50,-0.29354,-0.20433,0.1006
11,0.84865,259.35964,51,-0.16232,-0.20337,0.08251
11,0.84865,259.35964,52,-0.05641,-0.19308,0.13012
11,0.84865,259.35964,53,-0.11883,-0.18801,0.13871
11,0.84865,259.35964,54,-0.06785,-0.21979,0.06473
11,0.84865,259.35964,55,-0.08614,-0.23724,0.05235
11,0.84865,259.35964,56,-0.16224,-0.25766,0.21883
11,0.84865,259.35964,57,-0.25913,-0.37419,0.1156
11,0.84865,259.35964,58,-0.19568,-0.24477,0.1093
11,0.84865,259.35964,59,-0.11002,-0.3108,0.0699
11,0.84865,259.35964,60,0.01112,-0.32606,0.05448
11,0.84865,259.35964,61,0.0312,-0.09007,0.09101
11,0.84865,259.35964,62,0.25187,-0.14156,0.24629
12,0.9152,264.41556,1,0.36983,0.09163,0.76994
12,0.9152,264.41556,2,0.2803,0.05748,0.59545
12,0.9152,264.41556,3,0.09546,-0.04961,0.52977
12,0.9152,264.41556,4,0.09258,-0.03949,0.34345
12,0.9152,264.41556,5,0.10115,-0.13801,0.1617
12,0.9152,264.41556,6,0.18392,-0.20406,0.205
12,0.9152,264.41556,7,0.3052,-0.05656,0.23458
12,0.9152,264.41556,8,0.20055,0.02743,0.37527
12,0.9152,264.41556,9,0.0908,-0.05362,0.44018
12,0.9152,264.41556,10,0.1287,-0.06044,0.37553
12,0.9152,264.41556,11,0.08134,-0.1549,0.39856
12,0.9152,264.41556,12,-0.04497,-0.19616,0.40406
12,0.9152,264.41556,13,0.05277,-0.20981,0.50217
12,0.9152,264.41556,14,0.12911,-0.12915,0.64395
12,0.9152,264.41556,15,-0.03038,0.03555,0.6933
12,0.9152,264.41556,16,-0.01188,0.02689,0.74439
12,0.9152,264.41556,17,-0.0402,0.29509,0.72918
12,0.9152,264.41556,18,-0.03879,0.18004,0.7274
12,0.9152,264.41556,19,-0.18109,0.08863,0.56193
12,0.9152,264.41556,20,-0.04524,0.15495,0.69763
12,0.9152,264.41556,21,-0.03044,0.26799,0.69801
12,0.9152,264.41556,22,0.14586,0.09793,0.72821
12,0.9152,264.41556,23,0.27557,0.03538,0.54602
12,0.9152,264.41556,24,0.37289,0.00341,0.38477
12,0.9152,264.41556,25,0.2705,0.04152,0.26313
12,0.9152,264.41556,26,0.41637,0.18657,0.21962
12,0.9152,264.41556,27,0.25165,0.06651,0.28063
12,0.9152,264.41556,28,0.11967,0.22209,0.10072
12,0.9152,264.41556,29,0.06575,0.19278,0.14264
12,0.9152,264.41556,30,-0.00205,0.3454,0.24808
12,0.9152,264.41556,31,0.00788,0.37254,0.26043
12,0.9152,264.41556,32,-0.04806,0.35374,0.20468
12,0.9152,264.41556,33,0.11238,0.41848,0.27028
12,0.9152,264.41556,34,0.09003,0.38297,0.19764
12,0.9152,264.41556,35,0.21863,0.2139,0.18557
12,0.9152,264.41556,36,0.19141,0.21741,0.10217
12,0.9152,264.41556,37,0.14301,0.20061,0.08263
12,0.9152,264.41556,38,0.22447,0.28514,0.08421
12,0.9152,264.41556,39,0.1642,0.26703,0.1689
12,0.9152,264.41556,40,-0.00684,0.15243,0.26934
12,0.9152,264.41556,41,0.08857,0.16198,0.20887
12,0.9152,264.41556,42,0.05182,0.07169,0.1713
12,0.9152,264.41556,43,0.06248,-0.00781,0.18433
12,0.9152,264.41556,44,-0.00719,-0.17432,0.16799
12,0.9152,264.41556,45,-0.1216,-0.11014,0.1091
12,0.9152,264.41556,46,-0.06931,0.05209,0.19466
12,0.9152,264.41556,47,0.01679,-0.03764,0.22943
12,0.9152,264.41556,48,-0.00027,-0.1101,0.20132
12,0.9152,264.41556,49,-0.14135,-0.27019,0.24813
12,0.9152,264.41556,50,-0.29468,-0.20315,0.10167
12,0.9152,264.41556,51,-0.1633,-0.20209,0.07806
12,0.9152,264.41556,52,-0.0574,-0.19182,0.12569
12,0.9152,264.41556,53,-0.11982,-0.18675,0.1343
12,0.9152,264.41556,54,-0.06882,-0.21857,0.06473
12,0.9152,264.41556,55,-0.0871,-0.23604,0.05235
12,0.9152,264.41556,56,-0.16319,-0.25647,0.21883
12,0.9152,264.41556,57,-0.08961,-0.34635,0.23144
12,0.9152,264.41556,58,-0.20897,-0.34387,0.32245
12,0.9152,264.41556,59,-0.20215,-0.2903,0.20341
12,0.9152,264.41556,60,-0.28745,-0.37973,0.18435
12,0.9152,264.41556,61,-0.18777,-0.33948,0.37379
12,0.9152,264.41556,62,-0.20149,-0.36119,0.36081
13,0.94572,263.84194,1,0.36984,0.09163,0.76532
13,0.94572,263.84194,2,0.28031,0.0575,0.59092
13,0.94572,263.84194,3,0.09548,-0.04958,0.52532
13,0.94572,263.84194,4,0.09262,-0.03944,0.33909
13,0.94572,263.84194,5,0.10119,-0.13796,0.15744
13,0.94572,263.84194,6,0.18395,-0.20401,0.21091
13,0.94572,263.84194,7,0.30524,-0.05651,0.24043
13,0.94572,263.84194,8,0.20059,0.02749,0.38105
13,0.94572,263.84194,9,0.09084,-0.05355,0.44591
13,0.94572,263.84194,10,0.12876,-0.06036,0.38121
13,0.94572,263.84194,11,0.0814,-0.15482,0.4042
13,0.94572,263.84194,12,-0.04491,-0.19606,0.40967
13,0.94572,263.84194,13,0.05284,-0.20972,0.50775
13,0.94572,263.84194,14,0.12917,-0.12905,0.64951
13,0.94572,263.84194,15,-0.03031,0.03565,0.69884
13,0.94572,263.84194,16,-0.01182,0.027,0.74991
13,0.94572,263.84194,17,-0.04014,0.29519,0.73468
13,0.94572,263.84194,18,-0.03873,0.18014,0.73288
13,0.94572,263.84194,19,-0.18103,0.08872,0.56738
13,0.94572,263.84194,20,-0.04519,0.15503,0.70304
13,0.94572,263.84194,21,-0.03039,0.26807,0.70339
13,0.94572,263.84194,22,0.1459,0.098,0.73355
13,0.94572,263.84194,23,0.27561,0.03544,0.55131
13,0.94572,263.84194,24,0.37292,0.00346,0.39
13,0.94572,263.84194,25,0.27053,0.04157,0.2683
13,0.94572,263.84194,26,0.41636,0.18673,0.22471
13,0.94572,263.84194,27,0.25163,0.06667,0.28565
13,0.94572,263.84194,28,0.11965,0.22224,0.1048
13,0.94572,263.84194,29,0.06574,0.19289,0.13967
13,0.94572,263.84194,30,-0.00206,0.3455,0.24512
13,0.94572,263.84194,31,0.00787,0.37265,0.25749
13,0.94572,263.84194,32,-0.04808,0.35384,0.20176
13,0.94572,263.84194,33,0.1126,0.41848,0.26764
13,0.94572,263.84194,34,0.09025,0.38297,0.19502
13,0.94572,263.84194,35,0.21884,0.2139,0.18296
13,0.94572,263.84194,36,0.19156,0.21846,0.10377
13,0.94572,263.84194,37,0.14319,0.20125,0.08263
13,0.94572,263.84194,38,0.22464,0.28503,0.08421
13,0.94572,263.84194,39,0.16437,0.26692,0.1689
13,0.94572,263.84194,40,-0.00667,0.15232,0.26934
13,0.94572,263.84194,41,0.08873,0.16187,0.20887
13,0.94572,263.84194,42,0.05198,0.07158,0.1713
13,0.94572,263.84194,43,0.06264,-0.00791,0.18433
13,0.94572,263.84194,44,-0.00703,-0.17442,0.16799
13,0.94572,263.84194,45,-0.12144,-0.11024,0.1095
13,0.94572,263.84194,46,-0.06916,0.05199,0.19588
13,0.94572,263.84194,47,0.01694,-0.03774,0.23064
13,0.94572,263.84194,48,-0.00011,-0.11019,0.20253
13,0.94572,263.84194,49,-0.1412,-0.27028,0.24933
13,0.94572,263.84194,50,-0.29453,-0.20325,0.10166
13,0.94572,263.84194,51,-0.16315,-0.20219,0.08218
13,0.94572,263.84194,52,-0.05725,-0.1919,0.12978
13,0.94572,263.84194,53,-0.11966,-0.18683,0.13838
13,0.94572,263.84194,54,-0.06867,-0.21866,0.06473
13,0.94572,263.84194,55,-0.08696,-0.23612,0.05235
13,0.94572,263.84194,56,-0.16305,-0.25655,0.21883
13,0.94572,263.84194,57,-0.25994,-0.37309,0.1156
13,0.94572,263.84194,58,-0.19648,-0.24367,0.10931
13,0.94572,263.84194,59,-0.11081,-0.30973,0.0699
13,0.94572,263.84194,60,0.01022,-0.32342,0.05447
13,0.94572,263.84194,61,0.03031,-0.08745,0.091
13,0.94572,263.84194,62,0.04714,-0.07303,0.06174
14,0.91706,263.06187,1,0.36983,0.09163,0.76966
14,0.91706,263.06187,2,0.2803,0.05749,0.59518
14,0.91706,263.06187,3,0.09546,-0.04961,0.5295
14,0.91706,263.06187,4,0.09259,-0.03949,0.34318
14,0.91706,263.06187,5,0.10116,-0.13801,0.16144
14,0.91706,263.06187,6,0.18392,-0.20406,0.20535
14,0.91706,263.06187,7,0.30521,-0.05656,0.23494
14,0.91706,263.06187,8,0.20055,0.02743,0.37561
14,0.91706,263.06187,9,0.0908,-0.05361,0.44052
14,0.91706,263.06187,10,0.12871,-0.06044,0.37587
14,0.91706,263.06187,11,0.08135,-0.1549,0.3989
14,0.91706,263.06187,12,-0.04496,-0.19615,0.4044
14,0.91706,263.06187,13,0.05278,-0.20981,0.50251
14,0.91706,263.06187,14,0.12911,-0.12914,0.64429
14,0.91706,263.06187,15,-0.03037,0.03555,0.69363
14,0.91706,263.06187,16,-0.01188,0.0269,0.74472
14,0.91706,263.06187,17,-0.0402,0.2951,0.72951
14,0.91706,263.06187,18,-0.03879,0.18005,0.72773
14,0.91706,263.06187,19,-0.18108,0.08863,0.56226
14,0.91706,263.06187,20,-0.04524,0.15495,0.69795
14,0.91706,263.06187,21,-0.03043,0.268,0.69833
14,0.91706,263.06187,22,0.14586,0.09793,0.72853
14,0.91706,263.06187,23,0.27558,0.03538,0.54634
14,0.91706,263.06187,24,0.37289,0.00341,0.38508
14,0.91706,263.06187,25,0.27051,0.04152,0.26344
14,0.91706,263.06187,26,0.41637,0.18658,0.21993
14,0.91706,263.06187,27,0.25165,0.06652,0.28093
14,0.91706,263.06187,28,0.11967,0.2221,0.10097
14,0.91706,263.06187,29,0.06575,0.19279,0.14247
14,0.91706,263.06187,30,-0.00205,0.3454,0.2479
14,0.91706,263.06187,31,0.00788,0.37255,0.26025
14,0.91706,263.06187,32,-0.04806,0.35375,0.20451
14,0.91706,263.06187,33,0.11239,0.41848,0.27012
14,0.91706,263.06187,34,0.09005,0.38297,0.19749
14,0.91706,263.06187,35,0.21864,0.2139,0.18541
14,0.91706,263.06187,36,0.19142,0.21747,0.10226
14,0.91706,263.06187,37,0.14302,0.20065,0.08263
14,0.91706,263.06187,38,0.22448,0.28513,0.08421
14,0.91706,263.06187,39,0.16421,0.26702,0.1689
14,0.91706,263.06187,40,-0.00683,0.15243,0.26934
14,0.91706,263.06187,41,0.08858,0.16197,0.20887
14,0.91706,263.06187,42,0.04296,0.04168,0.13484
14,0.91706,263.06187,43,0.05404,-0.0751,0.26328
14,0.91706,263.06187,44,-0.06601,0.07978,0.16113
14,0.91706,263.06187,45,-0.11721,0.03036,0.11241
14,0.91706,263.06187,46,-0.12381,-0.09471,0.08727
14,0.91706,263.06187,47,0.07011,-0.11112,0.09221
14,0.91706,263.06187,48,0.01489,-0.21765,0.27618
14,0.91706,263.06187,49,0.10259,-0.31212,0.26319
14,0.91706,263.06187,50,0.10397,-0.30577,0.29554
14,0.91706,263.06187,51,-0.00532,-0.24552,0.12723
14,0.91706,263.06187,52,0.0236,-0.22402,0.13365
14,0.91706,263.06187,53,-0.16115,-0.246,0.11643
14,0.91706,263.06187,54,-0.118,-0.25151,0.09898
14,0.91706,263.06187,55,-0.22366,-0.23405,0.12728
14,0.91706,263.06187,56,-0.25466,-0.27405,0.11848
14,0.91706,263.06187,57,-0.22879,-0.19587,0.06965
14,0.91706,263.06187,58,-0.14242,-0.16225,0.14705
14,0.91706,263.06187,59,-0.05947,-0.10772,0.1109
14,0.91706,263.06187,60,-0.00338,-0.21563,0.19651
14,0.91706,263.06187,61,-0.04868,-0.20831,0.20557
14,0.91706,263.06187,62,0.09014,-0.11335,0.17786
15,0.92491,267.00428,1,0.36983,0.09163,0.76847
15,0.92491,267.00428,2,0.2803,0.05749,0.59401
15,0.92491,267.00428,3,0.09547,-0.0496,0.52836
15,0.92491,267.00428,4,0.09259,-0.03947,0.34206
15,0.92491,267.00428,5,0.10117,-0.138,0.16034
15,0.92491,267.00428,6,0.18393,-0.20404,0.20686
15,0.92491,267.00428,7,0.30522,-0.05655,0.23643
15,0.92491,267.00428,8,0.20056,0.02745,0.37709
15,0.92491,267.00428,9,0.09081,-0.05359,0.44199
15,0.92491,267.00428,10,0.12872,-0.06042,0.37732
15,0.92491,267.00428,11,0.08136,-0.15488,0.40034
15,0.92491,267.00428,12,-0.04495,-0.19613,0.40584
15,0.92491,267.00428,13,0.05279,-0.20978,0.50394
15,0.92491,267.00428,14,0.12913,-0.12912,0.64571
15,0.92491,267.00428,15,-0.03036,0.03558,0.69505
15,0.92491,267.00428,16,-0.01186,0.02693,0.74614
15,0.92491,267.00428,17,-0.04018,0.29512,0.73092
15,0.92491,267.00428,18,-0.03877,0.18007,0.72913
15,0.92491,267.00428,19,-0.18107,0.08865,0.56365
15,0.92491,267.00428,20,-0.04523,0.15497,0.69934
15,0.92491,267.00428,21,-0.03042,0.26802,0.69971
15,0.92491,267.00428,22,0.14587,0.09795,0.7299
15,0.92491,267.00428,23,0.27559,0.0354,0.54769
15,0.92491,267.00428,24,0.3729,0.00343,0.38642
15,0.92491,267.00428,25,0.27051,0.04154,0.26476
15,0.92491,267.00428,26,0.41637,0.18662,0.22123
15,0.92491,267.00428,27,0.25164,0.06656,0.28221
15,0.92491,267.00428,28,0.11967,0.22214,0.10201
15,0.92491,267.00428,29,0.06574,0.19282,0.14172
15,0.92491,267.00428,30,-0.00206,0.34543,0.24717
15,0.92491,267.00428,31,0.00788,0.37258,0.25952
15,0.92491,267.00428,32,-0.04807,0.35378,0.20378
15,0.92491,267.00428,33,0.11245,0.41848,0.26946
15,0.92491,267.00428,34,0.0901,0.38297,0.19683
15,0.92491,267.00428,35,0.2187,0.2139,0.18476
15,0.92491,267.00428,36,0.19146,0.21773,0.10266
15,0.92491,267.00428,37,0.14307,0.20081,0.08263
15,0.92491,267.00428,38,0.22452,0.2851,0.08421
15,0.92491,267.00428,39,0.16425,0.26699,0.1689
15,0.92491,267.00428,40,-0.00679,0.1524,0.26934
15,0.92491,267.00428,41,0.08862,0.16195,0.20887
15,0.92491,267.00428,42,0.05187,0.07166,0.1713
15,0.92491,267.00428,43,0.06253,-0.00784,0.18433
15,0.92491,267.00428,44,-0.00714,-0.17435,0.16799
15,0.92491,267.00428,45,-0.12155,-0.11017,0.10923
15,0.92491,267.00428,46,-0.06926,0.05206,0.19505
15,0.92491,267.00428,47,0.01684,-0.03767,0.22981
15,0.92491,267.00428,48,-0.00022,-0.11012,0.20171
15,0.92491,267.00428,49,-0.14131,-0.27022,0.24851
15,0.92491,267.00428,50,-0.29464,-0.20318,0.10167
15,0.92491,267.00428,51,-0.16326,-0.20212,0.07806
15,0.92491,267.00428,52,-0.05735,-0.19184,0.12569
15,0.92491,267.00428,53,-0.11977,-0.18678,0.1343
15,0.92491,267.00428,54,-0.06878,-0.2186,0.06473
15,0.92491,267.00428,55,-0.08706,-0.23607,0.05235
15,0.92491,267.00428,56,-0.16315,-0.25649,0.21883
15,0.92491,267.00428,57,-0.08957,-0.34638,0.23144
15,0.92491,267.00428,58,-0.20893,-0.3439,0.32245
15,0.92491,267.00428,59,-0.20211,-0.29032,0.20341
15,0.92491,267.00428,60,-0.23534,-0.236,0.16254
15,0.92491,267.00428,61,-0.2124,-0.30141,0.15067
15,0.92491,267.00428,62,-0.1084,-0.38261,0.16029
16,0.89036,254.91241,1,0.36983,0.09162,0.7737
16,0.89036,254.91241,2,0.28029,0.05747,0.59915
16,0.89036,254.91241,3,0.09544,-0.04964,0.53339
16,0.89036,254.91241,4,0.09256,-0.03953,0.347
16,0.89036,254.91241,5,0.10112,-0.13806,0.16518
16,0.89036,254.91241,6,0.18389,-0.2041,0.20027
16,0.89036,254.91241,7,0.30517,-0.05661,0.22992
16,0.89036,254.91241,8,0.20051,0.02738,0.37064
16,0.89036,254.91241,9,0.09076,-0.05368,0.43559
16,0.89036,254.91241,10,0.12866,-0.06051,0.37098
16,0.89036,254.91241,11,0.0813,-0.15497,0.39404
16,0.89036,254.91241,12,-0.04502,-0.19623,0.39957
16,0.89036,254.91241,13,0.05272,-0.20989,0.4977
16,0.89036,254.91241,14,0.12905,-0.12923,0.6395
16,0.89036,254.91241,15,-0.03043,0.03547,0.68886
16,0.89036,254.91241,16,-0.01194,0.02681,0.73997
16,0.89036,254.91241,17,-0.04025,0.29502,0.72477
16,0.89036,254.91241,18,-0.03884,0.17997,0.72301
16,0.89036,254.91241,19,-0.18113,0.08856,0.55757
16,0.89036,254.91241,20,-0.04528,0.15488,0.69329
16,0.89036,254.91241,21,-0.03047,0.26794,0.6937
16,0.89036,254.91241,22,0.14582,0.09788,0.72394
16,0.89036,254.91241,23,0.27554,0.03533,0.54179
16,0.89036,254.91241,24,0.37286,0.00337,0.38059
16,0.89036,254.91241,25,0.27048,0.04149,0.25899
16,0.89036,254.91241,26,0.41637,0.18645,0.21556
16,0.89036,254.91241,27,0.25166,0.0664,0.27662
16,0.89036,254.91241,28,0.11969,0.22199,0.09746
16,0.89036,254.91241,29,0.06575,0.19271,0.14487
16,0.89036,254.91241,30,-0.00204,0.34532,0.25029
16,0.89036,254.91241,31,0.00789,0.37247,0.26262
16,0.89036,254.91241,32,-0.04804,0.35367,0.20687
16,0.89036,254.91241,33,0.11222,0.41848,0.27226
16,0.89036,254.91241,34,0.08988,0.38297,0.19961
16,0.89036,254.91241,35,0.21847,0.2139,0.18753
16,0.89036,254.91241,36,0.19129,0.21663,0.101
16,0.89036,254.91241,37,0.14289,0.20013,0.08263
16,0.89036,254.91241,38,0.22435,0.28521,0.08421
16,0.89036,254.91241,39,0.16408,0.2671,0.1689
16,0.89036,254.91241,40,-0.00696,0.1525,0.26934
16,0.89036,254.91241,41,0.08845,0.16205,0.20887
16,0.89036,254.91241,42,0.04284,0.04176,0.13484
16,0.89036,254.91241,43,0.05391,-0.07502,0.26328
16,0.89036,254.91241,44,-0.06613,0.07986,0.16113
16,0.89036,254.91241,45,-0.11734,0.03043,0.11194
16,0.89036,254.91241,46,-0.12393,-0.09464,0.08622
16,0.89036,254.91241,47,0.07002,-0.111,0.0914
16,0.89036,254.91241,48,0.01501,-0.21731,0.27662
16,0.89036,254.91241,49,0.10271,-0.31178,0.26363
16,0.89036,254.91241,50,0.10409,-0.30543,0.29598
16,0.89036,254.91241,51,-0.0052,-0.24518,0.12767
16,0.89036,254.91241,52,0.02372,-0.22368,0.13409
16,0.89036,254.91241,53,0.05861,-0.16563,0.16772
16,0.89036,254.91241,54,0.18612,-0.38357,0.1177
16,0.89036,254.91241,55,0.02111,-0.30523,0.17905
16,0.89036,254.91241,56,0.01656,-0.32391,0.25317
16,0.89036,254.91241,57,0.05088,-0.18199,0.25915
16,0.89036,254.91241,58,0.14108,-0.189,0.09202
16,0.89036,254.91241,59,0.02352,-0.0826,0.12711
16,0.89036,254.91241,60,-0.03633,-0.02309,0.1607
16,0.89036,254.91241,61,0.01544,-0.23514,0.07944
16,0.89036,254.91241,62,-0.2309,-0.19626,0.19172
17,0.83616,258.6275,1,0.36982,0.09161,0.78191
17,0.83616,258.6275,2,0.28027,0.05743,0.60721
17,0.83616,258.6275,3,0.0954,-0.0497,0.54131
17,0.83616,258.6275,4,0.09251,-0.03961,0.35476
17,0.83616,258.6275,5,0.10105,-0.13817,0.17278
17,0.83616,258.6275,6,0.18383,-0.20419,0.19025
17,0.83616,258.6275,7,0.30511,-0.05671,0.22
17,0.83616,258.6275,8,0.20044,0.02726,0.36082
17,0.83616,258.6275,9,0.09067,-0.0538,0.42586
17,0.83616,258.6275,10,0.12857,-0.06064,0.36131
17,0.83616,258.6275,11,0.0812,-0.15512,0.38443
17,0.83616,258.6275,12,-0.04512,-0.19639,0.39001
17,0.83616,258.6275,13,0.05261,-0.21005,0.48818
17,0.83616,258.6275,14,0.12894,-0.1294,0.63002
17,0.83616,258.6275,15,-0.03054,0.0353,0.67941
17,0.83616,258.6275,16,-0.01204,0.02665,0.73054
17,0.83616,258.6275,17,-0.04036,0.29486,0.71539
17,0.83616,258.6275,18,-0.03893,0.17983,0.71367
17,0.83616,258.6275,19,-0.18122,0.08843,0.54828
17,0.83616,258.6275,20,-0.04536,0.15476,0.68407
17,0.83616,258.6275,21,-0.03055,0.26783,0.68456
17,0.83616,258.6275,22,0.14576,0.09778,0.71488
17,0.83616,258.6275,23,0.27549,0.03525,0.53282
17,0.83616,258.6275,24,0.37281,0.0033,0.37172
17,0.83616,258.6275,25,0.27044,0.04143,0.25023
17,0.83616,258.6275,26,0.41638,0.18623,0.20695
17,0.83616,258.6275,27,0.25169,0.06618,0.26812
17,0.83616,258.6275,28,0.12048,0.22195,0.11588
17,0.83616,258.6275,29,0.06571,0.19253,0.13111
17,0.83616,258.6275,30,-0.00211,0.34513,0.23663
17,0.83616,258.6275,31,0.00781,0.37227,0.24904
17,0.83616,258.6275,32,-0.04814,0.35347,0.19336
17,0.83616,258.6275,33,0.11296,0.41848,0.26011
17,0.83616,258.6275,34,0.09061,0.38297,0.18752
17,0.83616,258.6275,35,0.2192,0.2139,0.1755
17,0.83616,258.6275,36,0.19181,0.22072,0.10539
17,0.83616,258.6275,37,0.14353,0.20148,0.08263
17,0.83616,258.6275,38,0.22497,0.28452,0.08421
17,0.83616,258.6275,39,0.16469,0.26641,0.1689
17,0.83616,258.6275,40,-0.00635,0.15182,0.26934
17,0.83616,258.6275,41,0.08906,0.16137,0.20887
17,0.83616,258.6275,42,0.04344,0.04108,0.13484
17,0.83616,258.6275,43,0.05451,-0.0757,0.26328
17,0.83616,258.6275,44,-0.06553,0.07918,0.16113
17,0.83616,258.6275,45,-0.11675,0.02979,0.111
17,0.83616,258.6275,46,-0.12335,-0.09526,0.0841
17,0.83616,258.6275,47,0.0708,-0.11139,0.09055
17,0.83616,258.6275,48,0.01598,-0.21747,0.27729
17,0.83616,258.6275,49,0.10368,-0.31194,0.2643
17,0.83616,258.6275,50,0.10505,-0.30559,0.29664
17,0.83616,258.6275,51,-0.00424,-0.24535,0.12832
17,0.83616,258.6275,52,0.02467,-0.22385,0.13474
17,0.83616,258.6275,53,-0.06022,-0.22697,0.10878
17,0.83616,258.6275,54,-0.11684,-0.19826,0.10503
17,0.83616,258.6275,55,-0.20492,-0.22869,0.0889
17,0.83616,258.6275,56,-0.19467,-0.22307,0.08645
17,0.83616,258.6275,57,-0.15345,-0.28565,0.31105
17,0.83616,258.6275,58,-0.19787,-0.39001,0.07843
17,0.83616,258.6275,59,-0.26739,-0.33232,0.14482
17,0.83616,258.6275,60,-0.20659,-0.28751,0.0578
17,0.83616,258.6275,61,-0.3578,-0.27156,0.05372
17,0.83616,258.6275,62,-0.38829,-0.34254,0.05358
18,0.84865,262.97612,1,0.36982,0.09161,0.78002
18,0.84865,262.97612,2,0.28027,0.05744,0.60535
18,0.84865,262.97612,3,0.09541,-0.04969,0.53948
18,0.84865,262.97612,4,0.09252,-0.03959,0.35297
18,0.84865,262.97612,5,0.10107,-0.13814,0.17102
18,0.84865,262.97612,6,0.18384,-0.20417,0.19253
18,0.84865,262.97612,7,0.30512,-0.05669,0.22225
18,0.84865,262.97612,8,0.20045,0.02729,0.36305
18,0.84865,262.97612,9,0.09069,-0.05377,0.42807
18,0.84865,262.97612,10,0.12859,-0.06061,0.36351
18,0.84865,262.97612,11,0.08122,-0.15509,0.38662
18,0.84865,262.97612,12,-0.0451,-0.19635,0.39218
18,0.84865,262.97612,13,0.05264,-0.21002,0.49035
18,0.84865,262.97612,14,0.12897,-0.12936,0.63217
18,0.84865,262.97612,15,-0.03052,0.03534,0.68156
18,0.84865,262.97612,16,-0.01202,0.02669,0.73269
18,0.84865,262.97612,17,-0.04033,0.2949,0.71752
18,0.84865,262.97612,18,-0.03891,0.17986,0.7158
18,0.84865,262.97612,19,-0.1812,0.08846,0.55039
18,0.84865,262.97612,20,-0.04535,0.15479,0.68617
18,0.84865,262.97612,21,-0.03053,0.26785,0.68664
18,0.84865,262.97612,22,0.14577,0.0978,0.71694
18,0.84865,262.97612,23,0.2755,0.03527,0.53486
18,0.84865,262.97612,24,0.37282,0.00331,0.37373
18,0.84865,262.97612,25,0.27045,0.04144,0.25222
18,0.84865,262.97612,26,0.41638,0.18628,0.2089
18,0.84865,262.97612,27,0.25169,0.06623,0.27005
18,0.84865,262.97612,28,0.12047,0.222,0.11446
18,0.84865,262.97612,29,0.06569,0.19255,0.11814
18,0.84865,262.97612,30,-0.00214,0.34515,0.22373
18,0.84865,262.97612,31,0.00776,0.37228,0.23621
18,0.84865,262.97612,32,-0.0482,0.35347,0.18059
18,0.84865,262.97612,33,0.11369,0.41848,0.249
18,0.84865,262.97612,34,0.09134,0.38297,0.17647
18,0.84865,262.97612,35,0.21994,0.21391,0.16451
18,0.84865,262.97612,36,0.19228,0.22287,0.11024
18,0.84865,262.97612,37,0.1441,0.20054,0.08263
18,0.84865,262.97612,38,0.22553,0.2836,0.08421
18,0.84865,262.97612,39,0.16526,0.26549,0.1689
18,0.84865,262.97612,40,-0.00578,0.1509,0.26934
18,0.84865,262.97612,41,0.08962,0.16046,0.20887
18,0.84865,262.97612,42,0.05286,0.07018,0.1713
18,0.84865,262.97612,43,0.06352,-0.00931,0.18433
18,0.84865,262.97612,44,-0.00615,-0.17581,0.16799
18,0.84865,262.97612,45,-0.12057,-0.11159,0.10821
18,0.84865,262.97612,46,-0.0683,0.05071,0.19201
18,0.84865,262.97612,47,0.0178,-0.03901,0.22678
18,0.84865,262.97612,48,0.00073,-0.11146,0.19869
18,0.84865,262.97612,49,-0.14036,-0.27155,0.24551
18,0.84865,262.97612,50,-0.29354,-0.20433,0.1006
18,0.84865,262.97612,51,-0.16232,-0.20337,0.08251
18,0.84865,262.97612,52,-0.05641,-0.19308,0.13012
18,0.84865,262.97612,53,-0.11883,-0.18801,0.13871
18,0.84865,262.97612,54,-0.06785,-0.21979,0.06473
18,0.84865,262.97612,55,-0.08614,-0.23724,0.05235
18,0.84865,262.97612,56,-0.16224,-0.25766,0.21883
18,0.84865,262.97612,57,-0.25913,-0.37419,0.1156
18,0.84865,262.97612,58,-0.19568,-0.24477,0.1093
18,0.84865,262.97612,59,-0.11002,-0.3108,0.0699
18,0.84865,262.97612,60,0.01112,-0.32606,0.05448
18,0.84865,262.97612,61,0.0312,-0.09007,0.09101
18,0.84865,262.97612,62,0.12845,-0.06138,0.2092
19,0.91442,263.94816,1,0.36983,0.09162,0.77006
19,0.91442,263.94816,2,0.2803,0.05748,0.59557
19,0.91442,263.94816,3,0.09546,-0.04961,0.52989
19,0.91442,263.94816,4,0.09258,-0.03949,0.34356
19,0.91442,263.94816,5,0.10115,-0.13802,0.16181
19,0.91442,263.94816,6,0.18392,-0.20406,0.20485
19,0.91442,263.94816,7,0.3052,-0.05657,0.23444
19,0.91442,263.94816,8,0.20055,0.02743,0.37512
19,0.91442,263.94816,9,0.09079,-0.05362,0.44003
19,0.91442,263.94816,10,0.1287,-0.06044,0.37538
19,0.91442,263.94816,11,0.08134,-0.15491,0.39842
19,0.91442,263.94816,12,-0.04497,-0.19616,0.40392
19,0.91442,263.94816,13,0.05277,-0.20982,0.50203
19,0.91442,263.94816,14,0.1291,-0.12915,0.64381
19,0.91442,263.94816,15,-0.03038,0.03555,0.69316
19,0.91442,263.94816,16,-0.01189,0.02689,0.74425
19,0.91442,263.94816,17,-0.0402,0.29509,0.72904
19,0.91442,263.94816,18,-0.03879,0.18004,0.72726
19,0.91442,263.94816,19,-0.18109,0.08862,0.56179
19,0.91442,263.94816,20,-0.04524,0.15494,0.69749
19,0.91442,263.94816,21,-0.03044,0.26799,0.69787
19,0.91442,263.94816,22,0.14585,0.09793,0.72808
19,0.91442,263.94816,23,0.27557,0.03538,0.54589
19,0.91442,263.94816,24,0.37289,0.00341,0.38463
19,0.91442,263.94816,25,0.2705,0.04152,0.26299
19,0.91442,263.94816,26,0.41637,0.18657,0.21949
19,0.91442,263.94816,27,0.25165,0.06651,0.2805
19,0.91442,263.94816,28,0.11967,0.22209,0.10062
19,0.91442,263.94816,29,0.06575,0.19278,0.14272
19,0.91442,263.94816,30,-0.00205,0.34539,0.24815
19,0.91442,263.94816,31,0.00788,0.37254,0.2605
19,0.91442,263.94816,32,-0.04806,0.35374,0.20475
19,0.91442,263.94816,33,0.11237,0.41848,0.27034
19,0.91442,263.94816,34,0.09003,0.38297,0.19771
19,0.91442,263.94816,35,0.21862,0.2139,0.18563
19,0.91442,263.94816,36,0.19141,0.21738,0.10213
19,0.91442,263.94816,37,0.14301,0.20059,0.08263
19,0.91442,263.94816,38,0.22447,0.28514,0.08421
19,0.91442,263.94816,39,0.1642,0.26703,0.1689
19,0.91442,263.94816,40,-0.00684,0.15243,0.26934
19,0.91442,263.94816,41,0.08857,0.16198,0.20887
19,0.91442,263.94816,42,0.05181,0.07169,0.1713
19,0.91442,263.94816,43,0.06247,-0.00781,0.18433
19,0.91442,263.94816,44,-0.00719,-0.17432,0.16799
19,0.91442,263.94816,45,-0.1216,-0.11014,0.10909
19,0.91442,263.94816,46,-0.06931,0.05209,0.19463
19,0.91442,263.94816,47,0.01679,-0.03764,0.22939
19,0.91442,263.94816,48,-0.00027,-0.11009,0.20129
19,0.91442,263.94816,49,-0.14136,-0.27019,0.2481
19,0.91442,263.94816,50,-0.29469,-0.20315,0.10167
19,0.91442,263.94816,51,-0.1633,-0.20209,0.07806
19,0.91442,263.94816,52,-0.0574,-0.19181,0.12569
19,0.91442,263.94816,53,-0.11982,-0.18675,0.1343
19,0.91442,263.94816,54,-0.06882,-0.21857,0.06473
19,0.91442,263.94816,55,-0.0871,-0.23604,0.05235
19,0.91442,263.94816,56,-0.1632,-0.25647,0.21883
19,0.91442,263.94816,57,-0.26008,-0.373,0.1156
19,0.91442,263.94816,58,-0.19662,-0.24358,0.1093
19,0.91442,263.94816,59,-0.11095,-0.30965,0.0699
19,0.91442,263.94816,60,0.01005,-0.32445,0.05447
19,0.91442,263.94816,61,0.03014,-0.08848,0.091
19,0.91442,263.94816,62,0.0298,0.00949,0.09673
20,0.90593,258.76263,1,0.36983,0.09162,0.77134
20,0.90593,258.76263,2,0.2803,0.05748,0.59683
20,0.90593,258.76263,3,0.09545,-0.04962,0.53112
20,0.90593,258.76263,4,0.09258,-0.0395,0.34477
20,0.90593,258.76263,5,0.10114,-0.13803,0.163
20,0.90593,258.76263,6,0.18391,-0.20407,0.20322
20,0.90593,258.76263,7,0.30519,-0.05658,0.23283
20,0.90593,258.76263,8,0.20053,0.02741,0.37353
20,0.90593,258.76263,9,0.09078,-0.05364,0.43846
20,0.90593,258.76263,10,0.12869,-0.06047,0.37382
20,0.90593,258.76263,11,0.08133,-0.15493,0.39686
20,0.90593,258.76263,12,-0.04498,-0.19618,0.40238
20,0.90593,258.76263,13,0.05276,-0.20984,0.50049
20,0.90593,258.76263,14,0.12909,-0.12918,0.64228
20,0.90593,258.76263,15,-0.0304,0.03552,0.69163
20,0.90593,258.76263,16,-0.0119,0.02686,0.74273
20,0.90593,258.76263,17,-0.04022,0.29506,0.72753
20,0.90593,258.76263,18,-0.03881,0.18002,0.72575
20,0.90593,258.76263,19,-0.1811,0.0886,0.56029
20,0.90593,258.76263,20,-0.04526,0.15492,0.696
20,0.90593,258.76263,21,-0.03045,0.26797,0.69639
20,0.90593,258.76263,22,0.14584,0.09791,0.72661
20,0.90593,258.76263,23,0.27556,0.03536,0.54443
20,0.90593,258.76263,24,0.37288,0.0034,0.3832
20,0.90593,258.76263,25,0.2705,0.04151,0.26157
20,0.90593,258.76263,26,0.41637,0.18653,0.2181
20,0.90593,258.76263,27,0.25165,0.06647,0.27912
20,0.90593,258.76263,28,0.11968,0.22205,0.0995
20,0.90593,258.76263,29,0.06575,0.19275,0.1435
20,0.90593,258.76263,30,-0.00205,0.34537,0.24892
20,0.90593,258.76263,31,0.00789,0.37252,0.26127
20,0.90593,258.76263,32,-0.04805,0.35372,0.20552
20,0.90593,258.76263,33,0.11232,0.41848,0.27104
20,0.90593,258.76263,34,0.08997,0.38297,0.1984
20,0.90593,258.76263,35,0.21857,0.2139,0.18632
20,0.90593,258.76263,36,0.19137,0.21711,0.10172
20,0.90593,258.76263,37,0.14297,0.20043,0.08263
20,0.90593,258.76263,38,0.22443,0.28517,0.08421
20,0.90593,258.76263,39,0.16416,0.26706,0.1689
20,0.90593,258.76263,40,-0.00688,0.15246,0.26934
20,0.90593,258.76263,41,0.08852,0.16201,0.20887
20,0.90593,258.76263,42,0.04291,0.04171,0.13484
20,0.90593,258.76263,43,0.05398,-0.07507,0.26328
20,0.90593,258.76263,44,-0.06606,0.07981,0.16113
20,0.90593,258.76263,45,-0.11727,0.03039,0.11222
20,0.90593,258.76263,46,-0.12386,-0.09468,0.08683
20,0.90593,258.76263,47,0.07007,-0.11107,0.09184
20,0.90593,258.76263,48,0.01492,-0.21752,0.27628
20,0.90593,258.76263,49,0.10262,-0.31199,0.26329
20,0.90593,258.76263,50,0.104,-0.30564,0.29564
20,0.90593,258.76263,51,-0.00528,-0.24539,0.12733
20,0.90593,258.76263,52,0.02363,-0.22389,0.13375
20,0.90593,258.76263,53,-0.16111,-0.24588,0.11653
20,0.90593,258.76263,54,-0.11797,-0.25138,0.09908
20,0.90593,258.76263,55,-0.22368,-0.23398,0.12685
20,0.90593,258.76263,56,-0.25469,-0.27401,0.11791
20,0.90593,258.76263,57,-0.3425,-0.29915,0.06846
20,0.90593,258.76263,58,-0.23503,-0.38965,0.08384
20,0.90593,258.76263,59,-0.33716,-0.39251,0.23821
20,0.90593,258.76263,60,-0.31146,-0.3697,0.13261
20,0.90593,258.76263,61,-0.28166,-0.41708,0.17222
20,0.90593,258.76263,62,-0.19239,-0.3523,0.03192
