particle,elasticity,weight,frame,x,y,z
1,0.90983,480.38093,1,-0.26627,0.12452,0.65534
1,0.90983,480.38093,2,-0.36851,0.27183,0.87677
1,0.90983,480.38093,3,-0.36427,0.11222,0.73267
1,0.90983,480.38093,4,-0.30703,-0.07792,0.6678
1,0.90983,480.38093,5,-0.30374,-0.05838,0.4668
1,0.90983,480.38093,6,-0.39048,-0.11843,0.51519
1,0.90983,480.38093,7,-0.31606,-0.14719,0.33668
1,0.90983,480.38093,8,-0.25629,-0.00293,0.21706
1,0.90983,480.38093,9,-0.31428,0.12432,0.1099
1,0.90983,480.38093,10,-0.31071,0.2325,0.31074
1,0.90983,480.38093,11,-0.09237,0.33512,0.24875
1,0.90983,480.38093,12,-0.20036,0.29679,0.32559
1,0.90983,480.38093,13,-0.1842,0.32421,0.22748
1,0.90983,480.38093,14,-0.23189,0.38144,0.36346
1,0.90983,480.38093,15,-0.26671,0.25596,0.33089
1,0.90983,480.38093,16,-0.24204,0.1222,0.34756
1,0.90983,480.38093,17,-0.13266,0.32753,0.43067
1,0.90983,480.38093,18,-0.215,0.29451,0.5466
1,0.90983,480.38093,19,-0.04449,0.16429,0.5826
1,0.90983,480.38093,20,-0.06909,0.05176,0.58425
1,0.90983,480.38093,21,-0.08362,0.20823,0.56076
1,0.90983,480.38093,22,-0.05853,0.19948,0.5254
1,0.90983,480.38093,23,-0.08767,0.12902,0.47671
1,0.90983,480.38093,24,-0.19284,0.03762,0.50853
1,0.90983,480.38093,25,-0.03953,0.04805,0.54527
1,0.90983,480.38093,26,0.11681,0.2309,0.55142
1,0.90983,480.38093,27,0.16961,0.16658,0.51486
1,0.90983,480.38093,28,0.18071,0.09249,0.48712
1,0.90983,480.38093,29,0.29313,0.07928,0.40703
1,0.90983,480.38093,30,0.28661,0.08362,0.24898
1,0.90983,480.38093,31,0.25896,-0.01091,0.10972
1,0.90983,480.38093,32,0.19111,0.11069,0.29787
1,0.90983,480.38093,33,0.21942,0.12418,0.13957
1,0.90983,480.38093,34,0.25031,-0.00324,0.3284
1,0.90983,480.38093,35,0.30625,0.06085,0.25017
1,0.90983,480.38093,36,0.34423,0.08311,0.24874
1,0.90983,480.38093,37,0.37286,-0.04778,0.1297
1,0.90983,480.38093,38,0.34706,-0.04836,0.24769
1,0.90983,480.38093,39,0.38677,-0.04003,0.26285
1,0.90983,480.38093,40,0.39785,-0.03408,0.28859
1,0.90983,480.38093,41,0.29586,-0.11092,0.21835
1,0.90983,480.38093,42,0.25923,-0.08204,0.2849
1,0.90983,480.38093,43,0.20506,-0.1641,0.16801
1,0.90983,480.38093,44,0.09986,-0.34515,0.24837
1,0.90983,480.38093,45,0.18518,-0.39444,0.12761
1,0.90983,480.38093,46,0.1455,-0.40672,0.1276
1,0.90983,480.38093,47,0.09214,-0.22587,0.09623
1,0.90983,480.38093,48,0.13362,-0.23077,0.08019
1,0.90983,480.38093,49,0.13815,-0.25154,0.0735
1,0.90983,480.38093,50,-0.04985,-0.17861,0.0672
1,0.90983,480.38093,51,0.05253,-0.09945,0.15602
1,0.90983,480.38093,52,-0.0023,-0.11129,0.10021
1,0.90983,480.38093,53,-0.11458,-0.2308,0.10611
1,0.90983,480.38093,54,-0.10799,-0.17975,0.1649
1,0.90983,480.38093,55,-0.16608,-0.02723,0.21864
1,0.90983,480.38093,56,-0.24702,-0.29555,0.21304
1,0.90983,480.38093,57,-0.27237,-0.2603,0.1323
1,0.90983,480.38093,58,-0.14551,-0.14575,0.10396
1,0.90983,480.38093,59,-0.33941,0.04228,0.0463
1,0.90983,480.38093,60,-0.20328,-0.0116,0.09598
1,0.90983,480.38093,61,-0.11604,0.06832,0.18752
1,0.90983,480.38093,62,-0.06898,-0.00069,0.1222
1,0.90983,480.38093,63,-0.10313,0.03111,0.18376
1,0.90983,480.38093,64,-0.28291,0.0201,0.15469
1,0.90983,480.38093,65,-0.38656,-0.15107,0.14912
1,0.90983,480.38093,66,-0.25943,-0.18346,0.24796
1,0.90983,480.38093,67,-0.18221,-0.39962,0.22026
1,0.90983,480.38093,68,-0.13513,-0.38673,0.09189
1,0.90983,480.38093,69,-0.28828,-0.13551,0.08438
1,0.90983,480.38093,70,-0.28927,-0.13936,0.07262
1,0.90983,480.38093,71,-0.40163,-0.27332,0.06802
1,0.90983,480.38093,72,-0.36582,-0.28908,0.01923
1,0.90983,480.38093,73,-0.33976,-0.33757,0.05043
1,0.90983,480.38093,74,-0.20383,-0.00659,0.15124
1,0.90983,480.38093,75,-0.18494,-0.18018,0.1575
1,0.90983,480.38093,76,-0.3547,-0.21358,0.19165
1,0.90983,480.38093,77,-0.41224,-0.34186,0.12953
1,0.90983,480.38093,78,-0.3395,-0.35403,0.20192
1,0.90983,480.38093,79,-0.24106,-0.35983,0.23532
1,0.90983,480.38093,80,-0.18074,-0.31875,0.0836
1,0.90983,480.38093,81,-0.23379,-0.29968,0.06177
1,0.90983,480.38093,82,-0.22753,-0.20837,0.12751
1,0.90983,480.38093,83,-0.21326,-0.33386,0.1163
1,0.90983,480.38093,84,-0.2989,-0.26488,0.10495
1,0.90983,480.38093,85,-0.2654,-0.38649,0.0914
1,0.90983,480.38093,86,-0.36116,-0.37964,0.08813
1,0.90983,480.38093,87,-0.35966,-0.32879,0.0375
1,0.90983,480.38093,88,-0.39519,-0.34636,0.099
1,0.90983,480.38093,89,-0.25205,-0.23297,0.08616
1,0.90983,480.38093,90,-0.18092,-0.15901,0.17415
1,0.90983,480.38093,91,-0.13871,-0.36907,0.21198
1,0.90983,480.38093,92,-0.15271,-0.27543,0.27045
1,0.90983,480.38093,93,-0.14633,-0.3579,0.24778
1,0.90983,480.38093,94,-0.19915,-0.59305,0.17743
1,0.90983,480.38093,95,-0.24655,-0.61191,0.11443
1,0.90983,480.38093,96,-0.24842,-0.36462,0.24591
1,0.90983,480.38093,97,-0.27959,-0.22129,0.10711
1,0.90983,480.38093,98,-0.36268,-0.19909,0.11122
1,0.90983,480.38093,99,-0.40109,-0.29378,0.1235
1,0.90983,480.38093,100,-0.30404,-0.12391,0.25422
1,0.90983,480.38093,101,-0.24479,-0.3263,0.31813
1,0.90983,480.38093,102,-0.29434,-0.3285,0.18019
1,0.90983,480.38093,103,-0.25161,-0.22923,0.11125
1,0.90983,480.38093,104,-0.3326,-0.19569,0.0783
1,0.90983,480.38093,105,-0.24254,-0.16169,0.09205
1,0.90983,480.38093,106,-0.29221,-0.08269,0.2017
1,0.90983,480.38093,107,-0.41997,-0.10693,0.30849
1,0.90983,480.38093,108,-0.261,-0.29294,0.22702
1,0.90983,480.38093,109,-0.2197,-0.36108,0.10101
1,0.90983,480.38093,110,-0.27948,-0.363,0.05804
1,0.90983,480.38093,111,-0.39315,-0.40033,0.14214
1,0.90983,480.38093,112,-0.22718,-0.34445,0.2238
1,0.90983,480.38093,113,-0.23585,-0.23424,0.32105
1,0.90983,480.38093,114,-0.15736,-0.18258,0.2662
2,0.99138,475.46206,1,-0.26627,0.12452,0.65534
2,0.99138,475.46206,2,-0.36473,0.27193,0.87564
2,0.99138,475.46206,3,-0.36048,0.1123,0.73004
2,0.99138,475.46206,4,-0.30328,-0.07784,0.6652
2,0.99138,475.46206,5,-0.30001,-0.0583,0.46424
2,0.99138,475.46206,6,-0.38679,-0.11834,0.51267
2,0.99138,475.46206,7,-0.3124,-0.1471,0.3342
2,0.99138,475.46206,8,-0.25267,-0.00284,0.21462
2,0.99138,475.46206,9,-0.31112,0.12439,0.11033
2,0.99138,475.46206,10,-0.30906,0.23251,0.32103
2,0.99138,475.46206,11,-0.09073,0.33513,0.25896
2,0.99138,475.46206,12,-0.19873,0.2968,0.33572
2,0.99138,475.46206,13,-0.18259,0.32422,0.23755
2,0.99138,475.46206,14,-0.23028,0.38146,0.37347
2,0.99138,475.46206,15,-0.26512,0.25599,0.34087
2,0.99138,475.46206,16,-0.24045,0.12223,0.35751
2,0.99138,475.46206,17,-0.13108,0.32756,0.44059
2,0.99138,475.46206,18,-0.21342,0.29453,0.5565
2,0.99138,475.46206,19,-0.04291,0.16431,0.59247
2,0.99138,475.46206,20,-0.06751,0.05178,0.59407
2,0.99138,475.46206,21,-0.08204,0.20825,0.57053
2,0.99138,475.46206,22,-0.05695,0.1995,0.5351
2,0.99138,475.46206,23,-0.08609,0.12903,0.48633
2,0.99138,475.46206,24,-0.19126,0.03763,0.51807
2,0.99138,475.46206,25,-0.03797,0.04805,0.55471
2,0.99138,475.46206,26,0.11838,0.2309,0.56075
2,0.99138,475.46206,27,0.17117,0.16657,0.52409
2,0.99138,475.46206,28,0.18227,0.09249,0.49622
2,0.99138,475.46206,29,0.29467,0.07927,0.41601
2,0.99138,475.46206,30,0.28815,0.08361,0.25782
2,0.99138,475.46206,31,0.26051,-0.01094,0.08602
2,0.99138,475.46206,32,0.19274,0.11061,0.12015
2,0.99138,475.46206,33,0.22079,0.12423,0.17047
2,0.99138,475.46206,34,0.25166,-0.00319,0.35905
2,0.99138,475.46206,35,0.30758,0.0609,0.28062
2,0.99138,475.46206,36,0.34554,0.08317,0.27902
2,0.99138,475.46206,37,0.37415,-0.0477,0.15984
2,0.99138,475.46206,38,0.34834,-0.04828,0.27773
2,0.99138,475.46206,39,0.38563,-0.03962,0.28515
2,0.99138,475.46206,40,0.39785,-0.03382,0.31056
2,0.99138,475.46206,41,0.29584,-0.11066,0.24025
2,0.99138,475.46206,42,0.2592,-0.08179,0.30671
2,0.99138,475.46206,43,0.20502,-0.16386,0.18972
2,0.99138,475.46206,44,0.09981,-0.34491,0.26994
2,0.99138,475.46206,45,0.19035,-0.39443,0.10887
2,0.99138,475.46206,46,0.14991,-0.40672,0.10922
2,0.99138,475.46206,47,0.09643,-0.23121,0.0993
2,0.99138,475.46206,48,0.13819,-0.23099,0.08019
2,0.99138,475.46206,49,0.14286,-0.24792,0.0735
2,0.99138,475.46206,50,-0.04517,-0.17501,0.0672
2,0.99138,475.46206,51,0.05719,-0.09587,0.15602
2,0.99138,475.46206,52,0.00234,-0.10772,0.1002
2,0.99138,475.46206,53,-0.10995,-0.22725,0.1061
2,0.99138,475.46206,54,-0.10337,-0.1762,0.1649
2,0.99138,475.46206,55,-0.16147,-0.02369,0.21863
2,0.99138,475.46206,56,-0.24243,-0.29203,0.21303
2,0.99138,475.46206,57,-0.26779,-0.25679,0.13229
2,0.99138,475.46206,58,-0.14099,-0.1423,0.10488
2,0.99138,475.46206,59,-0.33497,0.04565,0.0463
2,0.99138,475.46206,60,-0.19887,-0.00825,0.09598
2,0.99138,475.46206,61,-0.11166,0.07165,0.18751
2,0.99138,475.46206,62,-0.06461,0.00262,0.12219
2,0.99138,475.46206,63,-0.09879,0.03441,0.18375
2,0.99138,475.46206,64,-0.27858,0.02339,0.15469
2,0.99138,475.46206,65,-0.38821,-0.14722,0.15052
2,0.99138,475.46206,66,-0.26107,-0.17962,0.24935
2,0.99138,475.46206,67,-0.1833,-0.39896,0.22221
2,0.99138,475.46206,68,-0.13489,-0.38512,0.09136
2,0.99138,475.46206,69,-0.287,-0.13379,0.08438
2,0.99138,475.46206,70,-0.288,-0.13765,0.07262
2,0.99138,475.46206,71,-0.40163,-0.27188,0.06802
2,0.99138,475.46206,72,-0.36535,-0.28747,0.02417
2,0.99138,475.46206,73,-0.33251,-0.33609,0.05042
2,0.99138,475.46206,74,-0.19663,-0.00513,0.15122
2,0.99138,475.46206,75,-0.17779,-0.17872,0.15747
2,0.99138,475.46206,76,-0.3476,-0.21213,0.1916
2,0.99138,475.46206,77,-0.41224,-0.34037,0.13124
2,0.99138,475.46206,78,-0.33951,-0.35255,0.20362
2,0.99138,475.46206,79,-0.24107,-0.35835,0.23701
2,0.99138,475.46206,80,-0.18033,-0.31726,0.0836
2,0.99138,475.46206,81,-0.23338,-0.29818,0.06177
2,0.99138,475.46206,82,-0.22712,-0.20687,0.12751
2,0.99138,475.46206,83,-0.21285,-0.33237,0.1163
2,0.99138,475.46206,84,-0.2985,-0.2634,0.10495
2,0.99138,475.46206,85,-0.265,-0.38501,0.09139
2,0.99138,475.46206,86,-0.36078,-0.37821,0.08813
2,0.99138,475.46206,87,-0.35961,-0.32742,0.03778
2,0.99138,475.46206,88,-0.39524,-0.34501,0.09935
2,0.99138,475.46206,89,-0.2521,-0.23163,0.08651
2,0.99138,475.46206,90,-0.18097,-0.15768,0.1745
2,0.99138,475.46206,91,-0.13876,-0.36775,0.21233
2,0.99138,475.46206,92,-0.15276,-0.27411,0.27079
2,0.99138,475.46206,93,-0.14639,-0.35658,0.24812
2,0.99138,475.46206,94,-0.19943,-0.59442,0.17801
2,0.99138,475.46206,95,-0.24683,-0.61326,0.11501
2,0.99138,475.46206,96,-0.24854,-0.36105,0.24616
2,0.99138,475.46206,97,-0.27971,-0.21775,0.10736
2,0.99138,475.46206,98,-0.36261,-0.19664,0.11276
2,0.99138,475.46206,99,-0.40109,-0.29132,0.12503
2,0.99138,475.46206,100,-0.30404,-0.12146,0.25575
2,0.99138,475.46206,101,-0.24479,-0.32386,0.31966
2,0.99138,475.46206,102,-0.29434,-0.32608,0.18171
2,0.99138,475.46206,103,-0.25162,-0.22691,0.11244
2,0.99138,475.46206,104,-0.33262,-0.1934,0.07829
2,0.99138,475.46206,105,-0.24256,-0.15941,0.09204
2,0.99138,475.46206,106,-0.29223,-0.08042,0.2017
2,0.99138,475.46206,107,-0.41998,-0.10478,0.30871
2,0.99138,475.46206,108,-0.261,-0.2908,0.22724
2,0.99138,475.46206,109,-0.21997,-0.35895,0.10231
2,0.99138,475.46206,110,-0.27937,-0.36095,0.05804
2,0.99138,475.46206,111,-0.17664,-0.23829,0.15908
2,0.99138,475.46206,112,-0.36715,-0.10958,0.31621
2,0.99138,475.46206,113,-0.25012,-0.15838,0.13102
2,0.99138,475.46206,114,-0.16551,-0.05549,0.07229
3,0.99282,483.74549,1,-0.26627,0.12452,0.65534
3,0.99282,483.74549,2,-0.36466,0.27193,0.87562
3,0.99282,483.74549,3,-0.36042,0.1123,0.72999
3,0.99282,483.74549,4,-0.30321,-0.07784,0.66516
3,0.99282,483.74549,5,-0.29994,-0.0583,0.46419
3,0.99282,483.74549,6,-0.38672,-0.11834,0.51263
3,0.99282,483.74549,7,-0.31234,-0.1471,0.33415
3,0.99282,483.74549,8,-0.25261,-0.00284,0.21457
3,0.99282,483.74549,9,-0.31106,0.12439,0.11034
3,0.99282,483.74549,10,-0.30903,0.23251,0.32121
3,0.99282,483.74549,11,-0.0907,0.33513,0.25914
3,0.99282,483.74549,12,-0.1987,0.29681,0.3359
3,0.99282,483.74549,13,-0.18256,0.32422,0.23772
3,0.99282,483.74549,14,-0.23026,0.38146,0.37365
3,0.99282,483.74549,15,-0.26509,0.25599,0.34105
3,0.99282,483.74549,16,-0.24042,0.12223,0.35769
3,0.99282,483.74549,17,-0.13105,0.32756,0.44077
3,0.99282,483.74549,18,-0.21339,0.29453,0.55668
3,0.99282,483.74549,19,-0.04289,0.16431,0.59264
3,0.99282,483.74549,20,-0.06749,0.05178,0.59425
3,0.99282,483.74549,21,-0.08201,0.20825,0.5707
3,0.99282,483.74549,22,-0.05692,0.1995,0.53527
3,0.99282,483.74549,23,-0.08606,0.12903,0.4865
3,0.99282,483.74549,24,-0.19124,0.03763,0.51824
3,0.99282,483.74549,25,-0.03794,0.04805,0.55487
3,0.99282,483.74549,26,0.11841,0.2309,0.56092
3,0.99282,483.74549,27,0.17119,0.16657,0.52425
3,0.99282,483.74549,28,0.18229,0.09249,0.49638
3,0.99282,483.74549,29,0.2947,0.07927,0.41617
3,0.99282,483.74549,30,0.28818,0.08361,0.25798
3,0.99282,483.74549,31,0.26054,-0.01094,0.08618
3,0.99282,483.74549,32,0.19277,0.11061,0.12025
3,0.99282,483.74549,33,0.22082,0.12423,0.17046
3,0.99282,483.74549,34,0.25168,-0.00319,0.35905
3,0.99282,483.74549,35,0.30761,0.0609,0.28062
3,0.99282,483.74549,36,0.34556,0.08317,0.27901
3,0.99282,483.74549,37,0.37417,-0.0477,0.15984
3,0.99282,483.74549,38,0.34836,-0.04828,0.27773
3,0.99282,483.74549,39,0.38561,-0.03962,0.28515
3,0.99282,483.74549,40,0.39785,-0.03382,0.31056
3,0.99282,483.74549,41,0.29584,-0.11066,0.24025
3,0.99282,483.74549,42,0.2592,-0.08179,0.30671
3,0.99282,483.74549,43,0.20502,-0.16385,0.18972
3,0.99282,483.74549,44,0.09981,-0.34491,0.26994
3,0.99282,483.74549,45,0.19036,-0.39443,0.10891
3,0.99282,483.74549,46,0.14991,-0.40672,0.10926
3,0.99282,483.74549,47,0.09643,-0.2312,0.0993
3,0.99282,483.74549,48,0.1382,-0.231,0.08019
3,0.99282,483.74549,49,0.14286,-0.24793,0.0735
3,0.99282,483.74549,50,-0.04516,-0.17502,0.0672
3,0.99282,483.74549,51,0.0572,-0.09587,0.15602
3,0.99282,483.74549,52,0.00234,-0.10773,0.1002
3,0.99282,483.74549,53,-0.10994,-0.22726,0.1061
3,0.99282,483.74549,54,-0.10336,-0.17621,0.1649
3,0.99282,483.74549,55,-0.16147,-0.0237,0.21863
3,0.99282,483.74549,56,-0.24243,-0.29203,0.21303
3,0.99282,483.74549,57,-0.26779,-0.2568,0.13229
3,0.99282,483.74549,58,-0.14099,-0.14231,0.10489
3,0.99282,483.74549,59,-0.33497,0.04564,0.0463
3,0.99282,483.74549,60,-0.19887,-0.00826,0.09598
3,0.99282,483.74549,61,-0.11166,0.07164,0.18751
3,0.99282,483.74549,62,-0.06461,0.00261,0.12219
3,0.99282,483.74549,63,-0.09878,0.03441,0.18375
3,0.99282,483.74549,64,-0.27857,0.02338,0.15469
3,0.99282,483.74549,65,-0.38821,-0.14722,0.15052
3,0.99282,483.74549,66,-0.26107,-0.17963,0.24935
3,0.99282,483.74549,67,-0.1833,-0.39897,0.22221
3,0.99282,483.74549,68,-0.13488,-0.38513,0.09137
3,0.99282,483.74549,69,-0.28699,-0.1338,0.08438
3,0.99282,483.74549,70,-0.28799,-0.13766,0.07262
3,0.99282,483.74549,71,-0.40163,-0.27189,0.06802
3,0.99282,483.74549,72,-0.36534,-0.28748,0.02416
3,0.99282,483.74549,73,-0.3325,-0.3361,0.05042
3,0.99282,483.74549,74,-0.19662,-0.00513,0.15122
3,0.99282,483.74549,75,-0.17778,-0.17873,0.15747
3,0.99282,483.74549,76,-0.34759,-0.21214,0.1916
3,0.99282,483.74549,77,-0.41224,-0.34037,0.13124
3,0.99282,483.74549,78,-0.33951,-0.35256,0.20363
3,0.99282,483.74549,79,-0.24107,-0.35836,0.23702
3,0.99282,483.74549,80,-0.18033,-0.31727,0.0836
3,0.99282,483.74549,81,-0.23337,-0.29819,0.06177
3,0.99282,483.74549,82,-0.22712,-0.20688,0.12751
3,0.99282,483.74549,83,-0.21285,-0.33238,0.1163
3,0.99282,483.74549,84,-0.2985,-0.2634,0.10495
3,0.99282,483.74549,85,-0.265,-0.38502,0.09139
3,0.99282,483.74549,86,-0.36078,-0.37822,0.08813
3,0.99282,483.74549,87,-0.35961,-0.32742,0.03778
3,0.99282,483.74549,88,-0.39523,-0.34502,0.09934
3,0.99282,483.74549,89,-0.25209,-0.23163,0.0865
3,0.99282,483.74549,90,-0.18096,-0.15768,0.17449
3,0.99282,483.74549,91,-0.13875,-0.36775,0.21232
3,0.99282,483.74549,92,-0.15275,-0.27411,0.27078
3,0.99282,483.74549,93,-0.14638,-0.35659,0.24812
3,0.99282,483.74549,94,-0.19943,-0.59443,0.17801
3,0.99282,483.74549,95,-0.24682,-0.61327,0.115
3,0.99282,483.74549,96,-0.24854,-0.361,0.24616
3,0.99282,483.74549,97,-0.27971,-0.21769,0.10736
3,0.99282,483.74549,98,-0.36261,-0.1966,0.11279
3,0.99282,483.74549,99,-0.40109,-0.29128,0.12506
3,0.99282,483.74549,100,-0.30404,-0.12142,0.25578
3,0.99282,483.74549,101,-0.24479,-0.32382,0.31969
3,0.99282,483.74549,102,-0.29435,-0.32604,0.18174
3,0.99282,483.74549,103,-0.25162,-0.22687,0.11246
3,0.99282,483.74549,104,-0.33262,-0.19336,0.07829
3,0.99282,483.74549,105,-0.24256,-0.15937,0.09204
3,0.99282,483.74549,106,-0.29223,-0.08039,0.2017
3,0.99282,483.74549,107,-0.41998,-0.10474,0.30871
3,0.99282,483.74549,108,-0.261,-0.29077,0.22724
3,0.99282,483.74549,109,-0.21998,-0.35891,0.10233
3,0.99282,483.74549,110,-0.27937,-0.36092,0.05804
3,0.99282,483.74549,111,-0.25078,-0.40608,0.16838
3,0.99282,483.74549,112,-0.19811,-0.29059,0.23063
3,0.99282,483.74549,113,-0.19655,-0.33794,0.28727
3,0.99282,483.74549,114,-0.2079,-0.23436,0.35027
4,0.78928,477.58018,1,-0.26627,0.12452,0.65534
4,0.78928,477.58018,2,-0.3741,0.2717,0.87845
4,0.78928,477.58018,3,-0.36987,0.11211,0.73672
4,0.78928,477.58018,4,-0.31259,-0.07804,0.6718
4,0.78928,477.58018,5,-0.30925,-0.0585,0.47074
4,0.78928,477.58018,6,-0.39595,-0.11855,0.51908
4,0.78928,477.58018,7,-0.32148,-0.14731,0.34051
4,0.78928,477.58018,8,-0.26166,-0.00306,0.22082
4,0.78928,477.58018,9,-0.31896,0.12421,0.10943
4,0.78928,477.58018,10,-0.31314,0.23249,0.29572
4,0.78928,477.58018,11,-0.09478,0.33511,0.23384
4,0.78928,477.58018,12,-0.20275,0.29677,0.31077
4,0.78928,477.58018,13,-0.18658,0.32418,0.21274
4,0.78928,477.58018,14,-0.23425,0.38141,0.34877
4,0.78928,477.58018,15,-0.26906,0.25593,0.31625
4,0.78928,477.58018,16,-0.24438,0.12217,0.33295
4,0.78928,477.58018,17,-0.135,0.3275,0.4161
4,0.78928,477.58018,18,-0.21734,0.29448,0.53209
4,0.78928,477.58018,19,-0.04683,0.16426,0.56815
4,0.78928,477.58018,20,-0.07143,0.05174,0.56988
4,0.78928,477.58018,21,-0.08595,0.20822,0.54649
4,0.78928,477.58018,22,-0.06086,0.19947,0.51124
4,0.78928,477.58018,23,-0.08999,0.12901,0.46267
4,0.78928,477.58018,24,-0.19515,0.03762,0.49463
4,0.78928,477.58018,25,-0.04184,0.04805,0.53152
4,0.78928,477.58018,26,0.11451,0.2309,0.53783
4,0.78928,477.58018,27,0.16732,0.16659,0.50145
4,0.78928,477.58018,28,0.17843,0.09251,0.4739
4,0.78928,477.58018,29,0.29086,0.07929,0.39401
4,0.78928,477.58018,30,0.28436,0.08364,0.23616
4,0.78928,477.58018,31,0.25673,-0.01089,0.09862
4,0.78928,477.58018,32,0.18899,0.11068,0.29881
4,0.78928,477.58018,33,0.2173,0.12417,0.1405
4,0.78928,477.58018,34,0.2482,-0.00325,0.32932
4,0.78928,477.58018,35,0.30415,0.06083,0.25109
4,0.78928,477.58018,36,0.34213,0.08309,0.24965
4,0.78928,477.58018,37,0.37077,-0.04779,0.13061
4,0.78928,477.58018,38,0.34498,-0.04837,0.2486
4,0.78928,477.58018,39,0.38835,-0.04023,0.26279
4,0.78928,477.58018,40,0.39785,-0.03418,0.28891
4,0.78928,477.58018,41,0.29586,-0.11101,0.21867
4,0.78928,477.58018,42,0.25923,-0.08213,0.28522
4,0.78928,477.58018,43,0.20506,-0.1642,0.16833
4,0.78928,477.58018,44,0.09986,-0.34524,0.24868
4,0.78928,477.58018,45,0.18507,-0.39444,0.12319
4,0.78928,477.58018,46,0.1458,-0.40672,0.12274
4,0.78928,477.58018,47,0.09236,-0.22708,0.09623
4,0.78928,477.58018,48,0.13377,-0.23197,0.08019
4,0.78928,477.58018,49,0.13833,-0.25146,0.0735
4,0.78928,477.58018,50,-0.04966,-0.17853,0.0672
4,0.78928,477.58018,51,0.05272,-0.09937,0.15602
4,0.78928,477.58018,52,-0.00211,-0.11121,0.10021
4,0.78928,477.58018,53,-0.1144,-0.23072,0.10611
4,0.78928,477.58018,54,-0.1078,-0.17967,0.1649
4,0.78928,477.58018,55,-0.1659,-0.02715,0.21864
4,0.78928,477.58018,56,-0.24684,-0.29547,0.21304
4,0.78928,477.58018,57,-0.27219,-0.26022,0.1323
4,0.78928,477.58018,58,-0.14533,-0.14567,0.10262
4,0.78928,477.58018,59,-0.33923,0.04235,0.0463
4,0.78928,477.58018,60,-0.20311,-0.01153,0.09598
4,0.78928,477.58018,61,-0.11587,0.06838,0.18752
4,0.78928,477.58018,62,-0.0688,-0.00062,0.1222
4,0.78928,477.58018,63,-0.10296,0.03118,0.18376
4,0.78928,477.58018,64,-0.28273,0.02017,0.15469
4,0.78928,477.58018,65,-0.38735,-0.15076,0.14926
4,0.78928,477.58018,66,-0.26022,-0.18315,0.24809
4,0.78928,477.58018,67,-0.18294,-0.39962,0.22044
4,0.78928,477.58018,68,-0.13564,-0.3867,0.09118
4,0.78928,477.58018,69,-0.28866,-0.13546,0.08438
4,0.78928,477.58018,70,-0.28965,-0.13931,0.07262
4,0.78928,477.58018,71,-0.40163,-0.27326,0.06802
4,0.78928,477.58018,72,-0.36713,-0.28897,0.02028
4,0.78928,477.58018,73,-0.34125,-0.33743,0.05043
4,0.78928,477.58018,74,-0.20531,-0.00646,0.15124
4,0.78928,477.58018,75,-0.18641,-0.18004,0.15751
4,0.78928,477.58018,76,-0.35617,-0.21344,0.19165
4,0.78928,477.58018,77,-0.41223,-0.34174,0.12917
4,0.78928,477.58018,78,-0.3395,-0.35392,0.20157
4,0.78928,477.58018,79,-0.24106,-0.35971,0.23497
4,0.78928,477.58018,80,-0.18083,-0.31863,0.0836
4,0.78928,477.58018,81,-0.23397,-0.29957,0.06177
4,0.78928,477.58018,82,-0.22771,-0.20825,0.12751
4,0.78928,477.58018,83,-0.21343,-0.33374,0.1163
4,0.78928,477.58018,84,-0.29908,-0.26477,0.10495
4,0.78928,477.58018,85,-0.26558,-0.38637,0.0914
4,0.78928,477.58018,86,-0.36133,-0.37953,0.08813
4,0.78928,477.58018,87,-0.36014,-0.32867,0.03775
4,0.78928,477.58018,88,-0.39576,-0.34624,0.09931
4,0.78928,477.58018,89,-0.25261,-0.23285,0.08648
4,0.78928,477.58018,90,-0.18147,-0.15889,0.17446
4,0.78928,477.58018,91,-0.13927,-0.36896,0.2123
4,0.78928,477.58018,92,-0.15326,-0.27531,0.27076
4,0.78928,477.58018,93,-0.14688,-0.35778,0.24809
4,0.78928,477.58018,94,-0.19952,-0.59204,0.17768
4,0.78928,477.58018,95,-0.24691,-0.6109,0.11468
4,0.78928,477.58018,96,-0.24858,-0.3693,0.24602
4,0.78928,477.58018,97,-0.27974,-0.22594,0.10721
4,0.78928,477.58018,98,-0.36275,-0.20242,0.1087
4,0.78928,477.58018,99,-0.40109,-0.29713,0.12102
4,0.78928,477.58018,100,-0.30403,-0.12724,0.25175
4,0.78928,477.58018,101,-0.24478,-0.32962,0.31567
4,0.78928,477.58018,102,-0.29433,-0.33182,0.17774
4,0.78928,477.58018,103,-0.25158,-0.2324,0.10935
4,0.78928,477.58018,104,-0.33257,-0.19882,0.0783
4,0.78928,477.58018,105,-0.24251,-0.16481,0.09205
4,0.78928,477.58018,106,-0.29217,-0.0858,0.20171
4,0.78928,477.58018,107,-0.41997,-0.10984,0.30813
4,0.78928,477.58018,108,-0.26099,-0.29583,0.22666
4,0.78928,477.58018,109,-0.21929,-0.364,0.09906
4,0.78928,477.58018,110,-0.27967,-0.36579,0.05804
4,0.78928,477.58018,111,-0.39375,-0.40033,0.14159
4,0.78928,477.58018,112,-0.22778,-0.34445,0.22325
4,0.78928,477.58018,113,-0.28882,-0.58929,0.29777
4,0.78928,477.58018,114,-0.23097,-0.62891,0.14535
5,0.72331,477.74846,1,-0.26627,0.12452,0.65534
5,0.72331,477.74846,2,-0.37716,0.27162,0.87969
5,0.72331,477.74846,3,-0.37293,0.11204,0.74175
5,0.72331,477.74846,4,-0.31563,-0.07811,0.67678
5,0.72331,477.74846,5,-0.31226,-0.05858,0.47566
5,0.72331,477.74846,6,-0.39893,-0.11863,0.52393
5,0.72331,477.74846,7,-0.32444,-0.14739,0.34529
5,0.72331,477.74846,8,-0.26459,-0.00314,0.22553
5,0.72331,477.74846,9,-0.32151,0.12414,0.11071
5,0.72331,477.74846,10,-0.31444,0.23248,0.28529
5,0.72331,477.74846,11,-0.09607,0.33509,0.22348
5,0.72331,477.74846,12,-0.20403,0.29675,0.30046
5,0.72331,477.74846,13,-0.18785,0.32415,0.20247
5,0.72331,477.74846,14,-0.23552,0.38138,0.33854
5,0.72331,477.74846,15,-0.27032,0.2559,0.30604
5,0.72331,477.74846,16,-0.24564,0.12214,0.32276
5,0.72331,477.74846,17,-0.13627,0.32748,0.40594
5,0.72331,477.74846,18,-0.2186,0.29446,0.52198
5,0.72331,477.74846,19,-0.0481,0.16424,0.5581
5,0.72331,477.74846,20,-0.0727,0.05172,0.5599
5,0.72331,477.74846,21,-0.08722,0.20821,0.53658
5,0.72331,477.74846,22,-0.06212,0.19946,0.50142
5,0.72331,477.74846,23,-0.09125,0.129,0.45294
5,0.72331,477.74846,24,-0.19641,0.03761,0.48501
5,0.72331,477.74846,25,-0.04309,0.04805,0.52201
5,0.72331,477.74846,26,0.11327,0.2309,0.52845
5,0.72331,477.74846,27,0.16608,0.16659,0.4922
5,0.72331,477.74846,28,0.1772,0.09251,0.46478
5,0.72331,477.74846,29,0.28963,0.07931,0.38503
5,0.72331,477.74846,30,0.28314,0.08365,0.22734
5,0.72331,477.74846,31,0.25553,-0.01088,0.09109
5,0.72331,477.74846,32,0.18783,0.11067,0.30044
5,0.72331,477.74846,33,0.21615,0.12416,0.14213
5,0.72331,477.74846,34,0.24705,-0.00326,0.33094
5,0.72331,477.74846,35,0.30301,0.06083,0.2527
5,0.72331,477.74846,36,0.34099,0.08309,0.25125
5,0.72331,477.74846,37,0.36963,-0.04779,0.1322
5,0.72331,477.74846,38,0.34385,-0.04838,0.25019
5,0.72331,477.74846,39,0.3891,-0.04021,0.26376
5,0.72331,477.74846,40,0.39785,-0.03416,0.29007
5,0.72331,477.74846,41,0.29585,-0.11099,0.21982
5,0.72331,477.74846,42,0.25923,-0.08211,0.28636
5,0.72331,477.74846,43,0.20506,-0.16418,0.16947
5,0.72331,477.74846,44,0.09986,-0.34522,0.24981
5,0.72331,477.74846,45,0.18507,-0.39444,0.12052
5,0.72331,477.74846,46,0.14582,-0.40672,0.12034
5,0.72331,477.74846,47,0.09234,-0.22768,0.09623
5,0.72331,477.74846,48,0.13373,-0.23256,0.08019
5,0.72331,477.74846,49,0.13835,-0.25097,0.0735
5,0.72331,477.74846,50,-0.04965,-0.17804,0.0672
5,0.72331,477.74846,51,0.05273,-0.09889,0.15602
5,0.72331,477.74846,52,-0.0021,-0.11073,0.10021
5,0.72331,477.74846,53,-0.11438,-0.23025,0.10611
5,0.72331,477.74846,54,-0.10779,-0.17919,0.1649
5,0.72331,477.74846,55,-0.16588,-0.02667,0.21864
5,0.72331,477.74846,56,-0.24683,-0.295,0.21303
5,0.72331,477.74846,57,-0.27217,-0.25975,0.1323
5,0.72331,477.74846,58,-0.14531,-0.14521,0.10188
5,0.72331,477.74846,59,-0.33921,0.04279,0.0463
5,0.72331,477.74846,60,-0.20309,-0.01109,0.09598
5,0.72331,477.74846,61,-0.11585,0.06882,0.18751
5,0.72331,477.74846,62,-0.06878,-0.00018,0.1222
5,0.72331,477.74846,63,-0.10294,0.03162,0.18376
5,0.72331,477.74846,64,-0.28271,0.0206,0.15469
5,0.72331,477.74846,65,-0.38775,-0.15031,0.14937
5,0.72331,477.74846,66,-0.26061,-0.18271,0.2482
5,0.72331,477.74846,67,-0.18325,-0.39962,0.22062
5,0.72331,477.74846,68,-0.13581,-0.38656,0.09078
5,0.72331,477.74846,69,-0.28879,-0.13531,0.08438
5,0.72331,477.74846,70,-0.28978,-0.13916,0.07262
5,0.72331,477.74846,71,-0.40163,-0.2731,0.06802
5,0.72331,477.74846,72,-0.36788,-0.28879,0.02093
5,0.72331,477.74846,73,-0.3421,-0.33724,0.05043
5,0.72331,477.74846,74,-0.20615,-0.00626,0.15125
5,0.72331,477.74846,75,-0.18725,-0.17985,0.15751
5,0.72331,477.74846,76,-0.357,-0.21324,0.19166
5,0.72331,477.74846,77,-0.41223,-0.34156,0.12897
5,0.72331,477.74846,78,-0.3395,-0.35374,0.20137
5,0.72331,477.74846,79,-0.24106,-0.35953,0.23477
5,0.72331,477.74846,80,-0.18088,-0.31846,0.0836
5,0.72331,477.74846,81,-0.23406,-0.29939,0.06177
5,0.72331,477.74846,82,-0.2278,-0.20808,0.12751
5,0.72331,477.74846,83,-0.21353,-0.33357,0.1163
5,0.72331,477.74846,84,-0.29917,-0.26459,0.10495
5,0.72331,477.74846,85,-0.26567,-0.3862,0.0914
5,0.72331,477.74846,86,-0.36142,-0.37937,0.08813
5,0.72331,477.74846,87,-0.36041,-0.3285,0.0379
5,0.72331,477.74846,88,-0.39608,-0.34608,0.0995
5,0.72331,477.74846,89,-0.25293,-0.23268,0.08667
5,0.72331,477.74846,90,-0.18179,-0.15873,0.17465
5,0.72331,477.74846,91,-0.13958,-0.36879,0.21248
5,0.72331,477.74846,92,-0.15358,-0.27515,0.27095
5,0.72331,477.74846,93,-0.1472,-0.35762,0.24828
5,0.72331,477.74846,94,-0.19971,-0.59151,0.17786
5,0.72331,477.74846,95,-0.2471,-0.61037,0.11485
5,0.72331,477.74846,96,-0.24866,-0.3718,0.24609
5,0.72331,477.74846,97,-0.27982,-0.22843,0.10728
5,0.72331,477.74846,98,-0.36279,-0.20421,0.10732
5,0.72331,477.74846,99,-0.40109,-0.29893,0.11966
5,0.72331,477.74846,100,-0.30403,-0.12903,0.25039
5,0.72331,477.74846,101,-0.24478,-0.33141,0.31432
5,0.72331,477.74846,102,-0.29433,-0.33359,0.1764
5,0.72331,477.74846,103,-0.25156,-0.2341,0.10819
5,0.72331,477.74846,104,-0.33255,-0.20051,0.0783
5,0.72331,477.74846,105,-0.24248,-0.16649,0.09205
5,0.72331,477.74846,106,-0.29215,-0.08747,0.20171
5,0.72331,477.74846,107,-0.41997,-0.11103,0.3081
5,0.72331,477.74846,108,-0.26099,-0.29702,0.22663
5,0.72331,477.74846,109,-0.21902,-0.36529,0.09791
5,0.72331,477.74846,110,-0.27966,-0.36704,0.05804
5,0.72331,477.74846,111,-0.39392,-0.40033,0.14134
5,0.72331,477.74846,112,-0.22795,-0.34445,0.22301
5,0.72331,477.74846,113,-0.28394,-0.28572,0.30153
5,0.72331,477.74846,114,-0.35958,-0.31414,0.33062
6,0.95689,475.82474,1,-0.26627,0.12452,0.65534
6,0.95689,475.82474,2,-0.36633,0.27189,0.87612
6,0.95689,475.82474,3,-0.36208,0.11227,0.73114
6,0.95689,475.82474,4,-0.30487,-0.07787,0.66629
6,0.95689,475.82474,5,-0.30159,-0.05833,0.46531
6,0.95689,475.82474,6,-0.38835,-0.11838,0.51372
6,0.95689,475.82474,7,-0.31395,-0.14714,0.33523
6,0.95689,475.82474,8,-0.2542,-0.00288,0.21564
6,0.95689,475.82474,9,-0.31245,0.12436,0.11013
6,0.95689,475.82474,10,-0.30976,0.23251,0.31667
6,0.95689,475.82474,11,-0.09143,0.33513,0.25463
6,0.95689,475.82474,12,-0.19942,0.2968,0.33143
6,0.95689,475.82474,13,-0.18327,0.32422,0.23328
6,0.95689,475.82474,14,-0.23096,0.38145,0.36923
6,0.95689,475.82474,15,-0.26579,0.25598,0.33665
6,0.95689,475.82474,16,-0.24112,0.12222,0.3533
6,0.95689,475.82474,17,-0.13175,0.32755,0.43639
6,0.95689,475.82474,18,-0.21409,0.29452,0.55231
6,0.95689,475.82474,19,-0.04358,0.1643,0.58829
6,0.95689,475.82474,20,-0.06818,0.05177,0.58991
6,0.95689,475.82474,21,-0.08271,0.20824,0.56639
6,0.95689,475.82474,22,-0.05762,0.19949,0.53099
6,0.95689,475.82474,23,-0.08676,0.12902,0.48225
6,0.95689,475.82474,24,-0.19193,0.03762,0.51402
6,0.95689,475.82474,25,-0.03863,0.04805,0.5507
6,0.95689,475.82474,26,0.11772,0.2309,0.55679
6,0.95689,475.82474,27,0.17051,0.16657,0.52017
6,0.95689,475.82474,28,0.18161,0.09249,0.49236
6,0.95689,475.82474,29,0.29402,0.07927,0.4122
6,0.95689,475.82474,30,0.2875,0.08361,0.25407
6,0.95689,475.82474,31,0.25987,-0.01094,0.08233
6,0.95689,475.82474,32,0.19211,0.11061,0.11773
6,0.95689,475.82474,33,0.22019,0.12422,0.17048
6,0.95689,475.82474,34,0.25106,-0.00319,0.35907
6,0.95689,475.82474,35,0.30698,0.0609,0.28064
6,0.95689,475.82474,36,0.34494,0.08317,0.27903
6,0.95689,475.82474,37,0.37355,-0.04771,0.15986
6,0.95689,475.82474,38,0.34775,-0.04828,0.27775
6,0.95689,475.82474,39,0.38615,-0.03964,0.285
6,0.95689,475.82474,40,0.39785,-0.03383,0.31054
6,0.95689,475.82474,41,0.29584,-0.11067,0.24023
6,0.95689,475.82474,42,0.2592,-0.0818,0.3067
6,0.95689,475.82474,43,0.20502,-0.16387,0.1897
6,0.95689,475.82474,44,0.09981,-0.34492,0.26993
6,0.95689,475.82474,45,0.19025,-0.39443,0.10798
6,0.95689,475.82474,46,0.14981,-0.40672,0.10851
6,0.95689,475.82474,47,0.09632,-0.23141,0.09937
6,0.95689,475.82474,48,0.13809,-0.23079,0.08019
6,0.95689,475.82474,49,0.14276,-0.24772,0.0735
6,0.95689,475.82474,50,-0.04527,-0.17482,0.0672
6,0.95689,475.82474,51,0.0571,-0.09567,0.15602
6,0.95689,475.82474,52,0.00224,-0.10753,0.1002
6,0.95689,475.82474,53,-0.11004,-0.22706,0.1061
6,0.95689,475.82474,54,-0.10346,-0.17601,0.1649
6,0.95689,475.82474,55,-0.16157,-0.02351,0.21863
6,0.95689,475.82474,56,-0.24252,-0.29184,0.21303
6,0.95689,475.82474,57,-0.26788,-0.2566,0.13229
6,0.95689,475.82474,58,-0.14108,-0.14212,0.10449
6,0.95689,475.82474,59,-0.33506,0.04583,0.0463
6,0.95689,475.82474,60,-0.19896,-0.00807,0.09598
6,0.95689,475.82474,61,-0.11175,0.07182,0.18751
6,0.95689,475.82474,62,-0.0647,0.00279,0.12219
6,0.95689,475.82474,63,-0.09887,0.03458,0.18375
6,0.95689,475.82474,64,-0.27867,0.02356,0.15468
6,0.95689,475.82474,65,-0.3883,-0.14706,0.15053
6,0.95689,475.82474,66,-0.26116,-0.17947,0.24936
6,0.95689,475.82474,67,-0.18339,-0.3988,0.22222
6,0.95689,475.82474,68,-0.13497,-0.38497,0.09121
6,0.95689,475.82474,69,-0.28707,-0.13364,0.08438
6,0.95689,475.82474,70,-0.28807,-0.13751,0.07262
6,0.95689,475.82474,71,-0.40163,-0.27174,0.06802
6,0.95689,475.82474,72,-0.36558,-0.28733,0.02431
6,0.95689,475.82474,73,-0.33284,-0.33595,0.05042
6,0.95689,475.82474,74,-0.19696,-0.00499,0.15122
6,0.95689,475.82474,75,-0.17812,-0.17858,0.15747
6,0.95689,475.82474,76,-0.34792,-0.21199,0.1916
6,0.95689,475.82474,77,-0.41224,-0.34023,0.13116
6,0.95689,475.82474,78,-0.33951,-0.35242,0.20355
6,0.95689,475.82474,79,-0.24107,-0.35822,0.23694
6,0.95689,475.82474,80,-0.18035,-0.31713,0.0836
6,0.95689,475.82474,81,-0.23341,-0.29805,0.06177
6,0.95689,475.82474,82,-0.22716,-0.20674,0.12751
6,0.95689,475.82474,83,-0.21288,-0.33225,0.1163
6,0.95689,475.82474,84,-0.29853,-0.26327,0.10495
6,0.95689,475.82474,85,-0.26504,-0.38489,0.09139
6,0.95689,475.82474,86,-0.36082,-0.37809,0.08813
6,0.95689,475.82474,87,-0.35976,-0.3273,0.03787
6,0.95689,475.82474,88,-0.39542,-0.34489,0.09946
6,0.95689,475.82474,89,-0.25228,-0.23151,0.08662
6,0.95689,475.82474,90,-0.18114,-0.15756,0.17461
6,0.95689,475.82474,91,-0.13893,-0.36763,0.21244
6,0.95689,475.82474,92,-0.15293,-0.27399,0.2709
6,0.95689,475.82474,93,-0.14656,-0.35647,0.24823
6,0.95689,475.82474,94,-0.19954,-0.59415,0.17812
6,0.95689,475.82474,95,-0.24693,-0.613,0.11512
6,0.95689,475.82474,96,-0.24859,-0.36243,0.24621
6,0.95689,475.82474,97,-0.27976,-0.21911,0.10741
6,0.95689,475.82474,98,-0.36262,-0.19762,0.11204
6,0.95689,475.82474,99,-0.40109,-0.2923,0.12432
6,0.95689,475.82474,100,-0.30404,-0.12244,0.25503
6,0.95689,475.82474,101,-0.24479,-0.32484,0.31895
6,0.95689,475.82474,102,-0.29434,-0.32705,0.181
6,0.95689,475.82474,103,-0.25161,-0.22784,0.11199
6,0.95689,475.82474,104,-0.33261,-0.19432,0.07829
6,0.95689,475.82474,105,-0.24255,-0.16032,0.09205
6,0.95689,475.82474,106,-0.29222,-0.08133,0.2017
6,0.95689,475.82474,107,-0.41997,-0.10564,0.30862
6,0.95689,475.82474,108,-0.261,-0.29166,0.22715
6,0.95689,475.82474,109,-0.21986,-0.3598,0.10176
6,0.95689,475.82474,110,-0.27942,-0.36177,0.05804
6,0.95689,475.82474,111,-0.1205,-0.28374,0.12621
6,0.95689,475.82474,112,0.07542,-0.27589,0.17608
6,0.95689,475.82474,113,0.01471,-0.2907,0.13216
6,0.95689,475.82474,114,-0.10818,-0.25086,0.31589
7,0.78928,477.58018,1,-0.26627,0.12452,0.65534
7,0.78928,477.58018,2,-0.3741,0.2717,0.87845
7,0.78928,477.58018,3,-0.36987,0.11211,0.73672
7,0.78928,477.58018,4,-0.31259,-0.07804,0.6718
7,0.78928,477.58018,5,-0.30925,-0.0585,0.47074
7,0.78928,477.58018,6,-0.39595,-0.11855,0.51908
7,0.78928,477.58018,7,-0.32148,-0.14731,0.34051
7,0.78928,477.58018,8,-0.26166,-0.00306,0.22082
7,0.78928,477.58018,9,-0.31896,0.12421,0.10943
7,0.78928,477.58018,10,-0.31314,0.23249,0.29572
7,0.78928,477.58018,11,-0.09478,0.33511,0.23384
7,0.78928,477.58018,12,-0.20275,0.29677,0.31077
7,0.78928,477.58018,13,-0.18658,0.32418,0.21274
7,0.78928,477.58018,14,-0.23425,0.38141,0.34877
7,0.78928,477.58018,15,-0.26906,0.25593,0.31625
7,0.78928,477.58018,16,-0.24438,0.12217,0.33295
7,0.78928,477.58018,17,-0.135,0.3275,0.4161
7,0.78928,477.58018,18,-0.21734,0.29448,0.53209
7,0.78928,477.58018,19,-0.04683,0.16426,0.56815
7,0.78928,477.58018,20,-0.07143,0.05174,0.56988
7,0.78928,477.58018,21,-0.08595,0.20822,0.54649
7,0.78928,477.58018,22,-0.06086,0.19947,0.51124
7,0.78928,477.58018,23,-0.08999,0.12901,0.46267
7,0.78928,477.58018,24,-0.19515,0.03762,0.49463
7,0.78928,477.58018,25,-0.04184,0.04805,0.53152
7,0.78928,477.58018,26,0.11451,0.2309,0.53783
7,0.78928,477.58018,27,0.16732,0.16659,0.50145
7,0.78928,477.58018,28,0.17843,0.09251,0.4739
7,0.78928,477.58018,29,0.29086,0.07929,0.39401
7,0.78928,477.58018,30,0.28436,0.08364,0.23616
7,0.78928,477.58018,31,0.25673,-0.01089,0.09862
7,0.78928,477.58018,32,0.18899,0.11068,0.29881
7,0.78928,477.58018,33,0.2173,0.12417,0.1405
7,0.78928,477.58018,34,0.2482,-0.00325,0.32932
7,0.78928,477.58018,35,0.30415,0.06083,0.25109
7,0.78928,477.58018,36,0.34213,0.08309,0.24965
7,0.78928,477.58018,37,0.37077,-0.04779,0.13061
7,0.78928,477.58018,38,0.34498,-0.04837,0.2486
7,0.78928,477.58018,39,0.38835,-0.04023,0.26279
7,0.78928,477.58018,40,0.39785,-0.03418,0.28891
7,0.78928,477.58018,41,0.29586,-0.11101,0.21867
7,0.78928,477.58018,42,0.25923,-0.08213,0.28522
7,0.78928,477.58018,43,0.20506,-0.1642,0.16833
7,0.78928,477.58018,44,0.09986,-0.34524,0.24868
7,0.78928,477.58018,45,0.18507,-0.39444,0.12319
7,0.78928,477.58018,46,0.1458,-0.40672,0.12274
7,0.78928,477.58018,47,0.09236,-0.22708,0.09623
7,0.78928,477.58018,48,0.13377,-0.23197,0.08019
7,0.78928,477.58018,49,0.13833,-0.25146,0.0735
7,0.78928,477.58018,50,-0.04966,-0.17853,0.0672
7,0.78928,477.58018,51,0.05272,-0.09937,0.15602
7,0.78928,477.58018,52,-0.00211,-0.11121,0.10021
7,0.78928,477.58018,53,-0.1144,-0.23072,0.10611
7,0.78928,477.58018,54,-0.1078,-0.17967,0.1649
7,0.78928,477.58018,55,-0.1659,-0.02715,0.21864
7,0.78928,477.58018,56,-0.24684,-0.29547,0.21304
7,0.78928,477.58018,57,-0.27219,-0.26022,0.1323
7,0.78928,477.58018,58,-0.14533,-0.14567,0.10262
7,0.78928,477.58018,59,-0.33923,0.04235,0.0463
7,0.78928,477.58018,60,-0.20311,-0.01153,0.09598
7,0.78928,477.58018,61,-0.11587,0.06838,0.18752
7,0.78928,477.58018,62,-0.0688,-0.00062,0.1222
7,0.78928,477.58018,63,-0.10296,0.03118,0.18376
7,0.78928,477.58018,64,-0.28273,0.02017,0.15469
7,0.78928,477.58018,65,-0.38735,-0.15076,0.14926
7,0.78928,477.58018,66,-0.26022,-0.18315,0.24809
7,0.78928,477.58018,67,-0.18294,-0.39962,0.22044
7,0.78928,477.58018,68,-0.13564,-0.3867,0.09118
7,0.78928,477.58018,69,-0.28866,-0.13546,0.08438
7,0.78928,477.58018,70,-0.28965,-0.13931,0.07262
7,0.78928,477.58018,71,-0.40163,-0.27326,0.06802
7,0.78928,477.58018,72,-0.36713,-0.28897,0.02028
7,0.78928,477.58018,73,-0.34125,-0.33743,0.05043
7,0.78928,477.58018,74,-0.20531,-0.00646,0.15124
7,0.78928,477.58018,75,-0.18641,-0.18004,0.15751
7,0.78928,477.58018,76,-0.35617,-0.21344,0.19165
7,0.78928,477.58018,77,-0.41223,-0.34174,0.12917
7,0.78928,477.58018,78,-0.3395,-0.35392,0.20157
7,0.78928,477.58018,79,-0.24106,-0.35971,0.23497
7,0.78928,477.58018,80,-0.18083,-0.31863,0.0836
7,0.78928,477.58018,81,-0.23397,-0.29957,0.06177
7,0.78928,477.58018,82,-0.22771,-0.20825,0.12751
7,0.78928,477.58018,83,-0.21343,-0.33374,0.1163
7,0.78928,477.58018,84,-0.29908,-0.26477,0.10495
7,0.78928,477.58018,85,-0.26558,-0.38637,0.0914
7,0.78928,477.58018,86,-0.36133,-0.37953,0.08813
7,0.78928,477.58018,87,-0.36014,-0.32867,0.03775
7,0.78928,477.58018,88,-0.39576,-0.34624,0.09931
7,0.78928,477.58018,89,-0.25261,-0.23285,0.08648
7,0.78928,477.58018,90,-0.18147,-0.15889,0.17446
7,0.78928,477.58018,91,-0.13927,-0.36896,0.2123
7,0.78928,477.58018,92,-0.15326,-0.27531,0.27076
7,0.78928,477.58018,93,-0.14688,-0.35778,0.24809
7,0.78928,477.58018,94,-0.19952,-0.59204,0.17768
7,0.78928,477.58018,95,-0.24691,-0.6109,0.11468
7,0.78928,477.58018,96,-0.24858,-0.3693,0.24602
7,0.78928,477.58018,97,-0.27974,-0.22594,0.10721
7,0.78928,477.58018,98,-0.36275,-0.20242,0.1087
7,0.78928,477.58018,99,-0.40109,-0.29713,0.12102
7,0.78928,477.58018,100,-0.30403,-0.12724,0.25175
7,0.78928,477.58018,101,-0.24478,-0.32962,0.31567
7,0.78928,477.58018,102,-0.29433,-0.33182,0.17774
7,0.78928,477.58018,103,-0.25158,-0.2324,0.10935
7,0.78928,477.58018,104,-0.33257,-0.19882,0.0783
7,0.78928,477.58018,105,-0.24251,-0.16481,0.09205
7,0.78928,477.58018,106,-0.29217,-0.0858,0.20171
7,0.78928,477.58018,107,-0.41997,-0.10984,0.30813
7,0.78928,477.58018,108,-0.26099,-0.29583,0.22666
7,0.78928,477.58018,109,-0.21929,-0.364,0.09906
7,0.78928,477.58018,110,-0.27967,-0.36579,0.05804
7,0.78928,477.58018,111,-0.39375,-0.40033,0.14159
7,0.78928,477.58018,112,-0.22778,-0.34445,0.22325
7,0.78928,477.58018,113,-0.28882,-0.58929,0.29777
7,0.78928,477.58018,114,-0.23097,-0.62891,0.14535
8,0.80529,479.99833,1,-0.26627,0.12452,0.65534
8,0.80529,479.99833,2,-0.37336,0.27172,0.87823
8,0.80529,479.99833,3,-0.36913,0.11212,0.73617
8,0.80529,479.99833,4,-0.31185,-0.07802,0.67126
8,0.80529,479.99833,5,-0.30852,-0.05849,0.47021
8,0.80529,479.99833,6,-0.39522,-0.11853,0.51855
8,0.80529,479.99833,7,-0.32076,-0.1473,0.33999
8,0.80529,479.99833,8,-0.26095,-0.00304,0.22031
8,0.80529,479.99833,9,-0.31834,0.12423,0.10948
8,0.80529,479.99833,10,-0.31282,0.2325,0.2977
8,0.80529,479.99833,11,-0.09446,0.33511,0.23581
8,0.80529,479.99833,12,-0.20243,0.29677,0.31273
8,0.80529,479.99833,13,-0.18626,0.32418,0.21468
8,0.80529,479.99833,14,-0.23393,0.38141,0.35071
8,0.80529,479.99833,15,-0.26875,0.25594,0.31819
8,0.80529,479.99833,16,-0.24407,0.12217,0.33488
8,0.80529,479.99833,17,-0.13469,0.32751,0.41802
8,0.80529,479.99833,18,-0.21703,0.29448,0.534
8,0.80529,479.99833,19,-0.04652,0.16427,0.57006
8,0.80529,479.99833,20,-0.07112,0.05174,0.57178
8,0.80529,479.99833,21,-0.08564,0.20822,0.54837
8,0.80529,479.99833,22,-0.06055,0.19947,0.51311
8,0.80529,479.99833,23,-0.08968,0.12901,0.46452
8,0.80529,479.99833,24,-0.19485,0.03762,0.49646
8,0.80529,479.99833,25,-0.04154,0.04805,0.53333
8,0.80529,479.99833,26,0.11482,0.2309,0.53962
8,0.80529,479.99833,27,0.16762,0.16658,0.50322
8,0.80529,479.99833,28,0.17874,0.0925,0.47563
8,0.80529,479.99833,29,0.29116,0.07929,0.39572
8,0.80529,479.99833,30,0.28466,0.08364,0.23785
8,0.80529,479.99833,31,0.25702,-0.01089,0.10009
8,0.80529,479.99833,32,0.18927,0.11068,0.29879
8,0.80529,479.99833,33,0.21758,0.12417,0.14049
8,0.80529,479.99833,34,0.24848,-0.00325,0.32931
8,0.80529,479.99833,35,0.30443,0.06083,0.25108
8,0.80529,479.99833,36,0.34241,0.0831,0.24964
8,0.80529,479.99833,37,0.37104,-0.04779,0.13059
8,0.80529,479.99833,38,0.34526,-0.04837,0.24858
8,0.80529,479.99833,39,0.38815,-0.04019,0.26289
8,0.80529,479.99833,40,0.39785,-0.03416,0.28897
8,0.80529,479.99833,41,0.29586,-0.11099,0.21872
8,0.80529,479.99833,42,0.25923,-0.08212,0.28527
8,0.80529,479.99833,43,0.20506,-0.16418,0.16838
8,0.80529,479.99833,44,0.09986,-0.34523,0.24873
8,0.80529,479.99833,45,0.18509,-0.39444,0.12375
8,0.80529,479.99833,46,0.14576,-0.40672,0.12334
8,0.80529,479.99833,47,0.09233,-0.22693,0.09623
8,0.80529,479.99833,48,0.13375,-0.23182,0.08019
8,0.80529,479.99833,49,0.13831,-0.25148,0.0735
8,0.80529,479.99833,50,-0.04969,-0.17854,0.0672
8,0.80529,479.99833,51,0.05269,-0.09938,0.15602
8,0.80529,479.99833,52,-0.00214,-0.11123,0.10021
8,0.80529,479.99833,53,-0.11442,-0.23074,0.10611
8,0.80529,479.99833,54,-0.10783,-0.17968,0.1649
8,0.80529,479.99833,55,-0.16592,-0.02716,0.21864
8,0.80529,479.99833,56,-0.24687,-0.29548,0.21304
8,0.80529,479.99833,57,-0.27221,-0.26023,0.1323
8,0.80529,479.99833,58,-0.14535,-0.14568,0.1028
8,0.80529,479.99833,59,-0.33925,0.04234,0.0463
8,0.80529,479.99833,60,-0.20313,-0.01154,0.09598
8,0.80529,479.99833,61,-0.11589,0.06837,0.18752
8,0.80529,479.99833,62,-0.06883,-0.00063,0.1222
8,0.80529,479.99833,63,-0.10298,0.03117,0.18376
8,0.80529,479.99833,64,-0.28276,0.02016,0.15469
8,0.80529,479.99833,65,-0.38725,-0.1508,0.14924
8,0.80529,479.99833,66,-0.26011,-0.1832,0.24807
8,0.80529,479.99833,67,-0.18284,-0.39962,0.22041
8,0.80529,479.99833,68,-0.13557,-0.3867,0.09128
8,0.80529,479.99833,69,-0.28861,-0.13547,0.08438
8,0.80529,479.99833,70,-0.2896,-0.13932,0.07262
8,0.80529,479.99833,71,-0.40163,-0.27327,0.06802
8,0.80529,479.99833,72,-0.36696,-0.28898,0.02014
8,0.80529,479.99833,73,-0.34105,-0.33745,0.05043
8,0.80529,479.99833,74,-0.20512,-0.00648,0.15124
8,0.80529,479.99833,75,-0.18622,-0.18006,0.15751
8,0.80529,479.99833,76,-0.35597,-0.21346,0.19165
8,0.80529,479.99833,77,-0.41223,-0.34176,0.12922
8,0.80529,479.99833,78,-0.3395,-0.35393,0.20161
8,0.80529,479.99833,79,-0.24106,-0.35973,0.23501
8,0.80529,479.99833,80,-0.18082,-0.31865,0.0836
8,0.80529,479.99833,81,-0.23394,-0.29958,0.06177
8,0.80529,479.99833,82,-0.22769,-0.20827,0.12751
8,0.80529,479.99833,83,-0.21341,-0.33376,0.1163
8,0.80529,479.99833,84,-0.29906,-0.26478,0.10495
8,0.80529,479.99833,85,-0.26556,-0.38639,0.0914
8,0.80529,479.99833,86,-0.36131,-0.37955,0.08813
8,0.80529,479.99833,87,-0.36007,-0.32869,0.03772
8,0.80529,479.99833,88,-0.39568,-0.34626,0.09927
8,0.80529,479.99833,89,-0.25254,-0.23287,0.08643
8,0.80529,479.99833,90,-0.1814,-0.15891,0.17442
8,0.80529,479.99833,91,-0.13919,-0.36897,0.21225
8,0.80529,479.99833,92,-0.15319,-0.27533,0.27072
8,0.80529,479.99833,93,-0.14681,-0.3578,0.24805
8,0.80529,479.99833,94,-0.19947,-0.59217,0.17765
8,0.80529,479.99833,95,-0.24686,-0.61103,0.11465
8,0.80529,479.99833,96,-0.24856,-0.36868,0.246
8,0.80529,479.99833,97,-0.27972,-0.22533,0.1072
8,0.80529,479.99833,98,-0.36274,-0.20198,0.10903
8,0.80529,479.99833,99,-0.40109,-0.29669,0.12135
8,0.80529,479.99833,100,-0.30403,-0.1268,0.25207
8,0.80529,479.99833,101,-0.24478,-0.32919,0.316
8,0.80529,479.99833,102,-0.29433,-0.33138,0.17806
8,0.80529,479.99833,103,-0.25159,-0.23198,0.10962
8,0.80529,479.99833,104,-0.33257,-0.19841,0.0783
8,0.80529,479.99833,105,-0.24251,-0.1644,0.09205
8,0.80529,479.99833,106,-0.29218,-0.08539,0.20171
8,0.80529,479.99833,107,-0.41997,-0.10946,0.30818
8,0.80529,479.99833,108,-0.26099,-0.29545,0.22671
8,0.80529,479.99833,109,-0.21935,-0.36362,0.09932
8,0.80529,479.99833,110,-0.27965,-0.36543,0.05804
8,0.80529,479.99833,111,-0.39367,-0.40033,0.14166
8,0.80529,479.99833,112,-0.2277,-0.34445,0.22332
8,0.80529,479.99833,113,-0.20557,-0.40632,0.17547
8,0.80529,479.99833,114,-0.21417,-0.26494,0.15256
9,0.90986,479.81202,1,-0.26627,0.12452,0.65534
9,0.90986,479.81202,2,-0.36851,0.27183,0.87677
9,0.90986,479.81202,3,-0.36427,0.11222,0.73267
9,0.90986,479.81202,4,-0.30703,-0.07792,0.6678
9,0.90986,479.81202,5,-0.30373,-0.05838,0.4668
9,0.90986,479.81202,6,-0.39048,-0.11843,0.51519
9,0.90986,479.81202,7,-0.31606,-0.14719,0.33668
9,0.90986,479.81202,8,-0.25629,-0.00293,0.21706
9,0.90986,479.81202,9,-0.31428,0.12432,0.1099
9,0.90986,479.81202,10,-0.31071,0.2325,0.31074
9,0.90986,479.81202,11,-0.09237,0.33512,0.24876
9,0.90986,479.81202,12,-0.20036,0.29679,0.32559
9,0.90986,479.81202,13,-0.1842,0.32421,0.22748
9,0.90986,479.81202,14,-0.23189,0.38144,0.36346
9,0.90986,479.81202,15,-0.26671,0.25596,0.3309
9,0.90986,479.81202,16,-0.24204,0.1222,0.34756
9,0.90986,479.81202,17,-0.13266,0.32753,0.43067
9,0.90986,479.81202,18,-0.215,0.29451,0.54661
9,0.90986,479.81202,19,-0.04449,0.16429,0.5826
9,0.90986,479.81202,20,-0.06909,0.05176,0.58426
9,0.90986,479.81202,21,-0.08362,0.20823,0.56077
9,0.90986,479.81202,22,-0.05853,0.19948,0.52541
9,0.90986,479.81202,23,-0.08767,0.12902,0.47671
9,0.90986,479.81202,24,-0.19283,0.03762,0.50853
9,0.90986,479.81202,25,-0.03953,0.04805,0.54527
9,0.90986,479.81202,26,0.11681,0.2309,0.55142
9,0.90986,479.81202,27,0.16961,0.16658,0.51487
9,0.90986,479.81202,28,0.18071,0.09249,0.48712
9,0.90986,479.81202,29,0.29313,0.07928,0.40704
9,0.90986,479.81202,30,0.28661,0.08362,0.24899
9,0.90986,479.81202,31,0.25896,-0.01091,0.10973
9,0.90986,479.81202,32,0.19111,0.11069,0.29787
9,0.90986,479.81202,33,0.21942,0.12418,0.13957
9,0.90986,479.81202,34,0.25031,-0.00324,0.3284
9,0.90986,479.81202,35,0.30625,0.06085,0.25017
9,0.90986,479.81202,36,0.34423,0.08311,0.24874
9,0.90986,479.81202,37,0.37286,-0.04778,0.1297
9,0.90986,479.81202,38,0.34706,-0.04836,0.24769
9,0.90986,479.81202,39,0.38677,-0.04003,0.26285
9,0.90986,479.81202,40,0.39785,-0.03408,0.28859
9,0.90986,479.81202,41,0.29586,-0.11092,0.21835
9,0.90986,479.81202,42,0.25923,-0.08204,0.2849
9,0.90986,479.81202,43,0.20506,-0.1641,0.16801
9,0.90986,479.81202,44,0.09986,-0.34515,0.24837
9,0.90986,479.81202,45,0.18518,-0.39444,0.12761
9,0.90986,479.81202,46,0.1455,-0.40672,0.1276
9,0.90986,479.81202,47,0.09214,-0.22587,0.09623
9,0.90986,479.81202,48,0.13362,-0.23077,0.08019
9,0.90986,479.81202,49,0.13815,-0.25154,0.0735
9,0.90986,479.81202,50,-0.04985,-0.17861,0.0672
9,0.90986,479.81202,51,0.05253,-0.09945,0.15602
9,0.90986,479.81202,52,-0.0023,-0.11129,0.10021
9,0.90986,479.81202,53,-0.11458,-0.2308,0.10611
9,0.90986,479.81202,54,-0.10799,-0.17975,0.1649
9,0.90986,479.81202,55,-0.16608,-0.02723,0.21864
9,0.90986,479.81202,56,-0.24702,-0.29555,0.21304
9,0.90986,479.81202,57,-0.27237,-0.2603,0.1323
9,0.90986,479.81202,58,-0.14551,-0.14575,0.10396
9,0.90986,479.81202,59,-0.33941,0.04228,0.0463
9,0.90986,479.81202,60,-0.20328,-0.0116,0.09598
9,0.90986,479.81202,61,-0.11604,0.06832,0.18752
9,0.90986,479.81202,62,-0.06898,-0.00069,0.1222
9,0.90986,479.81202,63,-0.10313,0.03111,0.18376
9,0.90986,479.81202,64,-0.28291,0.0201,0.15469
9,0.90986,479.81202,65,-0.38656,-0.15107,0.14912
9,0.90986,479.81202,66,-0.25943,-0.18346,0.24796
9,0.90986,479.81202,67,-0.18221,-0.39962,0.22026
9,0.90986,479.81202,68,-0.13513,-0.38673,0.09189
9,0.90986,479.81202,69,-0.28828,-0.13551,0.08438
9,0.90986,479.81202,70,-0.28927,-0.13936,0.07262
9,0.90986,479.81202,71,-0.40163,-0.27332,0.06802
9,0.90986,479.81202,72,-0.36582,-0.28908,0.01923
9,0.90986,479.81202,73,-0.33976,-0.33757,0.05043
9,0.90986,479.81202,74,-0.20383,-0.00659,0.15124
9,0.90986,479.81202,75,-0.18494,-0.18018,0.1575
9,0.90986,479.81202,76,-0.3547,-0.21358,0.19165
9,0.90986,479.81202,77,-0.41224,-0.34186,0.12953
9,0.90986,479.81202,78,-0.3395,-0.35403,0.20192
9,0.90986,479.81202,79,-0.24106,-0.35983,0.23532
9,0.90986,479.81202,80,-0.18074,-0.31875,0.0836
9,0.90986,479.81202,81,-0.23379,-0.29968,0.06177
9,0.90986,479.81202,82,-0.22753,-0.20837,0.12751
9,0.90986,479.81202,83,-0.21326,-0.33386,0.1163
9,0.90986,479.81202,84,-0.2989,-0.26488,0.10495
9,0.90986,479.81202,85,-0.2654,-0.38649,0.0914
9,0.90986,479.81202,86,-0.36116,-0.37964,0.08813
9,0.90986,479.81202,87,-0.35966,-0.32879,0.0375
9,0.90986,479.81202,88,-0.39519,-0.34636,0.099
9,0.90986,479.81202,89,-0.25205,-0.23297,0.08616
9,0.90986,479.81202,90,-0.18092,-0.15901,0.17415
9,0.90986,479.81202,91,-0.13871,-0.36907,0.21198
9,0.90986,479.81202,92,-0.15271,-0.27543,0.27045
9,0.90986,479.81202,93,-0.14633,-0.3579,0.24778
9,0.90986,479.81202,94,-0.19915,-0.59305,0.17743
9,0.90986,479.81202,95,-0.24655,-0.61191,0.11443
9,0.90986,479.81202,96,-0.24842,-0.36462,0.24591
9,0.90986,479.81202,97,-0.27959,-0.22129,0.10711
9,0.90986,479.81202,98,-0.36268,-0.19909,0.11122
9,0.90986,479.81202,99,-0.40109,-0.29378,0.1235
9,0.90986,479.81202,100,-0.30404,-0.1239,0.25422
9,0.90986,479.81202,101,-0.24479,-0.3263,0.31813
9,0.90986,479.81202,102,-0.29434,-0.3285,0.18019
9,0.90986,479.81202,103,-0.25161,-0.22923,0.11125
9,0.90986,479.81202,104,-0.3326,-0.19569,0.0783
9,0.90986,479.81202,105,-0.24254,-0.16169,0.09205
9,0.90986,479.81202,106,-0.29221,-0.08269,0.2017
9,0.90986,479.81202,107,-0.41997,-0.10693,0.30849
9,0.90986,479.81202,108,-0.261,-0.29294,0.22702
9,0.90986,479.81202,109,-0.2197,-0.36108,0.10101
9,0.90986,479.81202,110,-0.27948,-0.363,0.05804
9,0.90986,479.81202,111,-0.39315,-0.40033,0.14214
9,0.90986,479.81202,112,-0.22718,-0.34445,0.2238
9,0.90986,479.81202,113,-0.35916,-0.32991,0.14984
9,0.90986,479.81202,114,-0.38288,-0.20739,0.07908
10,0.90986,479.81202,1,-0.26627,0.12452,0.65534
10,0.90986,479.81202,2,-0.36851,0.27183,0.87677
10,0.90986,479.81202,3,-0.36427,0.11222,0.73267
10,0.90986,479.81202,4,-0.30703,-0.07792,0.6678
10,0.90986,479.81202,5,-0.30373,-0.05838,0.4668
10,0.90986,479.81202,6,-0.39048,-0.11843,0.51519
10,0.90986,479.81202,7,-0.31606,-0.14719,0.33668
10,0.90986,479.81202,8,-0.25629,-0.00293,0.21706
10,0.90986,479.81202,9,-0.31428,0.12432,0.1099
10,0.90986,479.81202,10,-0.31071,0.2325,0.31074
10,0.90986,479.81202,11,-0.09237,0.33512,0.24876
10,0.90986,479.81202,12,-0.20036,0.29679,0.32559
10,0.90986,479.81202,13,-0.1842,0.32421,0.22748
10,0.90986,479.81202,14,-0.23189,0.38144,0.36346
10,0.90986,479.81202,15,-0.26671,0.25596,0.3309
10,0.90986,479.81202,16,-0.24204,0.1222,0.34756
10,0.90986,479.81202,17,-0.13266,0.32753,0.43067
10,0.90986,479.81202,18,-0.215,0.29451,0.54661
10,0.90986,479.81202,19,-0.04449,0.16429,0.5826
10,0.90986,479.81202,20,-0.06909,0.05176,0.58426
10,0.90986,479.81202,21,-0.08362,0.20823,0.56077
10,0.90986,479.81202,22,-0.05853,0.19948,0.52541
10,0.90986,479.81202,23,-0.08767,0.12902,0.47671
10,0.90986,479.81202,24,-0.19283,0.03762,0.50853
10,0.90986,479.81202,25,-0.03953,0.04805,0.54527
10,0.90986,479.81202,26,0.11681,0.2309,0.55142
10,0.90986,479.81202,27,0.16961,0.16658,0.51487
10,0.90986,479.81202,28,0.18071,0.09249,0.48712
10,0.90986,479.81202,29,0.29313,0.07928,0.40704
10,0.90986,479.81202,30,0.28661,0.08362,0.24899
10,0.90986,479.81202,31,0.25896,-0.01091,0.10973
10,0.90986,479.81202,32,0.19111,0.11069,0.29787
10,0.90986,479.81202,33,0.21942,0.12418,0.13957
10,0.90986,479.81202,34,0.25031,-0.00324,0.3284
10,0.90986,479.81202,35,0.30625,0.06085,0.25017
10,0.90986,479.81202,36,0.34423,0.08311,0.24874
10,0.90986,479.81202,37,0.37286,-0.04778,0.1297
10,0.90986,479.81202,38,0.34706,-0.04836,0.24769
10,0.90986,479.81202,39,0.38677,-0.04003,0.26285
10,0.90986,479.81202,40,0.39785,-0.03408,0.28859
10,0.90986,479.81202,41,0.29586,-0.11092,0.21835
10,0.90986,479.81202,42,0.25923,-0.08204,0.2849
10,0.90986,479.81202,43,0.20506,-0.1641,0.16801
10,0.90986,479.81202,44,0.09986,-0.34515,0.24837
10,0.90986,479.81202,45,0.18518,-0.39444,0.12761
10,0.90986,479.81202,46,0.1455,-0.40672,0.1276
10,0.90986,479.81202,47,0.09214,-0.22587,0.09623
10,0.90986,479.81202,48,0.13362,-0.23077,0.08019
10,0.90986,479.81202,49,0.13815,-0.25154,0.0735
10,0.90986,479.81202,50,-0.04985,-0.17861,0.0672
10,0.90986,479.81202,51,0.05253,-0.09945,0.15602
10,0.90986,479.81202,52,-0.0023,-0.11129,0.10021
10,0.90986,479.81202,53,-0.11458,-0.2308,0.10611
10,0.90986,479.81202,54,-0.10799,-0.17975,0.1649
10,0.90986,479.81202,55,-0.16608,-0.02723,0.21864
10,0.90986,479.81202,56,-0.24702,-0.29555,0.21304
10,0.90986,479.81202,57,-0.27237,-0.2603,0.1323
10,0.90986,479.81202,58,-0.14551,-0.14575,0.10396
10,0.90986,479.81202,59,-0.33941,0.04228,0.0463
10,0.90986,479.81202,60,-0.20328,-0.0116,0.09598
10,0.90986,479.81202,61,-0.11604,0.06832,0.18752
10,0.90986,479.81202,62,-0.06898,-0.00069,0.1222
10,0.90986,479.81202,63,-0.10313,0.03111,0.18376
10,0.90986,479.81202,64,-0.28291,0.0201,0.15469
10,0.90986,479.81202,65,-0.38656,-0.15107,0.14912
10,0.90986,479.81202,66,-0.25943,-0.18346,0.24796
10,0.90986,479.81202,67,-0.18221,-0.39962,0.22026
10,0.90986,479.81202,68,-0.13513,-0.38673,0.09189
10,0.90986,479.81202,69,-0.28828,-0.13551,0.08438
10,0.90986,479.81202,70,-0.28927,-0.13936,0.07262
10,0.90986,479.81202,71,-0.40163,-0.27332,0.06802
10,0.90986,479.81202,72,-0.36582,-0.28908,0.01923
10,0.90986,479.81202,73,-0.33976,-0.33757,0.05043
10,0.90986,479.81202,74,-0.20383,-0.00659,0.15124
10,0.90986,479.81202,75,-0.18494,-0.18018,0.1575
10,0.90986,479.81202,76,-0.3547,-0.21358,0.19165
10,0.90986,479.81202,77,-0.41224,-0.34186,0.12953
10,0.90986,479.81202,78,-0.3395,-0.35403,0.20192
10,0.90986,479.81202,79,-0.24106,-0.35983,0.23532
10,0.90986,479.81202,80,-0.18074,-0.31875,0.0836
10,0.90986,479.81202,81,-0.23379,-0.29968,0.06177
10,0.90986,479.81202,82,-0.22753,-0.20837,0.12751
10,0.90986,479.81202,83,-0.21326,-0.33386,0.1163
10,0.90986,479.81202,84,-0.2989,-0.26488,0.10495
10,0.90986,479.81202,85,-0.2654,-0.38649,0.0914
10,0.90986,479.81202,86,-0.36116,-0.37964,0.08813
10,0.90986,479.81202,87,-0.35966,-0.32879,0.0375
10,0.90986,479.81202,88,-0.39519,-0.34636,0.099
10,0.90986,479.81202,89,-0.25205,-0.23297,0.08616
10,0.90986,479.81202,90,-0.18092,-0.15901,0.17415
10,0.90986,479.81202,91,-0.13871,-0.36907,0.21198
10,0.90986,479.81202,92,-0.15271,-0.27543,0.27045
10,0.90986,479.81202,93,-0.14633,-0.3579,0.24778
10,0.90986,479.81202,94,-0.19915,-0.59305,0.17743
10,0.90986,479.81202,95,-0.24655,-0.61191,0.11443
10,0.90986,479.81202,96,-0.24842,-0.36462,0.24591
10,0.90986,479.81202,97,-0.27959,-0.22129,0.10711
10,0.90986,479.81202,98,-0.36268,-0.19909,0.11122
10,0.90986,479.81202,99,-0.40109,-0.29378,0.1235
10,0.90986,479.81202,100,-0.30404,-0.1239,0.25422
10,0.90986,479.81202,101,-0.24479,-0.3263,0.31813
10,0.90986,479.81202,102,-0.29434,-0.3285,0.18019
10,0.90986,479.81202,103,-0.25161,-0.22923,0.11125
10,0.90986,479.81202,104,-0.3326,-0.19569,0.0783
10,0.90986,479.81202,105,-0.24254,-0.16169,0.09205
10,0.90986,479.81202,106,-0.29221,-0.08269,0.2017
10,0.90986,479.81202,107,-0.41997,-0.10693,0.30849
10,0.90986,479.81202,108,-0.261,-0.29294,0.22702
10,0.90986,479.81202,109,-0.2197,-0.36108,0.10101
10,0.90986,479.81202,110,-0.27948,-0.363,0.05804
10,0.90986,479.81202,111,-0.39315,-0.40033,0.14214
10,0.90986,479.81202,112,-0.22718,-0.34445,0.2238
10,0.90986,479.81202,113,-0.35916,-0.32991,0.14984
10,0.90986,479.81202,114,-0.38288,-0.20739,0.07908
11,0.99138,475.46206,1,-0.26627,0.12452,0.65534
11,0.99138,475.46206,2,-0.36473,0.27193,0.87564
11,0.99138,475.46206,3,-0.36048,0.1123,0.73004
11,0.99138,475.46206,4,-0.30328,-0.07784,0.6652
11,0.99138,475.46206,5,-0.30001,-0.0583,0.46424
11,0.99138,475.46206,6,-0.38679,-0.11834,0.51267
11,0.99138,475.46206,7,-0.3124,-0.1471,0.3342
11,0.99138,475.46206,8,-0.25267,-0.00284,0.21462
11,0.99138,475.46206,9,-0.31112,0.12439,0.11033
11,0.99138,475.46206,10,-0.30906,0.23251,0.32103
11,0.99138,475.46206,11,-0.09073,0.33513,0.25896
11,0.99138,475.46206,12,-0.19873,0.2968,0.33572
11,0.99138,475.46206,13,-0.18259,0.32422,0.23755
11,0.99138,475.46206,14,-0.23028,0.38146,0.37347
11,0.99138,475.46206,15,-0.26512,0.25599,0.34087
11,0.99138,475.46206,16,-0.24045,0.12223,0.35751
11,0.99138,475.46206,17,-0.13108,0.32756,0.44059
11,0.99138,475.46206,18,-0.21342,0.29453,0.5565
11,0.99138,475.46206,19,-0.04291,0.16431,0.59247
11,0.99138,475.46206,20,-0.06751,0.05178,0.59407
11,0.99138,475.46206,21,-0.08204,0.20825,0.57053
11,0.99138,475.46206,22,-0.05695,0.1995,0.5351
11,0.99138,475.46206,23,-0.08609,0.12903,0.48633
11,0.99138,475.46206,24,-0.19126,0.03763,0.51807
11,0.99138,475.46206,25,-0.03797,0.04805,0.55471
11,0.99138,475.46206,26,0.11838,0.2309,0.56075
11,0.99138,475.46206,27,0.17117,0.16657,0.52409
11,0.99138,475.46206,28,0.18227,0.09249,0.49622
11,0.99138,475.46206,29,0.29467,0.07927,0.41601
11,0.99138,475.46206,30,0.28815,0.08361,0.25782
11,0.99138,475.46206,31,0.26051,-0.01094,0.08602
11,0.99138,475.46206,32,0.19274,0.11061,0.12015
11,0.99138,475.46206,33,0.22079,0.12423,0.17047
11,0.99138,475.46206,34,0.25166,-0.00319,0.35905
11,0.99138,475.46206,35,0.30758,0.0609,0.28062
11,0.99138,475.46206,36,0.34554,0.08317,0.27902
11,0.99138,475.46206,37,0.37415,-0.0477,0.15984
11,0.99138,475.46206,38,0.34834,-0.04828,0.27773
11,0.99138,475.46206,39,0.38563,-0.03962,0.28515
11,0.99138,475.46206,40,0.39785,-0.03382,0.31056
11,0.99138,475.46206,41,0.29584,-0.11066,0.24025
11,0.99138,475.46206,42,0.2592,-0.08179,0.30671
11,0.99138,475.46206,43,0.20502,-0.16386,0.18972
11,0.99138,475.46206,44,0.09981,-0.34491,0.26994
11,0.99138,475.46206,45,0.19035,-0.39443,0.10887
11,0.99138,475.46206,46,0.14991,-0.40672,0.10922
11,0.99138,475.46206,47,0.09643,-0.23121,0.0993
11,0.99138,475.46206,48,0.13819,-0.23099,0.08019
11,0.99138,475.46206,49,0.14286,-0.24792,0.0735
11,0.99138,475.46206,50,-0.04517,-0.17501,0.0672
11,0.99138,475.46206,51,0.05719,-0.09587,0.15602
11,0.99138,475.46206,52,0.00234,-0.10772,0.1002
11,0.99138,475.46206,53,-0.10995,-0.22725,0.1061
11,0.99138,475.46206,54,-0.10337,-0.1762,0.1649
11,0.99138,475.46206,55,-0.16147,-0.02369,0.21863
11,0.99138,475.46206,56,-0.24243,-0.29203,0.21303
11,0.99138,475.46206,57,-0.26779,-0.25679,0.13229
11,0.99138,475.46206,58,-0.14099,-0.1423,0.10488
11,0.99138,475.46206,59,-0.33497,0.04565,0.0463
11,0.99138,475.46206,60,-0.19887,-0.00825,0.09598
11,0.99138,475.46206,61,-0.11166,0.07165,0.18751
11,0.99138,475.46206,62,-0.06461,0.00262,0.12219
11,0.99138,475.46206,63,-0.09879,0.03441,0.18375
11,0.99138,475.46206,64,-0.27858,0.02339,0.15469
11,0.99138,475.46206,65,-0.38821,-0.14722,0.15052
11,0.99138,475.46206,66,-0.26107,-0.17962,0.24935
11,0.99138,475.46206,67,-0.1833,-0.39896,0.22221
11,0.99138,475.46206,68,-0.13489,-0.38512,0.09136
11,0.99138,475.46206,69,-0.287,-0.13379,0.08438
11,0.99138,475.46206,70,-0.288,-0.13765,0.07262
11,0.99138,475.46206,71,-0.40163,-0.27188,0.06802
11,0.99138,475.46206,72,-0.36535,-0.28747,0.02417
11,0.99138,475.46206,73,-0.33251,-0.33609,0.05042
11,0.99138,475.46206,74,-0.19663,-0.00513,0.15122
11,0.99138,475.46206,75,-0.17779,-0.17872,0.15747
11,0.99138,475.46206,76,-0.3476,-0.21213,0.1916
11,0.99138,475.46206,77,-0.41224,-0.34037,0.13124
11,0.99138,475.46206,78,-0.33951,-0.35255,0.20362
11,0.99138,475.46206,79,-0.24107,-0.35835,0.23701
11,0.99138,475.46206,80,-0.18033,-0.31726,0.0836
11,0.99138,475.46206,81,-0.23338,-0.29818,0.06177
11,0.99138,475.46206,82,-0.22712,-0.20687,0.12751
11,0.99138,475.46206,83,-0.21285,-0.33237,0.1163
11,0.99138,475.46206,84,-0.2985,-0.2634,0.10495
11,0.99138,475.46206,85,-0.265,-0.38501,0.09139
11,0.99138,475.46206,86,-0.36078,-0.37821,0.08813
11,0.99138,475.46206,87,-0.35961,-0.32742,0.03778
11,0.99138,475.46206,88,-0.39524,-0.34501,0.09935
11,0.99138,475.46206,89,-0.2521,-0.23163,0.08651
11,0.99138,475.46206,90,-0.18097,-0.15768,0.1745
11,0.99138,475.46206,91,-0.13876,-0.36775,0.21233
11,0.99138,475.46206,92,-0.15276,-0.27411,0.27079
11,0.99138,475.46206,93,-0.14639,-0.35658,0.24812
11,0.99138,475.46206,94,-0.19943,-0.59442,0.17801
11,0.99138,475.46206,95,-0.24683,-0.61326,0.11501
11,0.99138,475.46206,96,-0.24854,-0.36105,0.24616
11,0.99138,475.46206,97,-0.27971,-0.21775,0.10736
11,0.99138,475.46206,98,-0.36261,-0.19664,0.11276
11,0.99138,475.46206,99,-0.40109,-0.29132,0.12503
11,0.99138,475.46206,100,-0.30404,-0.12146,0.25575
11,0.99138,475.46206,101,-0.24479,-0.32386,0.31966
11,0.99138,475.46206,102,-0.29434,-0.32608,0.18171
11,0.99138,475.46206,103,-0.25162,-0.22691,0.11244
11,0.99138,475.46206,104,-0.33262,-0.1934,0.07829
11,0.99138,475.46206,105,-0.24256,-0.15941,0.09204
11,0.99138,475.46206,106,-0.29223,-0.08042,0.2017
11,0.99138,475.46206,107,-0.41998,-0.10478,0.30871
11,0.99138,475.46206,108,-0.261,-0.2908,0.22724
11,0.99138,475.46206,109,-0.21997,-0.35895,0.10231
11,0.99138,475.46206,110,-0.27937,-0.36095,0.05804
11,0.99138,475.46206,111,-0.17664,-0.23829,0.15908
11,0.99138,475.46206,112,-0.36715,-0.10958,0.31621
11,0.99138,475.46206,113,-0.25012,-0.15838,0.13102
11,0.99138,475.46206,114,-0.16551,-0.05549,0.07229
12,0.90986,479.81202,1,-0.26627,0.12452,0.65534
12,0.90986,479.81202,2,-0.36851,0.27183,0.87677
12,0.90986,479.81202,3,-0.36427,0.11222,0.73267
12,0.90986,479.81202,4,-0.30703,-0.07792,0.6678
12,0.90986,479.81202,5,-0.30373,-0.05838,0.4668
12,0.90986,479.81202,6,-0.39048,-0.11843,0.51519
12,0.90986,479.81202,7,-0.31606,-0.14719,0.33668
12,0.90986,479.81202,8,-0.25629,-0.00293,0.21706
12,0.90986,479.81202,9,-0.31428,0.12432,0.1099
12,0.90986,479.81202,10,-0.31071,0.2325,0.31074
12,0.90986,479.81202,11,-0.09237,0.33512,0.24876
12,0.90986,479.81202,12,-0.20036,0.29679,0.32559
12,0.90986,479.81202,13,-0.1842,0.32421,0.22748
12,0.90986,479.81202,14,-0.23189,0.38144,0.36346
12,0.90986,479.81202,15,-0.26671,0.25596,0.3309
12,0.90986,479.81202,16,-0.24204,0.1222,0.34756
12,0.90986,479.81202,17,-0.13266,0.32753,0.43067
12,0.90986,479.81202,18,-0.215,0.29451,0.54661
12,0.90986,479.81202,19,-0.04449,0.16429,0.5826
12,0.90986,479.81202,20,-0.06909,0.05176,0.58426
12,0.90986,479.81202,21,-0.08362,0.20823,0.56077
12,0.90986,479.81202,22,-0.05853,0.19948,0.52541
12,0.90986,479.81202,23,-0.08767,0.12902,0.47671
12,0.90986,479.81202,24,-0.19283,0.03762,0.50853
12,0.90986,479.81202,25,-0.03953,0.04805,0.54527
12,0.90986,479.81202,26,0.11681,0.2309,0.55142
12,0.90986,479.81202,27,0.16961,0.16658,0.51487
12,0.90986,479.81202,28,0.18071,0.09249,0.48712
12,0.90986,479.81202,29,0.29313,0.07928,0.40704
12,0.90986,479.81202,30,0.28661,0.08362,0.24899
12,0.90986,479.81202,31,0.25896,-0.01091,0.10973
12,0.90986,479.81202,32,0.19111,0.11069,0.29787
12,0.90986,479.81202,33,0.21942,0.12418,0.13957
12,0.90986,479.81202,34,0.25031,-0.00324,0.3284
12,0.90986,479.81202,35,0.30625,0.06085,0.25017
12,0.90986,479.81202,36,0.34423,0.08311,0.24874
12,0.90986,479.81202,37,0.37286,-0.04778,0.1297
12,0.90986,479.81202,38,0.34706,-0.04836,0.24769
12,0.90986,479.81202,39,0.38677,-0.04003,0.26285
12,0.90986,479.81202,40,0.39785,-0.03408,0.28859
12,0.90986,479.81202,41,0.29586,-0.11092,0.21835
12,0.90986,479.81202,42,0.25923,-0.08204,0.2849
12,0.90986,479.81202,43,0.20506,-0.1641,0.16801
12,0.90986,479.81202,44,0.09986,-0.34515,0.24837
12,0.90986,479.81202,45,0.18518,-0.39444,0.12761
12,0.90986,479.81202,46,0.1455,-0.40672,0.1276
12,0.90986,479.81202,47,0.09214,-0.22587,0.09623
12,0.90986,479.81202,48,0.13362,-0.23077,0.08019
12,0.90986,479.81202,49,0.13815,-0.25154,0.0735
12,0.90986,479.81202,50,-0.04985,-0.17861,0.0672
12,0.90986,479.81202,51,0.05253,-0.09945,0.15602
12,0.90986,479.81202,52,-0.0023,-0.11129,0.10021
12,0.90986,479.81202,53,-0.11458,-0.2308,0.10611
12,0.90986,479.81202,54,-0.10799,-0.17975,0.1649
12,0.90986,479.81202,55,-0.16608,-0.02723,0.21864
12,0.90986,479.81202,56,-0.24702,-0.29555,0.21304
12,0.90986,479.81202,57,-0.27237,-0.2603,0.1323
12,0.90986,479.81202,58,-0.14551,-0.14575,0.10396
12,0.90986,479.81202,59,-0.33941,0.04228,0.0463
12,0.90986,479.81202,60,-0.20328,-0.0116,0.09598
12,0.90986,479.81202,61,-0.11604,0.06832,0.18752
12,0.90986,479.81202,62,-0.06898,-0.00069,0.1222
12,0.90986,479.81202,63,-0.10313,0.03111,0.18376
12,0.90986,479.81202,64,-0.28291,0.0201,0.15469
12,0.90986,479.81202,65,-0.38656,-0.15107,0.14912
12,0.90986,479.81202,66,-0.25943,-0.18346,0.24796
12,0.90986,479.81202,67,-0.18221,-0.39962,0.22026
12,0.90986,479.81202,68,-0.13513,-0.38673,0.09189
12,0.90986,479.81202,69,-0.28828,-0.13551,0.08438
12,0.90986,479.81202,70,-0.28927,-0.13936,0.07262
12,0.90986,479.81202,71,-0.40163,-0.27332,0.06802
12,0.90986,479.81202,72,-0.36582,-0.28908,0.01923
12,0.90986,479.81202,73,-0.33976,-0.33757,0.05043
12,0.90986,479.81202,74,-0.20383,-0.00659,0.15124
12,0.90986,479.81202,75,-0.18494,-0.18018,0.1575
12,0.90986,479.81202,76,-0.3547,-0.21358,0.19165
12,0.90986,479.81202,77,-0.41224,-0.34186,0.12953
12,0.90986,479.81202,78,-0.3395,-0.35403,0.20192
12,0.90986,479.81202,79,-0.24106,-0.35983,0.23532
12,0.90986,479.81202,80,-0.18074,-0.31875,0.0836
12,0.90986,479.81202,81,-0.23379,-0.29968,0.06177
12,0.90986,479.81202,82,-0.22753,-0.20837,0.12751
12,0.90986,479.81202,83,-0.21326,-0.33386,0.1163
12,0.90986,479.81202,84,-0.2989,-0.26488,0.10495
12,0.90986,479.81202,85,-0.2654,-0.38649,0.0914
12,0.90986,479.81202,86,-0.36116,-0.37964,0.08813
12,0.90986,479.81202,87,-0.35966,-0.32879,0.0375
12,0.90986,479.81202,88,-0.39519,-0.34636,0.099
12,0.90986,479.81202,89,-0.25205,-0.23297,0.08616
12,0.90986,479.81202,90,-0.18092,-0.15901,0.17415
12,0.90986,479.81202,91,-0.13871,-0.36907,0.21198
12,0.90986,479.81202,92,-0.15271,-0.27543,0.27045
12,0.90986,479.81202,93,-0.14633,-0.3579,0.24778
12,0.90986,479.81202,94,-0.19915,-0.59305,0.17743
12,0.90986,479.81202,95,-0.24655,-0.61191,0.11443
12,0.90986,479.81202,96,-0.24842,-0.36462,0.24591
12,0.90986,479.81202,97,-0.27959,-0.22129,0.10711
12,0.90986,479.81202,98,-0.36268,-0.19909,0.11122
12,0.90986,479.81202,99,-0.40109,-0.29378,0.1235
12,0.90986,479.81202,100,-0.30404,-0.1239,0.25422
12,0.90986,479.81202,101,-0.24479,-0.3263,0.31813
12,0.90986,479.81202,102,-0.29434,-0.3285,0.18019
12,0.90986,479.81202,103,-0.25161,-0.22923,0.11125
12,0.90986,479.81202,104,-0.3326,-0.19569,0.0783
12,0.90986,479.81202,105,-0.24254,-0.16169,0.09205
12,0.90986,479.81202,106,-0.29221,-0.08269,0.2017
12,0.90986,479.81202,107,-0.41997,-0.10693,0.30849
12,0.90986,479.81202,108,-0.261,-0.29294,0.22702
12,0.90986,479.81202,109,-0.2197,-0.36108,0.10101
12,0.90986,479.81202,110,-0.27948,-0.363,0.05804
12,0.90986,479.81202,111,-0.39315,-0.40033,0.14214
12,0.90986,479.81202,112,-0.22718,-0.34445,0.2238
12,0.90986,479.81202,113,-0.35916,-0.32991,0.14984
12,0.90986,479.81202,114,-0.38288,-0.20739,0.07908
13,0.90986,479.81202,1,-0.26627,0.12452,0.65534
13,0.90986,479.81202,2,-0.36851,0.27183,0.87677
13,0.90986,479.81202,3,-0.36427,0.11222,0.73267
13,0.90986,479.81202,4,-0.30703,-0.07792,0.6678
13,0.90986,479.81202,5,-0.30373,-0.05838,0.4668
13,0.90986,479.81202,6,-0.39048,-0.11843,0.51519
13,0.90986,479.81202,7,-0.31606,-0.14719,0.33668
13,0.90986,479.81202,8,-0.25629,-0.00293,0.21706
13,0.90986,479.81202,9,-0.31428,0.12432,0.1099
13,0.90986,479.81202,10,-0.31071,0.2325,0.31074
13,0.90986,479.81202,11,-0.09237,0.33512,0.24876
13,0.90986,479.81202,12,-0.20036,0.29679,0.32559
13,0.90986,479.81202,13,-0.1842,0.32421,0.22748
13,0.90986,479.81202,14,-0.23189,0.38144,0.36346
13,0.90986,479.81202,15,-0.26671,0.25596,0.3309
13,0.90986,479.81202,16,-0.24204,0.1222,0.34756
13,0.90986,479.81202,17,-0.13266,0.32753,0.43067
13,0.90986,479.81202,18,-0.215,0.29451,0.54661
13,0.90986,479.81202,19,-0.04449,0.16429,0.5826
13,0.90986,479.81202,20,-0.06909,0.05176,0.58426
13,0.90986,479.81202,21,-0.08362,0.20823,0.56077
13,0.90986,479.81202,22,-0.05853,0.19948,0.52541
13,0.90986,479.81202,23,-0.08767,0.12902,0.47671
13,0.90986,479.81202,24,-0.19283,0.03762,0.50853
13,0.90986,479.81202,25,-0.03953,0.04805,0.54527
13,0.90986,479.81202,26,0.11681,0.2309,0.55142
13,0.90986,479.81202,27,0.16961,0.16658,0.51487
13,0.90986,479.81202,28,0.18071,0.09249,0.48712
13,0.90986,479.81202,29,0.29313,0.07928,0.40704
13,0.90986,479.81202,30,0.28661,0.08362,0.24899
13,0.90986,479.81202,31,0.25896,-0.01091,0.10973
13,0.90986,479.81202,32,0.19111,0.11069,0.29787
13,0.90986,479.81202,33,0.21942,0.12418,0.13957
13,0.90986,479.81202,34,0.25031,-0.00324,0.3284
13,0.90986,479.81202,35,0.30625,0.06085,0.25017
13,0.90986,479.81202,36,0.34423,0.08311,0.24874
13,0.90986,479.81202,37,0.37286,-0.04778,0.1297
13,0.90986,479.81202,38,0.34706,-0.04836,0.24769
13,0.90986,479.81202,39,0.38677,-0.04003,0.26285
13,0.90986,479.81202,40,0.39785,-0.03408,0.28859
13,0.90986,479.81202,41,0.29586,-0.11092,0.21835
13,0.90986,479.81202,42,0.25923,-0.08204,0.2849
13,0.90986,479.81202,43,0.20506,-0.1641,0.16801
13,0.90986,479.81202,44,0.09986,-0.34515,0.24837
13,0.90986,479.81202,45,0.18518,-0.39444,0.12761
13,0.90986,479.81202,46,0.1455,-0.40672,0.1276
13,0.90986,479.81202,47,0.09214,-0.22587,0.09623
13,0.90986,479.81202,48,0.13362,-0.23077,0.08019
13,0.90986,479.81202,49,0.13815,-0.25154,0.0735
13,0.90986,479.81202,50,-0.04985,-0.17861,0.0672
13,0.90986,479.81202,51,0.05253,-0.09945,0.15602
13,0.90986,479.81202,52,-0.0023,-0.11129,0.10021
13,0.90986,479.81202,53,-0.11458,-0.2308,0.10611
13,0.90986,479.81202,54,-0.10799,-0.17975,0.1649
13,0.90986,479.81202,55,-0.16608,-0.02723,0.21864
13,0.90986,479.81202,56,-0.24702,-0.29555,0.21304
13,0.90986,479.81202,57,-0.27237,-0.2603,0.1323
13,0.90986,479.81202,58,-0.14551,-0.14575,0.10396
13,0.90986,479.81202,59,-0.33941,0.04228,0.0463
13,0.90986,479.81202,60,-0.20328,-0.0116,0.09598
13,0.90986,479.81202,61,-0.11604,0.06832,0.18752
13,0.90986,479.81202,62,-0.06898,-0.00069,0.1222
13,0.90986,479.81202,63,-0.10313,0.03111,0.18376
13,0.90986,479.81202,64,-0.28291,0.0201,0.15469
13,0.90986,479.81202,65,-0.38656,-0.15107,0.14912
13,0.90986,479.81202,66,-0.25943,-0.18346,0.24796
13,0.90986,479.81202,67,-0.18221,-0.39962,0.22026
13,0.90986,479.81202,68,-0.13513,-0.38673,0.09189
13,0.90986,479.81202,69,-0.28828,-0.13551,0.08438
13,0.90986,479.81202,70,-0.28927,-0.13936,0.07262
13,0.90986,479.81202,71,-0.40163,-0.27332,0.06802
13,0.90986,479.81202,72,-0.36582,-0.28908,0.01923
13,0.90986,479.81202,73,-0.33976,-0.33757,0.05043
13,0.90986,479.81202,74,-0.20383,-0.00659,0.15124
13,0.90986,479.81202,75,-0.18494,-0.18018,0.1575
13,0.90986,479.81202,76,-0.3547,-0.21358,0.19165
13,0.90986,479.81202,77,-0.41224,-0.34186,0.12953
13,0.90986,479.81202,78,-0.3395,-0.35403,0.20192
13,0.90986,479.81202,79,-0.24106,-0.35983,0.23532
13,0.90986,479.81202,80,-0.18074,-0.31875,0.0836
13,0.90986,479.81202,81,-0.23379,-0.29968,0.06177
13,0.90986,479.81202,82,-0.22753,-0.20837,0.12751
13,0.90986,479.81202,83,-0.21326,-0.33386,0.1163
13,0.90986,479.81202,84,-0.2989,-0.26488,0.10495
13,0.90986,479.81202,85,-0.2654,-0.38649,0.0914
13,0.90986,479.81202,86,-0.36116,-0.37964,0.08813
13,0.90986,479.81202,87,-0.35966,-0.32879,0.0375
13,0.90986,479.81202,88,-0.39519,-0.34636,0.099
13,0.90986,479.81202,89,-0.25205,-0.23297,0.08616
13,0.90986,479.81202,90,-0.18092,-0.15901,0.17415
13,0.90986,479.81202,91,-0.13871,-0.36907,0.21198
13,0.90986,479.81202,92,-0.15271,-0.27543,0.27045
13,0.90986,479.81202,93,-0.14633,-0.3579,0.24778
13,0.90986,479.81202,94,-0.19915,-0.59305,0.17743
13,0.90986,479.81202,95,-0.24655,-0.61191,0.11443
13,0.90986,479.81202,96,-0.24842,-0.36462,0.24591
13,0.90986,479.81202,97,-0.27959,-0.22129,0.10711
13,0.90986,479.81202,98,-0.36268,-0.19909,0.11122
13,0.90986,479.81202,99,-0.40109,-0.29378,0.1235
13,0.90986,479.81202,100,-0.30404,-0.1239,0.25422
13,0.90986,479.81202,101,-0.24479,-0.3263,0.31813
13,0.90986,479.81202,102,-0.29434,-0.3285,0.18019
13,0.90986,479.81202,103,-0.25161,-0.22923,0.11125
13,0.90986,479.81202,104,-0.3326,-0.19569,0.0783
13,0.90986,479.81202,105,-0.24254,-0.16169,0.09205
13,0.90986,479.81202,106,-0.29221,-0.08269,0.2017
13,0.90986,479.81202,107,-0.41997,-0.10693,0.30849
13,0.90986,479.81202,108,-0.261,-0.29294,0.22702
13,0.90986,479.81202,109,-0.2197,-0.36108,0.10101
13,0.90986,479.81202,110,-0.27948,-0.363,0.05804
13,0.90986,479.81202,111,-0.39315,-0.40033,0.14214
13,0.90986,479.81202,112,-0.22718,-0.34445,0.2238
13,0.90986,479.81202,113,-0.35916,-0.32991,0.14984
13,0.90986,479.81202,114,-0.38288,-0.20739,0.07908
14,0.74891,477.65864,1,-0.26627,0.12452,0.65534
14,0.74891,477.65864,2,-0.37597,0.27165,0.87909
14,0.74891,477.65864,3,-0.37175,0.11207,0.7387
14,0.74891,477.65864,4,-0.31445,-0.07808,0.67376
14,0.74891,477.65864,5,-0.31109,-0.05854,0.47267
14,0.74891,477.65864,6,-0.39778,-0.11859,0.52099
14,0.74891,477.65864,7,-0.32329,-0.14736,0.34238
14,0.74891,477.65864,8,-0.26346,-0.0031,0.22267
14,0.74891,477.65864,9,-0.32052,0.12417,0.10962
14,0.74891,477.65864,10,-0.31394,0.23249,0.29025
14,0.74891,477.65864,11,-0.09558,0.3351,0.22841
14,0.74891,477.65864,12,-0.20354,0.29676,0.30537
14,0.74891,477.65864,13,-0.18736,0.32417,0.20735
14,0.74891,477.65864,14,-0.23503,0.38139,0.34341
14,0.74891,477.65864,15,-0.26984,0.25592,0.3109
14,0.74891,477.65864,16,-0.24516,0.12216,0.32761
14,0.74891,477.65864,17,-0.13578,0.32749,0.41077
14,0.74891,477.65864,18,-0.21812,0.29447,0.52679
14,0.74891,477.65864,19,-0.04761,0.16425,0.56288
14,0.74891,477.65864,20,-0.07221,0.05173,0.56464
14,0.74891,477.65864,21,-0.08673,0.20821,0.54129
14,0.74891,477.65864,22,-0.06163,0.19947,0.50609
14,0.74891,477.65864,23,-0.09077,0.12901,0.45757
14,0.74891,477.65864,24,-0.19592,0.03762,0.48958
14,0.74891,477.65864,25,-0.04261,0.04805,0.52653
14,0.74891,477.65864,26,0.11375,0.23091,0.53291
14,0.74891,477.65864,27,0.16656,0.16659,0.49659
14,0.74891,477.65864,28,0.17768,0.09251,0.46911
14,0.74891,477.65864,29,0.29011,0.0793,0.38929
14,0.74891,477.65864,30,0.28361,0.08365,0.23153
14,0.74891,477.65864,31,0.25599,-0.01088,0.0946
14,0.74891,477.65864,32,0.18828,0.11068,0.29912
14,0.74891,477.65864,33,0.21659,0.12417,0.14082
14,0.74891,477.65864,34,0.2475,-0.00326,0.32963
14,0.74891,477.65864,35,0.30345,0.06083,0.2514
14,0.74891,477.65864,36,0.34144,0.08309,0.24996
14,0.74891,477.65864,37,0.37007,-0.04779,0.13092
14,0.74891,477.65864,38,0.34429,-0.04838,0.24891
14,0.74891,477.65864,39,0.38882,-0.0403,0.26278
14,0.74891,477.65864,40,0.39785,-0.03421,0.28902
14,0.74891,477.65864,41,0.29586,-0.11104,0.21878
14,0.74891,477.65864,42,0.25923,-0.08216,0.28532
14,0.74891,477.65864,43,0.20506,-0.16423,0.16844
14,0.74891,477.65864,44,0.09986,-0.34527,0.24879
14,0.74891,477.65864,45,0.18504,-0.39444,0.12172
14,0.74891,477.65864,46,0.14584,-0.40672,0.12138
14,0.74891,477.65864,47,0.09237,-0.22742,0.09623
14,0.74891,477.65864,48,0.13376,-0.2323,0.08019
14,0.74891,477.65864,49,0.13835,-0.25126,0.0735
14,0.74891,477.65864,50,-0.04965,-0.17832,0.0672
14,0.74891,477.65864,51,0.05273,-0.09916,0.15602
14,0.74891,477.65864,52,-0.0021,-0.11101,0.10021
14,0.74891,477.65864,53,-0.11438,-0.23052,0.10611
14,0.74891,477.65864,54,-0.10779,-0.17947,0.1649
14,0.74891,477.65864,55,-0.16588,-0.02695,0.21864
14,0.74891,477.65864,56,-0.24683,-0.29527,0.21304
14,0.74891,477.65864,57,-0.27217,-0.26002,0.1323
14,0.74891,477.65864,58,-0.14531,-0.14548,0.10217
14,0.74891,477.65864,59,-0.33921,0.04254,0.0463
14,0.74891,477.65864,60,-0.20309,-0.01135,0.09598
14,0.74891,477.65864,61,-0.11585,0.06857,0.18752
14,0.74891,477.65864,62,-0.06878,-0.00043,0.1222
14,0.74891,477.65864,63,-0.10294,0.03136,0.18376
14,0.74891,477.65864,64,-0.28272,0.02035,0.15469
14,0.74891,477.65864,65,-0.3876,-0.15055,0.14931
14,0.74891,477.65864,66,-0.26046,-0.18294,0.24815
14,0.74891,477.65864,67,-0.18314,-0.39962,0.22053
14,0.74891,477.65864,68,-0.13576,-0.38664,0.09094
14,0.74891,477.65864,69,-0.28876,-0.13539,0.08438
14,0.74891,477.65864,70,-0.28975,-0.13924,0.07262
14,0.74891,477.65864,71,-0.40163,-0.27319,0.06802
14,0.74891,477.65864,72,-0.36759,-0.28888,0.02067
14,0.74891,477.65864,73,-0.34176,-0.33734,0.05043
14,0.74891,477.65864,74,-0.20582,-0.00636,0.15124
14,0.74891,477.65864,75,-0.18692,-0.17995,0.15751
14,0.74891,477.65864,76,-0.35667,-0.21335,0.19166
14,0.74891,477.65864,77,-0.41223,-0.34165,0.12905
14,0.74891,477.65864,78,-0.3395,-0.35383,0.20145
14,0.74891,477.65864,79,-0.24106,-0.35963,0.23485
14,0.74891,477.65864,80,-0.18086,-0.31855,0.0836
14,0.74891,477.65864,81,-0.23403,-0.29949,0.06177
14,0.74891,477.65864,82,-0.22777,-0.20817,0.12751
14,0.74891,477.65864,83,-0.21349,-0.33366,0.1163
14,0.74891,477.65864,84,-0.29914,-0.26468,0.10495
14,0.74891,477.65864,85,-0.26564,-0.38629,0.0914
14,0.74891,477.65864,86,-0.36139,-0.37945,0.08813
14,0.74891,477.65864,87,-0.3603,-0.32859,0.03784
14,0.74891,477.65864,88,-0.39595,-0.34616,0.09943
14,0.74891,477.65864,89,-0.25281,-0.23277,0.08659
14,0.74891,477.65864,90,-0.18167,-0.15881,0.17458
14,0.74891,477.65864,91,-0.13946,-0.36888,0.21241
14,0.74891,477.65864,92,-0.15345,-0.27524,0.27087
14,0.74891,477.65864,93,-0.14707,-0.35771,0.2482
14,0.74891,477.65864,94,-0.19964,-0.59171,0.17778
14,0.74891,477.65864,95,-0.24703,-0.61057,0.11478
14,0.74891,477.65864,96,-0.24863,-0.37083,0.24606
14,0.74891,477.65864,97,-0.27979,-0.22747,0.10725
14,0.74891,477.65864,98,-0.36278,-0.20352,0.10786
14,0.74891,477.65864,99,-0.40109,-0.29823,0.12019
14,0.74891,477.65864,100,-0.30403,-0.12834,0.25092
14,0.74891,477.65864,101,-0.24478,-0.33072,0.31485
14,0.74891,477.65864,102,-0.29433,-0.33291,0.17692
14,0.74891,477.65864,103,-0.25157,-0.23344,0.10865
14,0.74891,477.65864,104,-0.33256,-0.19986,0.0783
14,0.74891,477.65864,105,-0.24249,-0.16584,0.09205
14,0.74891,477.65864,106,-0.29216,-0.08683,0.20171
14,0.74891,477.65864,107,-0.41997,-0.11058,0.30811
14,0.74891,477.65864,108,-0.26099,-0.29657,0.22664
14,0.74891,477.65864,109,-0.21913,-0.3648,0.09836
14,0.74891,477.65864,110,-0.27967,-0.36656,0.05804
14,0.74891,477.65864,111,-0.39386,-0.40033,0.14144
14,0.74891,477.65864,112,-0.22789,-0.34445,0.2231
14,0.74891,477.65864,113,-0.24639,-0.29693,0.18816
14,0.74891,477.65864,114,-0.1622,-0.11246,0.26027
15,0.74891,477.65864,1,-0.26627,0.12452,0.65534
15,0.74891,477.65864,2,-0.37597,0.27165,0.87909
15,0.74891,477.65864,3,-0.37175,0.11207,0.7387
15,0.74891,477.65864,4,-0.31445,-0.07808,0.67376
15,0.74891,477.65864,5,-0.31109,-0.05854,0.47267
15,0.74891,477.65864,6,-0.39778,-0.11859,0.52099
15,0.74891,477.65864,7,-0.32329,-0.14736,0.34238
15,0.74891,477.65864,8,-0.26346,-0.0031,0.22267
15,0.74891,477.65864,9,-0.32052,0.12417,0.10962
15,0.74891,477.65864,10,-0.31394,0.23249,0.29025
15,0.74891,477.65864,11,-0.09558,0.3351,0.22841
15,0.74891,477.65864,12,-0.20354,0.29676,0.30537
15,0.74891,477.65864,13,-0.18736,0.32417,0.20735
15,0.74891,477.65864,14,-0.23503,0.38139,0.34341
15,0.74891,477.65864,15,-0.26984,0.25592,0.3109
15,0.74891,477.65864,16,-0.24516,0.12216,0.32761
15,0.74891,477.65864,17,-0.13578,0.32749,0.41077
15,0.74891,477.65864,18,-0.21812,0.29447,0.52679
15,0.74891,477.65864,19,-0.04761,0.16425,0.56288
15,0.74891,477.65864,20,-0.07221,0.05173,0.56464
15,0.74891,477.65864,21,-0.08673,0.20821,0.54129
15,0.74891,477.65864,22,-0.06163,0.19947,0.50609
15,0.74891,477.65864,23,-0.09077,0.12901,0.45757
15,0.74891,477.65864,24,-0.19592,0.03762,0.48958
15,0.74891,477.65864,25,-0.04261,0.04805,0.52653
15,0.74891,477.65864,26,0.11375,0.23091,0.53291
15,0.74891,477.65864,27,0.16656,0.16659,0.49659
15,0.74891,477.65864,28,0.17768,0.09251,0.46911
15,0.74891,477.65864,29,0.29011,0.0793,0.38929
15,0.74891,477.65864,30,0.28361,0.08365,0.23153
15,0.74891,477.65864,31,0.25599,-0.01088,0.0946
15,0.74891,477.65864,32,0.18828,0.11068,0.29912
15,0.74891,477.65864,33,0.21659,0.12417,0.14082
15,0.74891,477.65864,34,0.2475,-0.00326,0.32963
15,0.74891,477.65864,35,0.30345,0.06083,0.2514
15,0.74891,477.65864,36,0.34144,0.08309,0.24996
15,0.74891,477.65864,37,0.37007,-0.04779,0.13092
15,0.74891,477.65864,38,0.34429,-0.04838,0.24891
15,0.74891,477.65864,39,0.38882,-0.0403,0.26278
15,0.74891,477.65864,40,0.39785,-0.03421,0.28902
15,0.74891,477.65864,41,0.29586,-0.11104,0.21878
15,0.74891,477.65864,42,0.25923,-0.08216,0.28532
15,0.74891,477.65864,43,0.20506,-0.16423,0.16844
15,0.74891,477.65864,44,0.09986,-0.34527,0.24879
15,0.74891,477.65864,45,0.18504,-0.39444,0.12172
15,0.74891,477.65864,46,0.14584,-0.40672,0.12138
15,0.74891,477.65864,47,0.09237,-0.22742,0.09623
15,0.74891,477.65864,48,0.13376,-0.2323,0.08019
15,0.74891,477.65864,49,0.13835,-0.25126,0.0735
15,0.74891,477.65864,50,-0.04965,-0.17832,0.0672
15,0.74891,477.65864,51,0.05273,-0.09916,0.15602
15,0.74891,477.65864,52,-0.0021,-0.11101,0.10021
15,0.74891,477.65864,53,-0.11438,-0.23052,0.10611
15,0.74891,477.65864,54,-0.10779,-0.17947,0.1649
15,0.74891,477.65864,55,-0.16588,-0.02695,0.21864
15,0.74891,477.65864,56,-0.24683,-0.29527,0.21304
15,0.74891,477.65864,57,-0.27217,-0.26002,0.1323
15,0.74891,477.65864,58,-0.14531,-0.14548,0.10217
15,0.74891,477.65864,59,-0.33921,0.04254,0.0463
15,0.74891,477.65864,60,-0.20309,-0.01135,0.09598
15,0.74891,477.65864,61,-0.11585,0.06857,0.18752
15,0.74891,477.65864,62,-0.06878,-0.00043,0.1222
15,0.74891,477.65864,63,-0.10294,0.03136,0.18376
15,0.74891,477.65864,64,-0.28272,0.02035,0.15469
15,0.74891,477.65864,65,-0.3876,-0.15055,0.14931
15,0.74891,477.65864,66,-0.26046,-0.18294,0.24815
15,0.74891,477.65864,67,-0.18314,-0.39962,0.22053
15,0.74891,477.65864,68,-0.13576,-0.38664,0.09094
15,0.74891,477.65864,69,-0.28876,-0.13539,0.08438
15,0.74891,477.65864,70,-0.28975,-0.13924,0.07262
15,0.74891,477.65864,71,-0.40163,-0.27319,0.06802
15,0.74891,477.65864,72,-0.36759,-0.28888,0.02067
15,0.74891,477.65864,73,-0.34176,-0.33734,0.05043
15,0.74891,477.65864,74,-0.20582,-0.00636,0.15124
15,0.74891,477.65864,75,-0.18692,-0.17995,0.15751
15,0.74891,477.65864,76,-0.35667,-0.21335,0.19166
15,0.74891,477.65864,77,-0.41223,-0.34165,0.12905
15,0.74891,477.65864,78,-0.3395,-0.35383,0.20145
15,0.74891,477.65864,79,-0.24106,-0.35963,0.23485
15,0.74891,477.65864,80,-0.18086,-0.31855,0.0836
15,0.74891,477.65864,81,-0.23403,-0.29949,0.06177
15,0.74891,477.65864,82,-0.22777,-0.20817,0.12751
15,0.74891,477.65864,83,-0.21349,-0.33366,0.1163
15,0.74891,477.65864,84,-0.29914,-0.26468,0.10495
15,0.74891,477.65864,85,-0.26564,-0.38629,0.0914
15,0.74891,477.65864,86,-0.36139,-0.37945,0.08813
15,0.74891,477.65864,87,-0.3603,-0.32859,0.03784
15,0.74891,477.65864,88,-0.39595,-0.34616,0.09943
15,0.74891,477.65864,89,-0.25281,-0.23277,0.08659
15,0.74891,477.65864,90,-0.18167,-0.15881,0.17458
15,0.74891,477.65864,91,-0.13946,-0.36888,0.21241
15,0.74891,477.65864,92,-0.15345,-0.27524,0.27087
15,0.74891,477.65864,93,-0.14707,-0.35771,0.2482
15,0.74891,477.65864,94,-0.19964,-0.59171,0.17778
15,0.74891,477.65864,95,-0.24703,-0.61057,0.11478
15,0.74891,477.65864,96,-0.24863,-0.37083,0.24606
15,0.74891,477.65864,97,-0.27979,-0.22747,0.10725
15,0.74891,477.65864,98,-0.36278,-0.20352,0.10786
15,0.74891,477.65864,99,-0.40109,-0.29823,0.12019
15,0.74891,477.65864,100,-0.30403,-0.12834,0.25092
15,0.74891,477.65864,101,-0.24478,-0.33072,0.31485
15,0.74891,477.65864,102,-0.29433,-0.33291,0.17692
15,0.74891,477.65864,103,-0.25157,-0.23344,0.10865
15,0.74891,477.65864,104,-0.33256,-0.19986,0.0783
15,0.74891,477.65864,105,-0.24249,-0.16584,0.09205
15,0.74891,477.65864,106,-0.29216,-0.08683,0.20171
15,0.74891,477.65864,107,-0.41997,-0.11058,0.30811
15,0.74891,477.65864,108,-0.26099,-0.29657,0.22664
15,0.74891,477.65864,109,-0.21913,-0.3648,0.09836
15,0.74891,477.65864,110,-0.27967,-0.36656,0.05804
15,0.74891,477.65864,111,-0.39386,-0.40033,0.14144
15,0.74891,477.65864,112,-0.22789,-0.34445,0.2231
15,0.74891,477.65864,113,-0.24639,-0.29693,0.18816
15,0.74891,477.65864,114,-0.1622,-0.11246,0.26027
16,0.80529,479.99833,1,-0.26627,0.12452,0.65534
16,0.80529,479.99833,2,-0.37336,0.27172,0.87823
16,0.80529,479.99833,3,-0.36913,0.11212,0.73617
16,0.80529,479.99833,4,-0.31185,-0.07802,0.67126
16,0.80529,479.99833,5,-0.30852,-0.05849,0.47021
16,0.80529,479.99833,6,-0.39522,-0.11853,0.51855
16,0.80529,479.99833,7,-0.32076,-0.1473,0.33999
16,0.80529,479.99833,8,-0.26095,-0.00304,0.22031
16,0.80529,479.99833,9,-0.31834,0.12423,0.10948
16,0.80529,479.99833,10,-0.31282,0.2325,0.2977
16,0.80529,479.99833,11,-0.09446,0.33511,0.23581
16,0.80529,479.99833,12,-0.20243,0.29677,0.31273
16,0.80529,479.99833,13,-0.18626,0.32418,0.21468
16,0.80529,479.99833,14,-0.23393,0.38141,0.35071
16,0.80529,479.99833,15,-0.26875,0.25594,0.31819
16,0.80529,479.99833,16,-0.24407,0.12217,0.33488
16,0.80529,479.99833,17,-0.13469,0.32751,0.41802
16,0.80529,479.99833,18,-0.21703,0.29448,0.534
16,0.80529,479.99833,19,-0.04652,0.16427,0.57006
16,0.80529,479.99833,20,-0.07112,0.05174,0.57178
16,0.80529,479.99833,21,-0.08564,0.20822,0.54837
16,0.80529,479.99833,22,-0.06055,0.19947,0.51311
16,0.80529,479.99833,23,-0.08968,0.12901,0.46452
16,0.80529,479.99833,24,-0.19485,0.03762,0.49646
16,0.80529,479.99833,25,-0.04154,0.04805,0.53333
16,0.80529,479.99833,26,0.11482,0.2309,0.53962
16,0.80529,479.99833,27,0.16762,0.16658,0.50322
16,0.80529,479.99833,28,0.17874,0.0925,0.47563
16,0.80529,479.99833,29,0.29116,0.07929,0.39572
16,0.80529,479.99833,30,0.28466,0.08364,0.23785
16,0.80529,479.99833,31,0.25702,-0.01089,0.10009
16,0.80529,479.99833,32,0.18927,0.11068,0.29879
16,0.80529,479.99833,33,0.21758,0.12417,0.14049
16,0.80529,479.99833,34,0.24848,-0.00325,0.32931
16,0.80529,479.99833,35,0.30443,0.06083,0.25108
16,0.80529,479.99833,36,0.34241,0.0831,0.24964
16,0.80529,479.99833,37,0.37104,-0.04779,0.13059
16,0.80529,479.99833,38,0.34526,-0.04837,0.24858
16,0.80529,479.99833,39,0.38815,-0.04019,0.26289
16,0.80529,479.99833,40,0.39785,-0.03416,0.28897
16,0.80529,479.99833,41,0.29586,-0.11099,0.21872
16,0.80529,479.99833,42,0.25923,-0.08212,0.28527
16,0.80529,479.99833,43,0.20506,-0.16418,0.16838
16,0.80529,479.99833,44,0.09986,-0.34523,0.24873
16,0.80529,479.99833,45,0.18509,-0.39444,0.12375
16,0.80529,479.99833,46,0.14576,-0.40672,0.12334
16,0.80529,479.99833,47,0.09233,-0.22693,0.09623
16,0.80529,479.99833,48,0.13375,-0.23182,0.08019
16,0.80529,479.99833,49,0.13831,-0.25148,0.0735
16,0.80529,479.99833,50,-0.04969,-0.17854,0.0672
16,0.80529,479.99833,51,0.05269,-0.09938,0.15602
16,0.80529,479.99833,52,-0.00214,-0.11123,0.10021
16,0.80529,479.99833,53,-0.11442,-0.23074,0.10611
16,0.80529,479.99833,54,-0.10783,-0.17968,0.1649
16,0.80529,479.99833,55,-0.16592,-0.02716,0.21864
16,0.80529,479.99833,56,-0.24687,-0.29548,0.21304
16,0.80529,479.99833,57,-0.27221,-0.26023,0.1323
16,0.80529,479.99833,58,-0.14535,-0.14568,0.1028
16,0.80529,479.99833,59,-0.33925,0.04234,0.0463
16,0.80529,479.99833,60,-0.20313,-0.01154,0.09598
16,0.80529,479.99833,61,-0.11589,0.06837,0.18752
16,0.80529,479.99833,62,-0.06883,-0.00063,0.1222
16,0.80529,479.99833,63,-0.10298,0.03117,0.18376
16,0.80529,479.99833,64,-0.28276,0.02016,0.15469
16,0.80529,479.99833,65,-0.38725,-0.1508,0.14924
16,0.80529,479.99833,66,-0.26011,-0.1832,0.24807
16,0.80529,479.99833,67,-0.18284,-0.39962,0.22041
16,0.80529,479.99833,68,-0.13557,-0.3867,0.09128
16,0.80529,479.99833,69,-0.28861,-0.13547,0.08438
16,0.80529,479.99833,70,-0.2896,-0.13932,0.07262
16,0.80529,479.99833,71,-0.40163,-0.27327,0.06802
16,0.80529,479.99833,72,-0.36696,-0.28898,0.02014
16,0.80529,479.99833,73,-0.34105,-0.33745,0.05043
16,0.80529,479.99833,74,-0.20512,-0.00648,0.15124
16,0.80529,479.99833,75,-0.18622,-0.18006,0.15751
16,0.80529,479.99833,76,-0.35597,-0.21346,0.19165
16,0.80529,479.99833,77,-0.41223,-0.34176,0.12922
16,0.80529,479.99833,78,-0.3395,-0.35393,0.20161
16,0.80529,479.99833,79,-0.24106,-0.35973,0.23501
16,0.80529,479.99833,80,-0.18082,-0.31865,0.0836
16,0.80529,479.99833,81,-0.23394,-0.29958,0.06177
16,0.80529,479.99833,82,-0.22769,-0.20827,0.12751
16,0.80529,479.99833,83,-0.21341,-0.33376,0.1163
16,0.80529,479.99833,84,-0.29906,-0.26478,0.10495
16,0.80529,479.99833,85,-0.26556,-0.38639,0.0914
16,0.80529,479.99833,86,-0.36131,-0.37955,0.08813
16,0.80529,479.99833,87,-0.36007,-0.32869,0.03772
16,0.80529,479.99833,88,-0.39568,-0.34626,0.09927
16,0.80529,479.99833,89,-0.25254,-0.23287,0.08643
16,0.80529,479.99833,90,-0.1814,-0.15891,0.17442
16,0.80529,479.99833,91,-0.13919,-0.36897,0.21225
16,0.80529,479.99833,92,-0.15319,-0.27533,0.27072
16,0.80529,479.99833,93,-0.14681,-0.3578,0.24805
16,0.80529,479.99833,94,-0.19947,-0.59217,0.17765
16,0.80529,479.99833,95,-0.24686,-0.61103,0.11465
16,0.80529,479.99833,96,-0.24856,-0.36868,0.246
16,0.80529,479.99833,97,-0.27972,-0.22533,0.1072
16,0.80529,479.99833,98,-0.36274,-0.20198,0.10903
16,0.80529,479.99833,99,-0.40109,-0.29669,0.12135
16,0.80529,479.99833,100,-0.30403,-0.1268,0.25207
16,0.80529,479.99833,101,-0.24478,-0.32919,0.316
16,0.80529,479.99833,102,-0.29433,-0.33138,0.17806
16,0.80529,479.99833,103,-0.25159,-0.23198,0.10962
16,0.80529,479.99833,104,-0.33257,-0.19841,0.0783
16,0.80529,479.99833,105,-0.24251,-0.1644,0.09205
16,0.80529,479.99833,106,-0.29218,-0.08539,0.20171
16,0.80529,479.99833,107,-0.41997,-0.10946,0.30818
16,0.80529,479.99833,108,-0.26099,-0.29545,0.22671
16,0.80529,479.99833,109,-0.21935,-0.36362,0.09932
16,0.80529,479.99833,110,-0.27965,-0.36543,0.05804
16,0.80529,479.99833,111,-0.39367,-0.40033,0.14166
16,0.80529,479.99833,112,-0.2277,-0.34445,0.22332
16,0.80529,479.99833,113,-0.20557,-0.40632,0.17547
16,0.80529,479.99833,114,-0.21417,-0.26494,0.15256
17,0.78928,477.58018,1,-0.26627,0.12452,0.65534
17,0.78928,477.58018,2,-0.3741,0.2717,0.87845
17,0.78928,477.58018,3,-0.36987,0.11211,0.73672
17,0.78928,477.58018,4,-0.31259,-0.07804,0.6718
17,0.78928,477.58018,5,-0.30925,-0.0585,0.47074
17,0.78928,477.58018,6,-0.39595,-0.11855,0.51908
17,0.78928,477.58018,7,-0.32148,-0.14731,0.34051
17,0.78928,477.58018,8,-0.26166,-0.00306,0.22082
17,0.78928,477.58018,9,-0.31896,0.12421,0.10943
17,0.78928,477.58018,10,-0.31314,0.23249,0.29572
17,0.78928,477.58018,11,-0.09478,0.33511,0.23384
17,0.78928,477.58018,12,-0.20275,0.29677,0.31077
17,0.78928,477.58018,13,-0.18658,0.32418,0.21274
17,0.78928,477.58018,14,-0.23425,0.38141,0.34877
17,0.78928,477.58018,15,-0.26906,0.25593,0.31625
17,0.78928,477.58018,16,-0.24438,0.12217,0.33295
17,0.78928,477.58018,17,-0.135,0.3275,0.4161
17,0.78928,477.58018,18,-0.21734,0.29448,0.53209
17,0.78928,477.58018,19,-0.04683,0.16426,0.56815
17,0.78928,477.58018,20,-0.07143,0.05174,0.56988
17,0.78928,477.58018,21,-0.08595,0.20822,0.54649
17,0.78928,477.58018,22,-0.06086,0.19947,0.51124
17,0.78928,477.58018,23,-0.08999,0.12901,0.46267
17,0.78928,477.58018,24,-0.19515,0.03762,0.49463
17,0.78928,477.58018,25,-0.04184,0.04805,0.53152
17,0.78928,477.58018,26,0.11451,0.2309,0.53783
17,0.78928,477.58018,27,0.16732,0.16659,0.50145
17,0.78928,477.58018,28,0.17843,0.09251,0.4739
17,0.78928,477.58018,29,0.29086,0.07929,0.39401
17,0.78928,477.58018,30,0.28436,0.08364,0.23616
17,0.78928,477.58018,31,0.25673,-0.01089,0.09862
17,0.78928,477.58018,32,0.18899,0.11068,0.29881
17,0.78928,477.58018,33,0.2173,0.12417,0.1405
17,0.78928,477.58018,34,0.2482,-0.00325,0.32932
17,0.78928,477.58018,35,0.30415,0.06083,0.25109
17,0.78928,477.58018,36,0.34213,0.08309,0.24965
17,0.78928,477.58018,37,0.37077,-0.04779,0.13061
17,0.78928,477.58018,38,0.34498,-0.04837,0.2486
17,0.78928,477.58018,39,0.38835,-0.04023,0.26279
17,0.78928,477.58018,40,0.39785,-0.03418,0.28891
17,0.78928,477.58018,41,0.29586,-0.11101,0.21867
17,0.78928,477.58018,42,0.25923,-0.08213,0.28522
17,0.78928,477.58018,43,0.20506,-0.1642,0.16833
17,0.78928,477.58018,44,0.09986,-0.34524,0.24868
17,0.78928,477.58018,45,0.18507,-0.39444,0.12319
17,0.78928,477.58018,46,0.1458,-0.40672,0.12274
17,0.78928,477.58018,47,0.09236,-0.22708,0.09623
17,0.78928,477.58018,48,0.13377,-0.23197,0.08019
17,0.78928,477.58018,49,0.13833,-0.25146,0.0735
17,0.78928,477.58018,50,-0.04966,-0.17853,0.0672
17,0.78928,477.58018,51,0.05272,-0.09937,0.15602
17,0.78928,477.58018,52,-0.00211,-0.11121,0.10021
17,0.78928,477.58018,53,-0.1144,-0.23072,0.10611
17,0.78928,477.58018,54,-0.1078,-0.17967,0.1649
17,0.78928,477.58018,55,-0.1659,-0.02715,0.21864
17,0.78928,477.58018,56,-0.24684,-0.29547,0.21304
17,0.78928,477.58018,57,-0.27219,-0.26022,0.1323
17,0.78928,477.58018,58,-0.14533,-0.14567,0.10262
17,0.78928,477.58018,59,-0.33923,0.04235,0.0463
17,0.78928,477.58018,60,-0.20311,-0.01153,0.09598
17,0.78928,477.58018,61,-0.11587,0.06838,0.18752
17,0.78928,477.58018,62,-0.0688,-0.00062,0.1222
17,0.78928,477.58018,63,-0.10296,0.03118,0.18376
17,0.78928,477.58018,64,-0.28273,0.02017,0.15469
17,0.78928,477.58018,65,-0.38735,-0.15076,0.14926
17,0.78928,477.58018,66,-0.26022,-0.18315,0.24809
17,0.78928,477.58018,67,-0.18294,-0.39962,0.22044
17,0.78928,477.58018,68,-0.13564,-0.3867,0.09118
17,0.78928,477.58018,69,-0.28866,-0.13546,0.08438
17,0.78928,477.58018,70,-0.28965,-0.13931,0.07262
17,0.78928,477.58018,71,-0.40163,-0.27326,0.06802
17,0.78928,477.58018,72,-0.36713,-0.28897,0.02028
17,0.78928,477.58018,73,-0.34125,-0.33743,0.05043
17,0.78928,477.58018,74,-0.20531,-0.00646,0.15124
17,0.78928,477.58018,75,-0.18641,-0.18004,0.15751
17,0.78928,477.58018,76,-0.35617,-0.21344,0.19165
17,0.78928,477.58018,77,-0.41223,-0.34174,0.12917
17,0.78928,477.58018,78,-0.3395,-0.35392,0.20157
17,0.78928,477.58018,79,-0.24106,-0.35971,0.23497
17,0.78928,477.58018,80,-0.18083,-0.31863,0.0836
17,0.78928,477.58018,81,-0.23397,-0.29957,0.06177
17,0.78928,477.58018,82,-0.22771,-0.20825,0.12751
17,0.78928,477.58018,83,-0.21343,-0.33374,0.1163
17,0.78928,477.58018,84,-0.29908,-0.26477,0.10495
17,0.78928,477.58018,85,-0.26558,-0.38637,0.0914
17,0.78928,477.58018,86,-0.36133,-0.37953,0.08813
17,0.78928,477.58018,87,-0.36014,-0.32867,0.03775
17,0.78928,477.58018,88,-0.39576,-0.34624,0.09931
17,0.78928,477.58018,89,-0.25261,-0.23285,0.08648
17,0.78928,477.58018,90,-0.18147,-0.15889,0.17446
17,0.78928,477.58018,91,-0.13927,-0.36896,0.2123
17,0.78928,477.58018,92,-0.15326,-0.27531,0.27076
17,0.78928,477.58018,93,-0.14688,-0.35778,0.24809
17,0.78928,477.58018,94,-0.19952,-0.59204,0.17768
17,0.78928,477.58018,95,-0.24691,-0.6109,0.11468
17,0.78928,477.58018,96,-0.24858,-0.3693,0.24602
17,0.78928,477.58018,97,-0.27974,-0.22594,0.10721
17,0.78928,477.58018,98,-0.36275,-0.20242,0.1087
17,0.78928,477.58018,99,-0.40109,-0.29713,0.12102
17,0.78928,477.58018,100,-0.30403,-0.12724,0.25175
17,0.78928,477.58018,101,-0.24478,-0.32962,0.31567
17,0.78928,477.58018,102,-0.29433,-0.33182,0.17774
17,0.78928,477.58018,103,-0.25158,-0.2324,0.10935
17,0.78928,477.58018,104,-0.33257,-0.19882,0.0783
17,0.78928,477.58018,105,-0.24251,-0.16481,0.09205
17,0.78928,477.58018,106,-0.29217,-0.0858,0.20171
17,0.78928,477.58018,107,-0.41997,-0.10984,0.30813
17,0.78928,477.58018,108,-0.26099,-0.29583,0.22666
17,0.78928,477.58018,109,-0.21929,-0.364,0.09906
17,0.78928,477.58018,110,-0.27967,-0.36579,0.05804
17,0.78928,477.58018,111,-0.39375,-0.40033,0.14159
17,0.78928,477.58018,112,-0.22778,-0.34445,0.22325
17,0.78928,477.58018,113,-0.28882,-0.58929,0.29777
17,0.78928,477.58018,114,-0.23097,-0.62891,0.14535
18,0.90986,479.81202,1,-0.26627,0.12452,0.65534
18,0.90986,479.81202,2,-0.36851,0.27183,0.87677
18,0.90986,479.81202,3,-0.36427,0.11222,0.73267
18,0.90986,479.81202,4,-0.30703,-0.07792,0.6678
18,0.90986,479.81202,5,-0.30373,-0.05838,0.4668
18,0.90986,479.81202,6,-0.39048,-0.11843,0.51519
18,0.90986,479.81202,7,-0.31606,-0.14719,0.33668
18,0.90986,479.81202,8,-0.25629,-0.00293,0.21706
18,0.90986,479.81202,9,-0.31428,0.12432,0.1099
18,0.90986,479.81202,10,-0.31071,0.2325,0.31074
18,0.90986,479.81202,11,-0.09237,0.33512,0.24876
18,0.90986,479.81202,12,-0.20036,0.29679,0.32559
18,0.90986,479.81202,13,-0.1842,0.32421,0.22748
18,0.90986,479.81202,14,-0.23189,0.38144,0.36346
18,0.90986,479.81202,15,-0.26671,0.25596,0.3309
18,0.90986,479.81202,16,-0.24204,0.1222,0.34756
18,0.90986,479.81202,17,-0.13266,0.32753,0.43067
18,0.90986,479.81202,18,-0.215,0.29451,0.54661
18,0.90986,479.81202,19,-0.04449,0.16429,0.5826
18,0.90986,479.81202,20,-0.06909,0.05176,0.58426
18,0.90986,479.81202,21,-0.08362,0.20823,0.56077
18,0.90986,479.81202,22,-0.05853,0.19948,0.52541
18,0.90986,479.81202,23,-0.08767,0.12902,0.47671
18,0.90986,479.81202,24,-0.19283,0.03762,0.50853
18,0.90986,479.81202,25,-0.03953,0.04805,0.54527
18,0.90986,479.81202,26,0.11681,0.2309,0.55142
18,0.90986,479.81202,27,0.16961,0.16658,0.51487
18,0.90986,479.81202,28,0.18071,0.09249,0.48712
18,0.90986,479.81202,29,0.29313,0.07928,0.40704
18,0.90986,479.81202,30,0.28661,0.08362,0.24899
18,0.90986,479.81202,31,0.25896,-0.01091,0.10973
18,0.90986,479.81202,32,0.19111,0.11069,0.29787
18,0.90986,479.81202,33,0.21942,0.12418,0.13957
18,0.90986,479.81202,34,0.25031,-0.00324,0.3284
18,0.90986,479.81202,35,0.30625,0.06085,0.25017
18,0.90986,479.81202,36,0.34423,0.08311,0.24874
18,0.90986,479.81202,37,0.37286,-0.04778,0.1297
18,0.90986,479.81202,38,0.34706,-0.04836,0.24769
18,0.90986,479.81202,39,0.38677,-0.04003,0.26285
18,0.90986,479.81202,40,0.39785,-0.03408,0.28859
18,0.90986,479.81202,41,0.29586,-0.11092,0.21835
18,0.90986,479.81202,42,0.25923,-0.08204,0.2849
18,0.90986,479.81202,43,0.20506,-0.1641,0.16801
18,0.90986,479.81202,44,0.09986,-0.34515,0.24837
18,0.90986,479.81202,45,0.18518,-0.39444,0.12761
18,0.90986,479.81202,46,0.1455,-0.40672,0.1276
18,0.90986,479.81202,47,0.09214,-0.22587,0.09623
18,0.90986,479.81202,48,0.13362,-0.23077,0.08019
18,0.90986,479.81202,49,0.13815,-0.25154,0.0735
18,0.90986,479.81202,50,-0.04985,-0.17861,0.0672
18,0.90986,479.81202,51,0.05253,-0.09945,0.15602
18,0.90986,479.81202,52,-0.0023,-0.11129,0.10021
18,0.90986,479.81202,53,-0.11458,-0.2308,0.10611
18,0.90986,479.81202,54,-0.10799,-0.17975,0.1649
18,0.90986,479.81202,55,-0.16608,-0.02723,0.21864
18,0.90986,479.81202,56,-0.24702,-0.29555,0.21304
18,0.90986,479.81202,57,-0.27237,-0.2603,0.1323
18,0.90986,479.81202,58,-0.14551,-0.14575,0.10396
18,0.90986,479.81202,59,-0.33941,0.04228,0.0463
18,0.90986,479.81202,60,-0.20328,-0.0116,0.09598
18,0.90986,479.81202,61,-0.11604,0.06832,0.18752
18,0.90986,479.81202,62,-0.06898,-0.00069,0.1222
18,0.90986,479.81202,63,-0.10313,0.03111,0.18376
18,0.90986,479.81202,64,-0.28291,0.0201,0.15469
18,0.90986,479.81202,65,-0.38656,-0.15107,0.14912
18,0.90986,479.81202,66,-0.25943,-0.18346,0.24796
18,0.90986,479.81202,67,-0.18221,-0.39962,0.22026
18,0.90986,479.81202,68,-0.13513,-0.38673,0.09189
18,0.90986,479.81202,69,-0.28828,-0.13551,0.08438
18,0.90986,479.81202,70,-0.28927,-0.13936,0.07262
18,0.90986,479.81202,71,-0.40163,-0.27332,0.06802
18,0.90986,479.81202,72,-0.36582,-0.28908,0.01923
18,0.90986,479.81202,73,-0.33976,-0.33757,0.05043
18,0.90986,479.81202,74,-0.20383,-0.00659,0.15124
18,0.90986,479.81202,75,-0.18494,-0.18018,0.1575
18,0.90986,479.81202,76,-0.3547,-0.21358,0.19165
18,0.90986,479.81202,77,-0.41224,-0.34186,0.12953
18,0.90986,479.81202,78,-0.3395,-0.35403,0.20192
18,0.90986,479.81202,79,-0.24106,-0.35983,0.23532
18,0.90986,479.81202,80,-0.18074,-0.31875,0.0836
18,0.90986,479.81202,81,-0.23379,-0.29968,0.06177
18,0.90986,479.81202,82,-0.22753,-0.20837,0.12751
18,0.90986,479.81202,83,-0.21326,-0.33386,0.1163
18,0.90986,479.81202,84,-0.2989,-0.26488,0.10495
18,0.90986,479.81202,85,-0.2654,-0.38649,0.0914
18,0.90986,479.81202,86,-0.36116,-0.37964,0.08813
18,0.90986,479.81202,87,-0.35966,-0.32879,0.0375
18,0.90986,479.81202,88,-0.39519,-0.34636,0.099
18,0.90986,479.81202,89,-0.25205,-0.23297,0.08616
18,0.90986,479.81202,90,-0.18092,-0.15901,0.17415
18,0.90986,479.81202,91,-0.13871,-0.36907,0.21198
18,0.90986,479.81202,92,-0.15271,-0.27543,0.27045
18,0.90986,479.81202,93,-0.14633,-0.3579,0.24778
18,0.90986,479.81202,94,-0.19915,-0.59305,0.17743
18,0.90986,479.81202,95,-0.24655,-0.61191,0.11443
18,0.90986,479.81202,96,-0.24842,-0.36462,0.24591
18,0.90986,479.81202,97,-0.27959,-0.22129,0.10711
18,0.90986,479.81202,98,-0.36268,-0.19909,0.11122
18,0.90986,479.81202,99,-0.40109,-0.29378,0.1235
18,0.90986,479.81202,100,-0.30404,-0.1239,0.25422
18,0.90986,479.81202,101,-0.24479,-0.3263,0.31813
18,0.90986,479.81202,102,-0.29434,-0.3285,0.18019
18,0.90986,479.81202,103,-0.25161,-0.22923,0.11125
18,0.90986,479.81202,104,-0.3326,-0.19569,0.0783
18,0.90986,479.81202,105,-0.24254,-0.16169,0.09205
18,0.90986,479.81202,106,-0.29221,-0.08269,0.2017
18,0.90986,479.81202,107,-0.41997,-0.10693,0.30849
18,0.90986,479.81202,108,-0.261,-0.29294,0.22702
18,0.90986,479.81202,109,-0.2197,-0.36108,0.10101
18,0.90986,479.81202,110,-0.27948,-0.363,0.05804
18,0.90986,479.81202,111,-0.39315,-0.40033,0.14214
18,0.90986,479.81202,112,-0.22718,-0.34445,0.2238
18,0.90986,479.81202,113,-0.35916,-0.32991,0.14984
18,0.90986,479.81202,114,-0.38288,-0.20739,0.07908
19,0.80529,479.99833,1,-0.26627,0.12452,0.65534
19,0.80529,479.99833,2,-0.37336,0.27172,0.87823
19,0.80529,479.99833,3,-0.36913,0.11212,0.73617
19,0.80529,479.99833,4,-0.31185,-0.07802,0.67126
19,0.80529,479.99833,5,-0.30852,-0.05849,0.47021
19,0.80529,479.99833,6,-0.39522,-0.11853,0.51855
19,0.80529,479.99833,7,-0.32076,-0.1473,0.33999
19,0.80529,479.99833,8,-0.26095,-0.00304,0.22031
19,0.80529,479.99833,9,-0.31834,0.12423,0.10948
19,0.80529,479.99833,10,-0.31282,0.2325,0.2977
19,0.80529,479.99833,11,-0.09446,0.33511,0.23581
19,0.80529,479.99833,12,-0.20243,0.29677,0.31273
19,0.80529,479.99833,13,-0.18626,0.32418,0.21468
19,0.80529,479.99833,14,-0.23393,0.38141,0.35071
19,0.80529,479.99833,15,-0.26875,0.25594,0.31819
19,0.80529,479.99833,16,-0.24407,0.12217,0.33488
19,0.80529,479.99833,17,-0.13469,0.32751,0.41802
19,0.80529,479.99833,18,-0.21703,0.29448,0.534
19,0.80529,479.99833,19,-0.04652,0.16427,0.57006
19,0.80529,479.99833,20,-0.07112,0.05174,0.57178
19,0.80529,479.99833,21,-0.08564,0.20822,0.54837
19,0.80529,479.99833,22,-0.06055,0.19947,0.51311
19,0.80529,479.99833,23,-0.08968,0.12901,0.46452
19,0.80529,479.99833,24,-0.19485,0.03762,0.49646
19,0.80529,479.99833,25,-0.04154,0.04805,0.53333
19,0.80529,479.99833,26,0.11482,0.2309,0.53962
19,0.80529,479.99833,27,0.16762,0.16658,0.50322
19,0.80529,479.99833,28,0.17874,0.0925,0.47563
19,0.80529,479.99833,29,0.29116,0.07929,0.39572
19,0.80529,479.99833,30,0.28466,0.08364,0.23785
19,0.80529,479.99833,31,0.25702,-0.01089,0.10009
19,0.80529,479.99833,32,0.18927,0.11068,0.29879
19,0.80529,479.99833,33,0.21758,0.12417,0.14049
19,0.80529,479.99833,34,0.24848,-0.00325,0.32931
19,0.80529,479.99833,35,0.30443,0.06083,0.25108
19,0.80529,479.99833,36,0.34241,0.0831,0.24964
19,0.80529,479.99833,37,0.37104,-0.04779,0.13059
19,0.80529,479.99833,38,0.34526,-0.04837,0.24858
19,0.80529,479.99833,39,0.38815,-0.04019,0.26289
19,0.80529,479.99833,40,0.39785,-0.03416,0.28897
19,0.80529,479.99833,41,0.29586,-0.11099,0.21872
19,0.80529,479.99833,42,0.25923,-0.08212,0.28527
19,0.80529,479.99833,43,0.20506,-0.16418,0.16838
19,0.80529,479.99833,44,0.09986,-0.34523,0.24873
19,0.80529,479.99833,45,0.18509,-0.39444,0.12375
19,0.80529,479.99833,46,0.14576,-0.40672,0.12334
19,0.80529,479.99833,47,0.09233,-0.22693,0.09623
19,0.80529,479.99833,48,0.13375,-0.23182,0.08019
19,0.80529,479.99833,49,0.13831,-0.25148,0.0735
19,0.80529,479.99833,50,-0.04969,-0.17854,0.0672
19,0.80529,479.99833,51,0.05269,-0.09938,0.15602
19,0.80529,479.99833,52,-0.00214,-0.11123,0.10021
19,0.80529,479.99833,53,-0.11442,-0.23074,0.10611
19,0.80529,479.99833,54,-0.10783,-0.17968,0.1649
19,0.80529,479.99833,55,-0.16592,-0.02716,0.21864
19,0.80529,479.99833,56,-0.24687,-0.29548,0.21304
19,0.80529,479.99833,57,-0.27221,-0.26023,0.1323
19,0.80529,479.99833,58,-0.14535,-0.14568,0.1028
19,0.80529,479.99833,59,-0.33925,0.04234,0.0463
19,0.80529,479.99833,60,-0.20313,-0.01154,0.09598
19,0.80529,479.99833,61,-0.11589,0.06837,0.18752
19,0.80529,479.99833,62,-0.06883,-0.00063,0.1222
19,0.80529,479.99833,63,-0.10298,0.03117,0.18376
19,0.80529,479.99833,64,-0.28276,0.02016,0.15469
19,0.80529,479.99833,65,-0.38725,-0.1508,0.14924
19,0.80529,479.99833,66,-0.26011,-0.1832,0.24807
19,0.80529,479.99833,67,-0.18284,-0.39962,0.22041
19,0.80529,479.99833,68,-0.13557,-0.3867,0.09128
19,0.80529,479.99833,69,-0.28861,-0.13547,0.08438
19,0.80529,479.99833,70,-0.2896,-0.13932,0.07262
19,0.80529,479.99833,71,-0.40163,-0.27327,0.06802
19,0.80529,479.99833,72,-0.36696,-0.28898,0.02014
19,0.80529,479.99833,73,-0.34105,-0.33745,0.05043
19,0.80529,479.99833,74,-0.20512,-0.00648,0.15124
19,0.80529,479.99833,75,-0.18622,-0.18006,0.15751
19,0.80529,479.99833,76,-0.35597,-0.21346,0.19165
19,0.80529,479.99833,77,-0.41223,-0.34176,0.12922
19,0.80529,479.99833,78,-0.3395,-0.35393,0.20161
19,0.80529,479.99833,79,-0.24106,-0.35973,0.23501
19,0.80529,479.99833,80,-0.18082,-0.31865,0.0836
19,0.80529,479.99833,81,-0.23394,-0.29958,0.06177
19,0.80529,479.99833,82,-0.22769,-0.20827,0.12751
19,0.80529,479.99833,83,-0.21341,-0.33376,0.1163
19,0.80529,479.99833,84,-0.29906,-0.26478,0.10495
19,0.80529,479.99833,85,-0.26556,-0.38639,0.0914
19,0.80529,479.99833,86,-0.36131,-0.37955,0.08813
19,0.80529,479.99833,87,-0.36007,-0.32869,0.03772
19,0.80529,479.99833,88,-0.39568,-0.34626,0.09927
19,0.80529,479.99833,89,-0.25254,-0.23287,0.08643
19,0.80529,479.99833,90,-0.1814,-0.15891,0.17442
19,0.80529,479.99833,91,-0.13919,-0.36897,0.21225
19,0.80529,479.99833,92,-0.15319,-0.27533,0.27072
19,0.80529,479.99833,93,-0.14681,-0.3578,0.24805
19,0.80529,479.99833,94,-0.19947,-0.59217,0.17765
19,0.80529,479.99833,95,-0.24686,-0.61103,0.11465
19,0.80529,479.99833,96,-0.24856,-0.36868,0.246
19,0.80529,479.99833,97,-0.27972,-0.22533,0.1072
19,0.80529,479.99833,98,-0.36274,-0.20198,0.10903
19,0.80529,479.99833,99,-0.40109,-0.29669,0.12135
19,0.80529,479.99833,100,-0.30403,-0.1268,0.25207
19,0.80529,479.99833,101,-0.24478,-0.32919,0.316
19,0.80529,479.99833,102,-0.29433,-0.33138,0.17806
19,0.80529,479.99833,103,-0.25159,-0.23198,0.10962
19,0.80529,479.99833,104,-0.33257,-0.19841,0.0783
19,0.80529,479.99833,105,-0.24251,-0.1644,0.09205
19,0.80529,479.99833,106,-0.29218,-0.08539,0.20171
19,0.80529,479.99833,107,-0.41997,-0.10946,0.30818
19,0.80529,479.99833,108,-0.26099,-0.29545,0.22671
19,0.80529,479.99833,109,-0.21935,-0.36362,0.09932
19,0.80529,479.99833,110,-0.27965,-0.36543,0.05804
19,0.80529,479.99833,111,-0.39367,-0.40033,0.14166
19,0.80529,479.99833,112,-0.2277,-0.34445,0.22332
19,0.80529,479.99833,113,-0.20557,-0.40632,0.17547
19,0.80529,479.99833,114,-0.21417,-0.26494,0.15256
20,0.80529,479.99833,1,-0.26627,0.12452,0.65534
20,0.80529,479.99833,2,-0.37336,0.27172,0.87823
20,0.80529,479.99833,3,-0.36913,0.11212,0.73617
20,0.80529,479.99833,4,-0.31185,-0.07802,0.67126
20,0.80529,479.99833,5,-0.30852,-0.05849,0.47021
20,0.80529,479.99833,6,-0.39522,-0.11853,0.51855
20,0.80529,479.99833,7,-0.32076,-0.1473,0.33999
20,0.80529,479.99833,8,-0.26095,-0.00304,0.22031
20,0.80529,479.99833,9,-0.31834,0.12423,0.10948
20,0.80529,479.99833,10,-0.31282,0.2325,0.2977
20,0.80529,479.99833,11,-0.09446,0.33511,0.23581
20,0.80529,479.99833,12,-0.20243,0.29677,0.31273
20,0.80529,479.99833,13,-0.18626,0.32418,0.21468
20,0.80529,479.99833,14,-0.23393,0.38141,0.35071
20,0.80529,479.99833,15,-0.26875,0.25594,0.31819
20,0.80529,479.99833,16,-0.24407,0.12217,0.33488
20,0.80529,479.99833,17,-0.13469,0.32751,0.41802
20,0.80529,479.99833,18,-0.21703,0.29448,0.534
20,0.80529,479.99833,19,-0.04652,0.16427,0.57006
20,0.80529,479.99833,20,-0.07112,0.05174,0.57178
20,0.80529,479.99833,21,-0.08564,0.20822,0.54837
20,0.80529,479.99833,22,-0.06055,0.19947,0.51311
20,0.80529,479.99833,23,-0.08968,0.12901,0.46452
20,0.80529,479.99833,24,-0.19485,0.03762,0.49646
20,0.80529,479.99833,25,-0.04154,0.04805,0.53333
20,0.80529,479.99833,26,0.11482,0.2309,0.53962
20,0.80529,479.99833,27,0.16762,0.16658,0.50322
20,0.80529,479.99833,28,0.17874,0.0925,0.47563
20,0.80529,479.99833,29,0.29116,0.07929,0.39572
20,0.80529,479.99833,30,0.28466,0.08364,0.23785
20,0.80529,479.99833,31,0.25702,-0.01089,0.10009
20,0.80529,479.99833,32,0.18927,0.11068,0.29879
20,0.80529,479.99833,33,0.21758,0.12417,0.14049
20,0.80529,479.99833,34,0.24848,-0.00325,0.32931
20,0.80529,479.99833,35,0.30443,0.06083,0.25108
20,0.80529,479.99833,36,0.34241,0.0831,0.24964
20,0.80529,479.99833,37,0.37104,-0.04779,0.13059
20,0.80529,479.99833,38,0.34526,-0.04837,0.24858
20,0.80529,479.99833,39,0.38815,-0.04019,0.26289
20,0.80529,479.99833,40,0.39785,-0.03416,0.28897
20,0.80529,479.99833,41,0.29586,-0.11099,0.21872
20,0.80529,479.99833,42,0.25923,-0.08212,0.28527
20,0.80529,479.99833,43,0.20506,-0.16418,0.16838
20,0.80529,479.99833,44,0.09986,-0.34523,0.24873
20,0.80529,479.99833,45,0.18509,-0.39444,0.12375
20,0.80529,479.99833,46,0.14576,-0.40672,0.12334
20,0.80529,479.99833,47,0.09233,-0.22693,0.09623
20,0.80529,479.99833,48,0.13375,-0.23182,0.08019
20,0.80529,479.99833,49,0.13831,-0.25148,0.0735
20,0.80529,479.99833,50,-0.04969,-0.17854,0.0672
20,0.80529,479.99833,51,0.05269,-0.09938,0.15602
20,0.80529,479.99833,52,-0.00214,-0.11123,0.10021
20,0.80529,479.99833,53,-0.11442,-0.23074,0.10611
20,0.80529,479.99833,54,-0.10783,-0.17968,0.1649
20,0.80529,479.99833,55,-0.16592,-0.02716,0.21864
20,0.80529,479.99833,56,-0.24687,-0.29548,0.21304
20,0.80529,479.99833,57,-0.27221,-0.26023,0.1323
20,0.80529,479.99833,58,-0.14535,-0.14568,0.1028
20,0.80529,479.99833,59,-0.33925,0.04234,0.0463
20,0.80529,479.99833,60,-0.20313,-0.01154,0.09598
20,0.80529,479.99833,61,-0.11589,0.06837,0.18752
20,0.80529,479.99833,62,-0.06883,-0.00063,0.1222
20,0.80529,479.99833,63,-0.10298,0.03117,0.18376
20,0.80529,479.99833,64,-0.28276,0.02016,0.15469
20,0.80529,479.99833,65,-0.38725,-0.1508,0.14924
20,0.80529,479.99833,66,-0.26011,-0.1832,0.24807
20,0.80529,479.99833,67,-0.18284,-0.39962,0.22041
20,0.80529,479.99833,68,-0.13557,-0.3867,0.09128
20,0.80529,479.99833,69,-0.28861,-0.13547,0.08438
20,0.80529,479.99833,70,-0.2896,-0.13932,0.07262
20,0.80529,479.99833,71,-0.40163,-0.27327,0.06802
20,0.80529,479.99833,72,-0.36696,-0.28898,0.02014
20,0.80529,479.99833,73,-0.34105,-0.33745,0.05043
20,0.80529,479.99833,74,-0.20512,-0.00648,0.15124
20,0.80529,479.99833,75,-0.18622,-0.18006,0.15751
20,0.80529,479.99833,76,-0.35597,-0.21346,0.19165
20,0.80529,479.99833,77,-0.41223,-0.34176,0.12922
20,0.80529,479.99833,78,-0.3395,-0.35393,0.20161
20,0.80529,479.99833,79,-0.24106,-0.35973,0.23501
20,0.80529,479.99833,80,-0.18082,-0.31865,0.0836
20,0.80529,479.99833,81,-0.23394,-0.29958,0.06177
20,0.80529,479.99833,82,-0.22769,-0.20827,0.12751
20,0.80529,479.99833,83,-0.21341,-0.33376,0.1163
20,0.80529,479.99833,84,-0.29906,-0.26478,0.10495
20,0.80529,479.99833,85,-0.26556,-0.38639,0.0914
20,0.80529,479.99833,86,-0.36131,-0.37955,0.08813
20,0.80529,479.99833,87,-0.36007,-0.32869,0.03772
20,0.80529,479.99833,88,-0.39568,-0.34626,0.09927
20,0.80529,479.99833,89,-0.25254,-0.23287,0.08643
20,0.80529,479.99833,90,-0.1814,-0.15891,0.17442
20,0.80529,479.99833,91,-0.13919,-0.36897,0.21225
20,0.80529,479.99833,92,-0.15319,-0.27533,0.27072
20,0.80529,479.99833,93,-0.14681,-0.3578,0.24805
20,0.80529,479.99833,94,-0.19947,-0.59217,0.17765
20,0.80529,479.99833,95,-0.24686,-0.61103,0.11465
20,0.80529,479.99833,96,-0.24856,-0.36868,0.246
20,0.80529,479.99833,97,-0.27972,-0.22533,0.1072
20,0.80529,479.99833,98,-0.36274,-0.20198,0.10903
20,0.80529,479.99833,99,-0.40109,-0.29669,0.12135
20,0.80529,479.99833,100,-0.30403,-0.1268,0.25207
20,0.80529,479.99833,101,-0.24478,-0.32919,0.316
20,0.80529,479.99833,102,-0.29433,-0.33138,0.17806
20,0.80529,479.99833,103,-0.25159,-0.23198,0.10962
20,0.80529,479.99833,104,-0.33257,-0.19841,0.0783
20,0.80529,479.99833,105,-0.24251,-0.1644,0.09205
20,0.80529,479.99833,106,-0.29218,-0.08539,0.20171
20,0.80529,479.99833,107,-0.41997,-0.10946,0.30818
20,0.80529,479.99833,108,-0.26099,-0.29545,0.22671
20,0.80529,479.99833,109,-0.21935,-0.36362,0.09932
20,0.80529,479.99833,110,-0.27965,-0.36543,0.05804
20,0.80529,479.99833,111,-0.39367,-0.40033,0.14166
20,0.80529,479.99833,112,-0.2277,-0.34445,0.22332
20,0.80529,479.99833,113,-0.20557,-0.40632,0.17547
20,0.80529,479.99833,114,-0.21417,-0.26494,0.15256
