particle,elasticity,weight,frame,x,y,z
1,0.95788,222.3702,1,-0.11851,0.19457,0.09401
1,0.95788,222.3702,2,-0.05845,0.33928,0.22067
1,0.95788,222.3702,3,0.02189,0.37639,0.19443
1,0.95788,222.3702,4,-0.04493,0.28829,0.44474
1,0.95788,222.3702,5,0.0786,0.2036,0.41466
1,0.95788,222.3702,6,-0.07145,0.32107,0.47937
1,0.95788,222.3702,7,0.14137,0.17686,0.58506
1,0.95788,222.3702,8,0.14052,0.09299,0.5527
1,0.95788,222.3702,9,0.14847,0.04995,0.63245
1,0.95788,222.3702,10,0.18904,0.05658,0.78118
1,0.95788,222.3702,11,0.19827,0.07802,0.77656
1,0.95788,222.3702,12,0.21751,0.10519,0.8926
1,0.95788,222.3702,13,0.12899,0.13305,0.7758
1,0.95788,222.3702,14,0.25723,0.06536,0.84798
1,0.95788,222.3702,15,0.32753,0.16319,0.89303
1,0.95788,222.3702,16,0.29328,0.14001,0.88229
1,0.95788,222.3702,17,0.15039,0.13802,0.7252
1,0.95788,222.3702,18,0.07709,0.13304,0.60982
1,0.95788,222.3702,19,0.15382,-0.15753,0.31237
1,0.95788,222.3702,20,0.34383,-0.04483,0.16129
1,0.95788,222.3702,21,0.25468,0.04816,0.1265
1,0.95788,222.3702,22,0.3634,-0.11265,0.14872
1,0.95788,222.3702,23,0.21915,-0.19758,0.19902
1,0.95788,222.3702,24,0.20182,-0.27983,0.14854
1,0.95788,222.3702,25,0.27323,-0.38121,0.21364
1,0.95788,222.3702,26,0.22831,-0.33766,0.43802
1,0.95788,222.3702,27,0.26623,-0.26116,0.68852
1,0.95788,222.3702,28,0.31969,-0.20225,0.5531
1,0.95788,222.3702,29,0.3676,-0.14849,0.66203
1,0.95788,222.3702,30,0.37825,-0.3362,0.63983
1,0.95788,222.3702,31,0.25858,-0.35088,0.53978
1,0.95788,222.3702,32,0.38721,-0.30217,0.46621
1,0.95788,222.3702,33,0.39937,-0.24393,0.48941
1,0.95788,222.3702,34,0.35989,-0.18358,0.61248
1,0.95788,222.3702,35,0.40106,-0.17579,0.45314
1,0.95788,222.3702,36,0.26986,-0.39224,0.20745
1,0.95788,222.3702,37,0.34541,-0.27625,0.11597
1,0.95788,222.3702,38,0.29373,-0.59409,0.0818
1,0.95788,222.3702,39,0.26765,-0.37899,0.1516
1,0.95788,222.3702,40,0.11786,-0.32723,0.28314
1,0.95788,222.3702,41,0.12002,-0.36475,0.20106
1,0.95788,222.3702,42,0.07577,-0.26913,0.12055
1,0.95788,222.3702,43,0.18542,-0.33941,0.13433
1,0.95788,222.3702,44,0.16515,-0.37507,0.11057
1,0.95788,222.3702,45,0.22925,-0.21526,0.36681
1,0.95788,222.3702,46,0.10551,-0.29674,0.40213
1,0.95788,222.3702,47,0.17593,-0.21741,0.39424
1,0.95788,222.3702,48,0.1173,-0.13307,0.11076
1,0.95788,222.3702,49,0.19506,-0.16219,0.11813
1,0.95788,222.3702,50,0.08204,-0.15633,0.22876
1,0.95788,222.3702,51,0.12761,-0.2635,0.12329
1,0.95788,222.3702,52,0.06186,-0.135,0.2851
1,0.95788,222.3702,53,-0.00593,-0.09514,0.19126
1,0.95788,222.3702,54,-0.08073,-0.22574,0.07075
1,0.95788,222.3702,55,0.01942,-0.10043,0.26285
1,0.95788,222.3702,56,-8.0e-5,-0.02831,0.26407
2,0.83003,229.14408,1,-0.11851,0.19457,0.09215
2,0.83003,229.14408,2,-0.05843,0.3393,0.20405
2,0.83003,229.14408,3,0.02192,0.37857,0.18008
2,0.83003,229.14408,4,-0.04489,0.29307,0.43311
2,0.83003,229.14408,5,0.07866,0.20835,0.40313
2,0.83003,229.14408,6,-0.07138,0.32577,0.46793
2,0.83003,229.14408,7,0.14146,0.18153,0.57369
2,0.83003,229.14408,8,0.14062,0.09762,0.54138
2,0.83003,229.14408,9,0.14857,0.05456,0.62118
2,0.83003,229.14408,10,0.18915,0.06116,0.76996
2,0.83003,229.14408,11,0.19838,0.08258,0.76537
2,0.83003,229.14408,12,0.2193,0.1107,0.88916
2,0.83003,229.14408,13,0.13077,0.13853,0.77237
2,0.83003,229.14408,14,0.259,0.07082,0.84456
2,0.83003,229.14408,15,0.32929,0.16863,0.88964
2,0.83003,229.14408,16,0.29503,0.14542,0.87892
2,0.83003,229.14408,17,0.15213,0.1434,0.72185
2,0.83003,229.14408,18,0.07882,0.1384,0.6065
2,0.83003,229.14408,19,0.15553,-0.1522,0.30908
2,0.83003,229.14408,20,0.34553,-0.03954,0.15803
2,0.83003,229.14408,21,0.25701,0.05105,0.1188
2,0.83003,229.14408,22,0.36572,-0.10979,0.14112
2,0.83003,229.14408,23,0.22146,-0.19474,0.1915
2,0.83003,229.14408,24,0.20413,-0.277,0.1411
2,0.83003,229.14408,25,0.27553,-0.3784,0.20627
2,0.83003,229.14408,26,0.2306,-0.33487,0.43071
2,0.83003,229.14408,27,0.26852,-0.25839,0.68126
2,0.83003,229.14408,28,0.32197,-0.19949,0.54587
2,0.83003,229.14408,29,0.36989,-0.14574,0.65484
2,0.83003,229.14408,30,0.37889,-0.33436,0.63527
2,0.83003,229.14408,31,0.25922,-0.34905,0.53523
2,0.83003,229.14408,32,0.38784,-0.30035,0.46167
2,0.83003,229.14408,33,0.39937,-0.24211,0.48504
2,0.83003,229.14408,34,0.3599,-0.18176,0.60812
2,0.83003,229.14408,35,0.40106,-0.17399,0.44881
2,0.83003,229.14408,36,0.26977,-0.39373,0.20232
2,0.83003,229.14408,37,0.3441,-0.27723,0.11451
2,0.83003,229.14408,38,0.29226,-0.59229,0.0818
2,0.83003,229.14408,39,0.26702,-0.38465,0.1516
2,0.83003,229.14408,40,0.11723,-0.33284,0.28315
2,0.83003,229.14408,41,0.11939,-0.37031,0.20106
2,0.83003,229.14408,42,0.07515,-0.27464,0.12054
2,0.83003,229.14408,43,0.1848,-0.34486,0.13431
2,0.83003,229.14408,44,0.16448,-0.37998,0.10857
2,0.83003,229.14408,45,0.22851,-0.2195,0.36238
2,0.83003,229.14408,46,0.15608,-0.23431,0.20269
2,0.83003,229.14408,47,-0.00594,-0.26074,0.08447
2,0.83003,229.14408,48,-0.06442,-0.28058,0.19694
2,0.83003,229.14408,49,0.00051,-0.30792,0.22802
2,0.83003,229.14408,50,0.00915,-0.10973,0.08305
2,0.83003,229.14408,51,-0.10493,-0.03882,0.09164
2,0.83003,229.14408,52,-0.11338,-0.14862,0.12621
2,0.83003,229.14408,53,-0.09519,-0.11572,0.08885
2,0.83003,229.14408,54,-0.0339,-0.108,0.21529
2,0.83003,229.14408,55,-0.03933,-0.07639,0.2232
2,0.83003,229.14408,56,0.08184,-0.03343,0.22542
3,0.90532,221.12629,1,-0.11851,0.19457,0.09325
3,0.90532,221.12629,2,-0.05844,0.33929,0.21384
3,0.90532,221.12629,3,0.0219,0.37729,0.18854
3,0.90532,221.12629,4,-0.04491,0.29026,0.43996
3,0.90532,221.12629,5,0.07863,0.20555,0.40993
3,0.90532,221.12629,6,-0.07142,0.323,0.47467
3,0.90532,221.12629,7,0.14141,0.17878,0.58039
3,0.90532,221.12629,8,0.14056,0.09489,0.54805
3,0.90532,221.12629,9,0.14851,0.05184,0.62783
3,0.90532,221.12629,10,0.18908,0.05845,0.77658
3,0.90532,221.12629,11,0.19831,0.07989,0.77197
3,0.90532,221.12629,12,0.21854,0.10763,0.8926
3,0.90532,221.12629,13,0.13002,0.13548,0.7758
3,0.90532,221.12629,14,0.25826,0.06778,0.84797
3,0.90532,221.12629,15,0.32856,0.16559,0.89303
3,0.90532,221.12629,16,0.2943,0.14241,0.88228
3,0.90532,221.12629,17,0.15141,0.14039,0.72519
3,0.90532,221.12629,18,0.0781,0.1354,0.60981
3,0.90532,221.12629,19,0.15482,-0.15518,0.31236
3,0.90532,221.12629,20,0.34482,-0.0425,0.16127
3,0.90532,221.12629,21,0.256,0.04954,0.12279
3,0.90532,221.12629,22,0.36472,-0.11128,0.14506
3,0.90532,221.12629,23,0.22046,-0.19622,0.1954
3,0.90532,221.12629,24,0.20313,-0.27848,0.14496
3,0.90532,221.12629,25,0.27453,-0.37987,0.2101
3,0.90532,221.12629,26,0.22961,-0.33633,0.43451
3,0.90532,221.12629,27,0.26753,-0.25984,0.68503
3,0.90532,221.12629,28,0.32098,-0.20093,0.54962
3,0.90532,221.12629,29,0.36889,-0.14718,0.65857
3,0.90532,221.12629,30,0.37832,-0.3353,0.63769
3,0.90532,221.12629,31,0.25865,-0.34999,0.53764
3,0.90532,221.12629,32,0.38727,-0.30128,0.46407
3,0.90532,221.12629,33,0.39937,-0.24304,0.4873
3,0.90532,221.12629,34,0.35989,-0.18269,0.61037
3,0.90532,221.12629,35,0.40106,-0.17491,0.45104
3,0.90532,221.12629,36,0.26982,-0.39294,0.20497
3,0.90532,221.12629,37,0.34484,-0.27671,0.11561
3,0.90532,221.12629,38,0.29307,-0.59331,0.0818
3,0.90532,221.12629,39,0.26737,-0.38136,0.1516
3,0.90532,221.12629,40,0.11758,-0.32958,0.28315
3,0.90532,221.12629,41,0.11974,-0.36708,0.20106
3,0.90532,221.12629,42,0.07549,-0.27144,0.12054
3,0.90532,221.12629,43,0.18514,-0.34169,0.13432
3,0.90532,221.12629,44,0.16485,-0.37713,0.10975
3,0.90532,221.12629,45,0.22892,-0.21705,0.36499
3,0.90532,221.12629,46,0.10518,-0.29852,0.40032
3,0.90532,221.12629,47,0.1756,-0.21917,0.39243
3,0.90532,221.12629,48,0.11697,-0.13482,0.10896
3,0.90532,221.12629,49,0.19473,-0.16393,0.11634
3,0.90532,221.12629,50,0.08171,-0.15806,0.22698
3,0.90532,221.12629,51,0.12728,-0.26501,0.12238
3,0.90532,221.12629,52,0.06154,-0.13646,0.2843
3,0.90532,221.12629,53,-0.00625,-0.0966,0.19047
3,0.90532,221.12629,54,-0.08105,-0.22714,0.0709
3,0.90532,221.12629,55,0.01911,-0.10182,0.263
3,0.90532,221.12629,56,0.03261,0.06256,0.33369
4,0.5527,214.21532,1,-0.11851,0.19457,0.08812
4,0.5527,214.21532,2,-0.0584,0.33935,0.16797
4,0.5527,214.21532,3,0.02199,0.38329,0.14886
4,0.5527,214.21532,4,-0.0448,0.3035,0.40778
4,0.5527,214.21532,5,0.07878,0.2187,0.37797
4,0.5527,214.21532,6,-0.07123,0.33606,0.44291
4,0.5527,214.21532,7,0.14163,0.19176,0.54879
4,0.5527,214.21532,8,0.1408,0.1078,0.51658
4,0.5527,214.21532,9,0.14877,0.06469,0.59647
4,0.5527,214.21532,10,0.18935,0.07125,0.74532
4,0.5527,214.21532,11,0.19857,0.09265,0.74083
4,0.5527,214.21532,12,0.21947,0.12074,0.86473
4,0.5527,214.21532,13,0.13093,0.14855,0.74807
4,0.5527,214.21532,14,0.25914,0.08081,0.82041
4,0.5527,214.21532,15,0.32941,0.17858,0.86567
4,0.5527,214.21532,16,0.29513,0.15535,0.85514
4,0.5527,214.21532,17,0.1522,0.15328,0.6983
4,0.5527,214.21532,18,0.07886,0.14824,0.58319
4,0.5527,214.21532,19,0.15555,-0.14241,0.28604
4,0.5527,214.21532,20,0.34552,-0.02979,0.13528
4,0.5527,214.21532,21,0.25763,0.05486,0.10496
4,0.5527,214.21532,22,0.36636,-0.106,0.12744
4,0.5527,214.21532,23,0.22211,-0.19098,0.17797
4,0.5527,214.21532,24,0.20479,-0.27327,0.1277
4,0.5527,214.21532,25,0.2762,-0.37469,0.19298
4,0.5527,214.21532,26,0.23128,-0.33118,0.41752
4,0.5527,214.21532,27,0.26921,-0.25471,0.66815
4,0.5527,214.21532,28,0.32267,-0.19583,0.53283
4,0.5527,214.21532,29,0.3706,-0.1421,0.64185
4,0.5527,214.21532,30,0.38244,-0.33218,0.62616
4,0.5527,214.21532,31,0.26277,-0.34687,0.52614
4,0.5527,214.21532,32,0.39138,-0.29818,0.4526
4,0.5527,214.21532,33,0.39937,-0.23995,0.47688
4,0.5527,214.21532,34,0.3599,-0.17961,0.6
4,0.5527,214.21532,35,0.40106,-0.17184,0.44072
4,0.5527,214.21532,36,0.26953,-0.39568,0.19329
4,0.5527,214.21532,37,0.34094,-0.27843,0.10851
4,0.5527,214.21532,38,0.2892,-0.58908,0.0818
4,0.5527,214.21532,39,0.2657,-0.39598,0.15161
4,0.5527,214.21532,40,0.11591,-0.34407,0.28315
4,0.5527,214.21532,41,0.11809,-0.38144,0.20105
4,0.5527,214.21532,42,0.07384,-0.28567,0.12052
4,0.5527,214.21532,43,0.1835,-0.35579,0.13427
4,0.5527,214.21532,44,0.16307,-0.38972,0.10423
4,0.5527,214.21532,45,0.22695,-0.22781,0.35271
4,0.5527,214.21532,46,0.15452,-0.24256,0.19306
4,0.5527,214.21532,47,-0.00754,-0.26819,0.08506
4,0.5527,214.21532,48,-0.06602,-0.28798,0.19754
4,0.5527,214.21532,49,-0.00108,-0.31528,0.22862
4,0.5527,214.21532,50,-0.03543,-0.14222,0.09857
4,0.5527,214.21532,51,-0.15705,-0.26574,0.04369
4,0.5527,214.21532,52,0.02237,-0.20907,0.32041
4,0.5527,214.21532,53,-0.10367,-0.16369,0.28202
4,0.5527,214.21532,54,-0.24744,-0.20816,0.32643
4,0.5527,214.21532,55,-0.27167,-0.2394,0.50029
4,0.5527,214.21532,56,-0.25911,0.09483,0.66148
5,0.71583,220.63135,1,-0.11851,0.19457,0.09049
5,0.71583,220.63135,2,-0.05842,0.33932,0.1892
5,0.71583,220.63135,3,0.02195,0.38051,0.16724
5,0.71583,220.63135,4,-0.04485,0.29736,0.4227
5,0.71583,220.63135,5,0.07871,0.2126,0.3928
5,0.71583,220.63135,6,-0.07132,0.32999,0.45766
5,0.71583,220.63135,7,0.14153,0.18573,0.56347
5,0.71583,220.63135,8,0.1407,0.10179,0.53121
5,0.71583,220.63135,9,0.14866,0.05871,0.61105
5,0.71583,220.63135,10,0.18924,0.06529,0.75986
5,0.71583,220.63135,11,0.19847,0.0867,0.75531
5,0.71583,220.63135,12,0.21938,0.1148,0.87914
5,0.71583,220.63135,13,0.13085,0.14263,0.76239
5,0.71583,220.63135,14,0.25907,0.07491,0.83465
5,0.71583,220.63135,15,0.32936,0.1727,0.87979
5,0.71583,220.63135,16,0.29509,0.14949,0.86914
5,0.71583,220.63135,17,0.15217,0.14745,0.71216
5,0.71583,220.63135,18,0.07885,0.14243,0.59691
5,0.71583,220.63135,19,0.15555,-0.14819,0.29959
5,0.71583,220.63135,20,0.34554,-0.03554,0.14865
5,0.71583,220.63135,21,0.25727,0.05269,0.11386
5,0.71583,220.63135,22,0.36599,-0.10816,0.13624
5,0.71583,220.63135,23,0.22173,-0.19312,0.18668
5,0.71583,220.63135,24,0.2044,-0.2754,0.13632
5,0.71583,220.63135,25,0.27581,-0.37681,0.20154
5,0.71583,220.63135,26,0.23089,-0.33328,0.42601
5,0.71583,220.63135,27,0.26881,-0.25681,0.67659
5,0.71583,220.63135,28,0.32226,-0.19792,0.54123
5,0.71583,220.63135,29,0.37018,-0.14418,0.65022
5,0.71583,220.63135,30,0.38033,-0.33341,0.63204
5,0.71583,220.63135,31,0.26065,-0.3481,0.53201
5,0.71583,220.63135,32,0.38927,-0.2994,0.45845
5,0.71583,220.63135,33,0.39937,-0.24117,0.48219
5,0.71583,220.63135,34,0.3599,-0.18083,0.60528
5,0.71583,220.63135,35,0.40106,-0.17306,0.44598
5,0.71583,220.63135,36,0.26969,-0.39462,0.19906
5,0.71583,220.63135,37,0.34297,-0.2778,0.11218
5,0.71583,220.63135,38,0.29112,-0.5909,0.0818
5,0.71583,220.63135,39,0.26653,-0.38944,0.1516
5,0.71583,220.63135,40,0.11674,-0.33759,0.28315
5,0.71583,220.63135,41,0.11891,-0.37502,0.20106
5,0.71583,220.63135,42,0.07466,-0.2793,0.12053
5,0.71583,220.63135,43,0.18431,-0.34948,0.13429
5,0.71583,220.63135,44,0.16396,-0.38411,0.10679
5,0.71583,220.63135,45,0.22794,-0.22305,0.35841
5,0.71583,220.63135,46,0.1042,-0.30448,0.39377
5,0.71583,220.63135,47,0.17463,-0.22509,0.38591
5,0.71583,220.63135,48,0.11599,-0.14071,0.10246
5,0.71583,220.63135,49,0.19376,-0.16978,0.10987
5,0.71583,220.63135,50,-0.01541,-0.19313,0.11266
5,0.71583,220.63135,51,-0.00863,-0.1411,0.20205
5,0.71583,220.63135,52,0.00506,-0.08729,0.17124
5,0.71583,220.63135,53,0.13337,-0.1702,0.16094
5,0.71583,220.63135,54,0.16148,0.07173,0.13805
5,0.71583,220.63135,55,0.19915,0.00951,0.08858
5,0.71583,220.63135,56,0.33149,-0.05155,0.09098
6,0.73395,225.70284,1,-0.11851,0.19457,0.09076
6,0.73395,225.70284,2,-0.05842,0.33932,0.19156
6,0.73395,225.70284,3,0.02195,0.3802,0.16928
6,0.73395,225.70284,4,-0.04486,0.29668,0.42435
6,0.73395,225.70284,5,0.0787,0.21192,0.39444
6,0.73395,225.70284,6,-0.07133,0.32932,0.45929
6,0.73395,225.70284,7,0.14152,0.18506,0.5651
6,0.73395,225.70284,8,0.14068,0.10113,0.53283
6,0.73395,225.70284,9,0.14865,0.05805,0.61266
6,0.73395,225.70284,10,0.18923,0.06463,0.76146
6,0.73395,225.70284,11,0.19846,0.08605,0.75691
6,0.73395,225.70284,12,0.21937,0.11415,0.88073
6,0.73395,225.70284,13,0.13084,0.14198,0.76398
6,0.73395,225.70284,14,0.25906,0.07426,0.83622
6,0.73395,225.70284,15,0.32935,0.17205,0.88135
6,0.73395,225.70284,16,0.29508,0.14884,0.87069
6,0.73395,225.70284,17,0.15217,0.1468,0.7137
6,0.73395,225.70284,18,0.07885,0.14179,0.59843
6,0.73395,225.70284,19,0.15555,-0.14883,0.3011
6,0.73395,225.70284,20,0.34554,-0.03618,0.15014
6,0.73395,225.70284,21,0.25723,0.05244,0.11472
6,0.73395,225.70284,22,0.36594,-0.10841,0.13708
6,0.73395,225.70284,23,0.22169,-0.19337,0.18751
6,0.73395,225.70284,24,0.20436,-0.27565,0.13715
6,0.73395,225.70284,25,0.27576,-0.37705,0.20236
6,0.73395,225.70284,26,0.23084,-0.33353,0.42682
6,0.73395,225.70284,27,0.26876,-0.25705,0.6774
6,0.73395,225.70284,28,0.32222,-0.19816,0.54203
6,0.73395,225.70284,29,0.37013,-0.14442,0.65102
6,0.73395,225.70284,30,0.3801,-0.33356,0.6326
6,0.73395,225.70284,31,0.26042,-0.34825,0.53257
6,0.73395,225.70284,32,0.38904,-0.29955,0.45901
6,0.73395,225.70284,33,0.39937,-0.24132,0.48269
6,0.73395,225.70284,34,0.3599,-0.18097,0.60578
6,0.73395,225.70284,35,0.40106,-0.1732,0.44648
6,0.73395,225.70284,36,0.2697,-0.39449,0.19962
6,0.73395,225.70284,37,0.34316,-0.27772,0.11256
6,0.73395,225.70284,38,0.29131,-0.59112,0.0818
6,0.73395,225.70284,39,0.26661,-0.3887,0.1516
6,0.73395,225.70284,40,0.11682,-0.33685,0.28315
6,0.73395,225.70284,41,0.11899,-0.37429,0.20106
6,0.73395,225.70284,42,0.07474,-0.27858,0.12053
6,0.73395,225.70284,43,0.1844,-0.34876,0.13429
6,0.73395,225.70284,44,0.16405,-0.38347,0.10707
6,0.73395,225.70284,45,0.22803,-0.2225,0.35904
6,0.73395,225.70284,46,0.1556,-0.23728,0.19936
6,0.73395,225.70284,47,-0.00642,-0.2634,0.08497
6,0.73395,225.70284,48,-0.0649,-0.28322,0.19745
6,0.73395,225.70284,49,2.0e-5,-0.31054,0.22852
6,0.73395,225.70284,50,-0.03433,-0.13759,0.09856
6,0.73395,225.70284,51,-0.15596,-0.26127,0.04369
6,0.73395,225.70284,52,-0.05992,-0.20625,0.19163
6,0.73395,225.70284,53,-0.06144,-0.15771,0.29653
6,0.73395,225.70284,54,-0.03036,-0.21736,0.21692
6,0.73395,225.70284,55,-0.02196,-0.10066,0.28542
6,0.73395,225.70284,56,0.07991,-0.01878,0.48839
7,0.8226,220.73553,1,-0.11851,0.19457,0.09205
7,0.8226,220.73553,2,-0.05843,0.3393,0.20308
7,0.8226,220.73553,3,0.02193,0.37869,0.17925
7,0.8226,220.73553,4,-0.04489,0.29335,0.43243
7,0.8226,220.73553,5,0.07866,0.20862,0.40246
7,0.8226,220.73553,6,-0.07137,0.32604,0.46726
7,0.8226,220.73553,7,0.14146,0.1818,0.57302
7,0.8226,220.73553,8,0.14062,0.09789,0.54072
7,0.8226,220.73553,9,0.14858,0.05483,0.62053
7,0.8226,220.73553,10,0.18915,0.06143,0.7693
7,0.8226,220.73553,11,0.19839,0.08285,0.76472
7,0.8226,220.73553,12,0.2193,0.11096,0.88851
7,0.8226,220.73553,13,0.13077,0.1388,0.77172
7,0.8226,220.73553,14,0.25901,0.07109,0.84392
7,0.8226,220.73553,15,0.3293,0.16889,0.889
7,0.8226,220.73553,16,0.29504,0.14569,0.87828
7,0.8226,220.73553,17,0.15213,0.14366,0.72122
7,0.8226,220.73553,18,0.07882,0.13866,0.60588
7,0.8226,220.73553,19,0.15553,-0.15194,0.30846
7,0.8226,220.73553,20,0.34553,-0.03928,0.15742
7,0.8226,220.73553,21,0.25703,0.05116,0.11851
7,0.8226,220.73553,22,0.36574,-0.10968,0.14083
7,0.8226,220.73553,23,0.22148,-0.19463,0.19122
7,0.8226,220.73553,24,0.20415,-0.2769,0.14082
7,0.8226,220.73553,25,0.27555,-0.37829,0.20599
7,0.8226,220.73553,26,0.23062,-0.33477,0.43044
7,0.8226,220.73553,27,0.26854,-0.25828,0.68098
7,0.8226,220.73553,28,0.32199,-0.19939,0.5456
7,0.8226,220.73553,29,0.36991,-0.14564,0.65457
7,0.8226,220.73553,30,0.37898,-0.33429,0.63508
7,0.8226,220.73553,31,0.25931,-0.34898,0.53504
7,0.8226,220.73553,32,0.38793,-0.30028,0.46148
7,0.8226,220.73553,33,0.39937,-0.24205,0.48488
7,0.8226,220.73553,34,0.3599,-0.1817,0.60796
7,0.8226,220.73553,35,0.40106,-0.17392,0.44864
7,0.8226,220.73553,36,0.26977,-0.39379,0.20213
7,0.8226,220.73553,37,0.34403,-0.27727,0.11436
7,0.8226,220.73553,38,0.29219,-0.5922,0.0818
7,0.8226,220.73553,39,0.26699,-0.38497,0.1516
7,0.8226,220.73553,40,0.1172,-0.33316,0.28315
7,0.8226,220.73553,41,0.11937,-0.37063,0.20106
7,0.8226,220.73553,42,0.07512,-0.27495,0.12054
7,0.8226,220.73553,43,0.18477,-0.34517,0.1343
7,0.8226,220.73553,44,0.16445,-0.38025,0.10846
7,0.8226,220.73553,45,0.22848,-0.21974,0.36212
7,0.8226,220.73553,46,0.10474,-0.30119,0.39746
7,0.8226,220.73553,47,0.17516,-0.22183,0.38959
7,0.8226,220.73553,48,0.11653,-0.13746,0.10613
7,0.8226,220.73553,49,0.1943,-0.16655,0.11352
7,0.8226,220.73553,50,0.08128,-0.16067,0.22417
7,0.8226,220.73553,51,0.12685,-0.26729,0.12079
7,0.8226,220.73553,52,0.06111,-0.1387,0.28287
7,0.8226,220.73553,53,-0.00668,-0.09882,0.18904
7,0.8226,220.73553,54,-0.08147,-0.22927,0.07113
7,0.8226,220.73553,55,0.01869,-0.10393,0.26323
7,0.8226,220.73553,56,0.08294,0.08502,0.24571
8,0.67353,227.43863,1,-0.11851,0.19457,0.08988
8,0.67353,227.43863,2,-0.05842,0.33933,0.1837
8,0.67353,227.43863,3,0.02196,0.38123,0.16248
8,0.67353,227.43863,4,-0.04484,0.29895,0.41884
8,0.67353,227.43863,5,0.07873,0.21418,0.38896
8,0.67353,227.43863,6,-0.07129,0.33156,0.45384
8,0.67353,227.43863,7,0.14156,0.18729,0.55968
8,0.67353,227.43863,8,0.14073,0.10335,0.52743
8,0.67353,227.43863,9,0.14869,0.06025,0.60728
8,0.67353,227.43863,10,0.18927,0.06683,0.7561
8,0.67353,227.43863,11,0.1985,0.08824,0.75156
8,0.67353,227.43863,12,0.21941,0.11633,0.87541
8,0.67353,227.43863,13,0.13087,0.14416,0.75869
8,0.67353,227.43863,14,0.2591,0.07643,0.83096
8,0.67353,227.43863,15,0.32937,0.17422,0.87613
8,0.67353,227.43863,16,0.2951,0.151,0.86551
8,0.67353,227.43863,17,0.15218,0.14896,0.70857
8,0.67353,227.43863,18,0.07886,0.14393,0.59335
8,0.67353,227.43863,19,0.15556,-0.14669,0.29607
8,0.67353,227.43863,20,0.34554,-0.03405,0.14518
8,0.67353,227.43863,21,0.25737,0.05327,0.11176
8,0.67353,227.43863,22,0.36608,-0.10758,0.13416
8,0.67353,227.43863,23,0.22183,-0.19254,0.18462
8,0.67353,227.43863,24,0.2045,-0.27483,0.13429
8,0.67353,227.43863,25,0.27591,-0.37624,0.19952
8,0.67353,227.43863,26,0.23099,-0.33272,0.42401
8,0.67353,227.43863,27,0.26891,-0.25624,0.6746
8,0.67353,227.43863,28,0.32237,-0.19736,0.53925
8,0.67353,227.43863,29,0.37029,-0.14362,0.64825
8,0.67353,227.43863,30,0.38087,-0.33308,0.63066
8,0.67353,227.43863,31,0.2612,-0.34777,0.53063
8,0.67353,227.43863,32,0.38981,-0.29907,0.45708
8,0.67353,227.43863,33,0.39937,-0.24084,0.48096
8,0.67353,227.43863,34,0.3599,-0.1805,0.60405
8,0.67353,227.43863,35,0.40106,-0.17273,0.44476
8,0.67353,227.43863,36,0.26965,-0.39492,0.19769
8,0.67353,227.43863,37,0.34249,-0.27799,0.11127
8,0.67353,227.43863,38,0.29066,-0.59042,0.0818
8,0.67353,227.43863,39,0.26633,-0.39117,0.1516
8,0.67353,227.43863,40,0.11654,-0.3393,0.28315
8,0.67353,227.43863,41,0.11871,-0.37672,0.20106
8,0.67353,227.43863,42,0.07446,-0.28099,0.12052
8,0.67353,227.43863,43,0.18412,-0.35115,0.13428
8,0.67353,227.43863,44,0.16374,-0.3856,0.10613
8,0.67353,227.43863,45,0.2277,-0.22432,0.35694
8,0.67353,227.43863,46,0.15527,-0.23909,0.19727
8,0.67353,227.43863,47,-0.00677,-0.26502,0.08512
8,0.67353,227.43863,48,-0.06525,-0.28484,0.1976
8,0.67353,227.43863,49,-0.00031,-0.31215,0.22868
8,0.67353,227.43863,50,-0.03467,-0.13914,0.09858
8,0.67353,227.43863,51,-0.15629,-0.26279,0.04369
8,0.67353,227.43863,52,-0.06025,-0.20776,0.19163
8,0.67353,227.43863,53,-0.06177,-0.1592,0.29654
8,0.67353,227.43863,54,-0.03069,-0.21884,0.21693
8,0.67353,227.43863,55,-0.02229,-0.10213,0.28543
8,0.67353,227.43863,56,-0.12943,-0.21396,0.39067
9,0.78458,223.06885,1,-0.11851,0.19457,0.09149
9,0.78458,223.06885,2,-0.05843,0.33931,0.19814
9,0.78458,223.06885,3,0.02193,0.37934,0.17497
9,0.78458,223.06885,4,-0.04487,0.29478,0.42897
9,0.78458,223.06885,5,0.07868,0.21004,0.39902
9,0.78458,223.06885,6,-0.07135,0.32745,0.46385
9,0.78458,223.06885,7,0.14149,0.1832,0.56963
9,0.78458,223.06885,8,0.14065,0.09928,0.53734
9,0.78458,223.06885,9,0.14861,0.05621,0.61716
9,0.78458,223.06885,10,0.18919,0.0628,0.76594
9,0.78458,223.06885,11,0.19842,0.08422,0.76138
9,0.78458,223.06885,12,0.21933,0.11233,0.88518
9,0.78458,223.06885,13,0.1308,0.14016,0.76841
9,0.78458,223.06885,14,0.25903,0.07245,0.84062
9,0.78458,223.06885,15,0.32932,0.17024,0.88572
9,0.78458,223.06885,16,0.29506,0.14704,0.87503
9,0.78458,223.06885,17,0.15215,0.14501,0.71799
9,0.78458,223.06885,18,0.07884,0.14,0.60268
9,0.78458,223.06885,19,0.15554,-0.15061,0.3053
9,0.78458,223.06885,20,0.34553,-0.03795,0.1543
9,0.78458,223.06885,21,0.25711,0.05171,0.11696
9,0.78458,223.06885,22,0.36583,-0.10913,0.1393
9,0.78458,223.06885,23,0.22157,-0.19408,0.18971
9,0.78458,223.06885,24,0.20424,-0.27636,0.13932
9,0.78458,223.06885,25,0.27564,-0.37776,0.20451
9,0.78458,223.06885,26,0.23072,-0.33423,0.42896
9,0.78458,223.06885,27,0.26864,-0.25775,0.67952
9,0.78458,223.06885,28,0.32209,-0.19885,0.54415
9,0.78458,223.06885,29,0.37,-0.14511,0.65312
9,0.78458,223.06885,30,0.37945,-0.33397,0.63407
9,0.78458,223.06885,31,0.25979,-0.34866,0.53404
9,0.78458,223.06885,32,0.3884,-0.29996,0.46048
9,0.78458,223.06885,33,0.39937,-0.24173,0.48399
9,0.78458,223.06885,34,0.3599,-0.18139,0.60708
9,0.78458,223.06885,35,0.40106,-0.17361,0.44777
9,0.78458,223.06885,36,0.26974,-0.3941,0.2011
9,0.78458,223.06885,37,0.34368,-0.27747,0.11359
9,0.78458,223.06885,38,0.29183,-0.59173,0.0818
9,0.78458,223.06885,39,0.26683,-0.38658,0.1516
9,0.78458,223.06885,40,0.11704,-0.33476,0.28315
9,0.78458,223.06885,41,0.11921,-0.37221,0.20106
9,0.78458,223.06885,42,0.07496,-0.27652,0.12053
9,0.78458,223.06885,43,0.18461,-0.34672,0.1343
9,0.78458,223.06885,44,0.16428,-0.38165,0.10786
9,0.78458,223.06885,45,0.22829,-0.22094,0.3608
9,0.78458,223.06885,46,0.10455,-0.30238,0.39615
9,0.78458,223.06885,47,0.17498,-0.22301,0.38828
9,0.78458,223.06885,48,0.11635,-0.13864,0.10483
9,0.78458,223.06885,49,0.19411,-0.16772,0.11222
9,0.78458,223.06885,50,0.0811,-0.16183,0.22288
9,0.78458,223.06885,51,0.12667,-0.26832,0.11999
9,0.78458,223.06885,52,0.06093,-0.1397,0.28213
9,0.78458,223.06885,53,-0.00686,-0.09981,0.18831
9,0.78458,223.06885,54,-0.08165,-0.23022,0.07123
9,0.78458,223.06885,55,0.01851,-0.10488,0.26333
9,0.78458,223.06885,56,-0.05661,-0.0507,0.3011
10,0.81184,221.79624,1,-0.11851,0.19457,0.09189
10,0.81184,221.79624,2,-0.05843,0.33931,0.20169
10,0.81184,221.79624,3,0.02193,0.37887,0.17804
10,0.81184,221.79624,4,-0.04488,0.29376,0.43145
10,0.81184,221.79624,5,0.07867,0.20902,0.40149
10,0.81184,221.79624,6,-0.07137,0.32644,0.4663
10,0.81184,221.79624,7,0.14147,0.1822,0.57206
10,0.81184,221.79624,8,0.14063,0.09829,0.53977
10,0.81184,221.79624,9,0.14859,0.05522,0.61957
10,0.81184,221.79624,10,0.18916,0.06181,0.76835
10,0.81184,221.79624,11,0.1984,0.08324,0.76377
10,0.81184,221.79624,12,0.21931,0.11135,0.88757
10,0.81184,221.79624,13,0.13078,0.13918,0.77079
10,0.81184,221.79624,14,0.25901,0.07147,0.84299
10,0.81184,221.79624,15,0.3293,0.16927,0.88807
10,0.81184,221.79624,16,0.29504,0.14607,0.87736
10,0.81184,221.79624,17,0.15214,0.14404,0.72031
10,0.81184,221.79624,18,0.07883,0.13904,0.60497
10,0.81184,221.79624,19,0.15553,-0.15157,0.30757
10,0.81184,221.79624,20,0.34553,-0.0389,0.15654
10,0.81184,221.79624,21,0.25705,0.05132,0.11809
10,0.81184,221.79624,22,0.36576,-0.10952,0.14041
10,0.81184,221.79624,23,0.2215,-0.19447,0.1908
10,0.81184,221.79624,24,0.20417,-0.27674,0.14041
10,0.81184,221.79624,25,0.27558,-0.37814,0.20559
10,0.81184,221.79624,26,0.23065,-0.33461,0.43003
10,0.81184,221.79624,27,0.26857,-0.25813,0.68058
10,0.81184,221.79624,28,0.32202,-0.19923,0.5452
10,0.81184,221.79624,29,0.36993,-0.14549,0.65417
10,0.81184,221.79624,30,0.37911,-0.3342,0.6348
10,0.81184,221.79624,31,0.25944,-0.34889,0.53477
10,0.81184,221.79624,32,0.38806,-0.30019,0.4612
10,0.81184,221.79624,33,0.39937,-0.24196,0.48464
10,0.81184,221.79624,34,0.3599,-0.18161,0.60772
10,0.81184,221.79624,35,0.40106,-0.17383,0.4484
10,0.81184,221.79624,36,0.26976,-0.39388,0.20184
10,0.81184,221.79624,37,0.34393,-0.27733,0.11414
10,0.81184,221.79624,38,0.29209,-0.59207,0.0818
10,0.81184,221.79624,39,0.26695,-0.38543,0.1516
10,0.81184,221.79624,40,0.11715,-0.33361,0.28315
10,0.81184,221.79624,41,0.11932,-0.37108,0.20106
10,0.81184,221.79624,42,0.07507,-0.2754,0.12054
10,0.81184,221.79624,43,0.18472,-0.34561,0.1343
10,0.81184,221.79624,44,0.1644,-0.38065,0.10829
10,0.81184,221.79624,45,0.22843,-0.22008,0.36175
10,0.81184,221.79624,46,0.10469,-0.30153,0.39709
10,0.81184,221.79624,47,0.17511,-0.22216,0.38922
10,0.81184,221.79624,48,0.11648,-0.1378,0.10576
10,0.81184,221.79624,49,0.19425,-0.16689,0.11315
10,0.81184,221.79624,50,0.08123,-0.161,0.2238
10,0.81184,221.79624,51,0.1268,-0.26758,0.12057
10,0.81184,221.79624,52,0.06106,-0.13898,0.28266
10,0.81184,221.79624,53,-0.00673,-0.0991,0.18884
10,0.81184,221.79624,54,-0.08152,-0.22954,0.07116
10,0.81184,221.79624,55,0.01864,-0.1042,0.26326
10,0.81184,221.79624,56,-0.01559,0.03247,0.17399
11,0.78069,222.77457,1,-0.11851,0.19457,0.09144
11,0.78069,222.77457,2,-0.05843,0.33931,0.19764
11,0.78069,222.77457,3,0.02194,0.3794,0.17454
11,0.78069,222.77457,4,-0.04487,0.29492,0.42862
11,0.78069,222.77457,5,0.07868,0.21018,0.39867
11,0.78069,222.77457,6,-0.07135,0.32759,0.4635
11,0.78069,222.77457,7,0.14149,0.18334,0.56928
11,0.78069,222.77457,8,0.14065,0.09942,0.537
11,0.78069,222.77457,9,0.14861,0.05635,0.61681
11,0.78069,222.77457,10,0.18919,0.06294,0.7656
11,0.78069,222.77457,11,0.19842,0.08436,0.76103
11,0.78069,222.77457,12,0.21933,0.11247,0.88484
11,0.78069,222.77457,13,0.1308,0.1403,0.76807
11,0.78069,222.77457,14,0.25903,0.07258,0.84028
11,0.78069,222.77457,15,0.32932,0.17038,0.88539
11,0.78069,222.77457,16,0.29506,0.14718,0.8747
11,0.78069,222.77457,17,0.15215,0.14515,0.71767
11,0.78069,222.77457,18,0.07884,0.14013,0.60236
11,0.78069,222.77457,19,0.15554,-0.15047,0.30498
11,0.78069,222.77457,20,0.34553,-0.03781,0.15398
11,0.78069,222.77457,21,0.25712,0.05177,0.1168
11,0.78069,222.77457,22,0.36584,-0.10907,0.13914
11,0.78069,222.77457,23,0.22158,-0.19403,0.18954
11,0.78069,222.77457,24,0.20425,-0.2763,0.13916
11,0.78069,222.77457,25,0.27565,-0.3777,0.20435
11,0.78069,222.77457,26,0.23073,-0.33418,0.42881
11,0.78069,222.77457,27,0.26865,-0.25769,0.67936
11,0.78069,222.77457,28,0.3221,-0.1988,0.54399
11,0.78069,222.77457,29,0.37001,-0.14506,0.65297
11,0.78069,222.77457,30,0.3795,-0.33394,0.63396
11,0.78069,222.77457,31,0.25984,-0.34863,0.53393
11,0.78069,222.77457,32,0.38845,-0.29993,0.46037
11,0.78069,222.77457,33,0.39937,-0.2417,0.4839
11,0.78069,222.77457,34,0.3599,-0.18135,0.60698
11,0.78069,222.77457,35,0.40106,-0.17358,0.44767
11,0.78069,222.77457,36,0.26974,-0.39413,0.20099
11,0.78069,222.77457,37,0.34364,-0.27749,0.11352
11,0.78069,222.77457,38,0.29179,-0.59168,0.0818
11,0.78069,222.77457,39,0.26682,-0.38675,0.1516
11,0.78069,222.77457,40,0.11703,-0.33492,0.28315
11,0.78069,222.77457,41,0.11919,-0.37237,0.20106
11,0.78069,222.77457,42,0.07495,-0.27668,0.12053
11,0.78069,222.77457,43,0.1846,-0.34688,0.1343
11,0.78069,222.77457,44,0.16427,-0.38179,0.1078
11,0.78069,222.77457,45,0.22828,-0.22106,0.36067
11,0.78069,222.77457,46,0.10454,-0.3025,0.39601
11,0.78069,222.77457,47,0.17496,-0.22313,0.38814
11,0.78069,222.77457,48,0.11633,-0.13875,0.10469
11,0.78069,222.77457,49,0.1941,-0.16784,0.11209
11,0.78069,222.77457,50,0.08108,-0.16195,0.22275
11,0.78069,222.77457,51,0.12665,-0.26842,0.1199
11,0.78069,222.77457,52,0.06091,-0.1398,0.28205
11,0.78069,222.77457,53,-0.00687,-0.09992,0.18823
11,0.78069,222.77457,54,-0.08167,-0.23032,0.07124
11,0.78069,222.77457,55,0.01849,-0.10498,0.26334
11,0.78069,222.77457,56,0.07534,-0.06945,0.26443
12,0.65077,227.28017,1,-0.11851,0.19457,0.08955
12,0.65077,227.28017,2,-0.05841,0.33933,0.18073
12,0.65077,227.28017,3,0.02197,0.38162,0.15991
12,0.65077,227.28017,4,-0.04483,0.29981,0.41675
12,0.65077,227.28017,5,0.07874,0.21503,0.38689
12,0.65077,227.28017,6,-0.07128,0.33241,0.45179
12,0.65077,227.28017,7,0.14157,0.18813,0.55763
12,0.65077,227.28017,8,0.14074,0.10418,0.52539
12,0.65077,227.28017,9,0.14871,0.06109,0.60525
12,0.65077,227.28017,10,0.18929,0.06766,0.75407
12,0.65077,227.28017,11,0.19852,0.08907,0.74955
12,0.65077,227.28017,12,0.21942,0.11716,0.8734
12,0.65077,227.28017,13,0.13088,0.14498,0.75669
12,0.65077,227.28017,14,0.25911,0.07726,0.82898
12,0.65077,227.28017,15,0.32938,0.17504,0.87416
12,0.65077,227.28017,16,0.29511,0.15182,0.86356
12,0.65077,227.28017,17,0.15219,0.14977,0.70663
12,0.65077,227.28017,18,0.07886,0.14474,0.59144
12,0.65077,227.28017,19,0.15556,-0.14589,0.29418
12,0.65077,227.28017,20,0.34554,-0.03325,0.14331
12,0.65077,227.28017,21,0.25742,0.05358,0.11057
12,0.65077,227.28017,22,0.36614,-0.10727,0.13299
12,0.65077,227.28017,23,0.22188,-0.19224,0.18346
12,0.65077,227.28017,24,0.20456,-0.27452,0.13314
12,0.65077,227.28017,25,0.27597,-0.37594,0.19838
12,0.65077,227.28017,26,0.23105,-0.33242,0.42288
12,0.65077,227.28017,27,0.26897,-0.25595,0.67347
12,0.65077,227.28017,28,0.32243,-0.19706,0.53813
12,0.65077,227.28017,29,0.37035,-0.14332,0.64713
12,0.65077,227.28017,30,0.38116,-0.3329,0.62987
12,0.65077,227.28017,31,0.26149,-0.34759,0.52985
12,0.65077,227.28017,32,0.3901,-0.2989,0.4563
12,0.65077,227.28017,33,0.39937,-0.24067,0.48025
12,0.65077,227.28017,34,0.3599,-0.18033,0.60335
12,0.65077,227.28017,35,0.40106,-0.17255,0.44406
12,0.65077,227.28017,36,0.26963,-0.39507,0.19692
12,0.65077,227.28017,37,0.34222,-0.27808,0.11078
12,0.65077,227.28017,38,0.2904,-0.59016,0.0818
12,0.65077,227.28017,39,0.26622,-0.39209,0.1516
12,0.65077,227.28017,40,0.11643,-0.34022,0.28315
12,0.65077,227.28017,41,0.1186,-0.37762,0.20106
12,0.65077,227.28017,42,0.07435,-0.28188,0.12052
12,0.65077,227.28017,43,0.18401,-0.35204,0.13428
12,0.65077,227.28017,44,0.16362,-0.38639,0.10577
12,0.65077,227.28017,45,0.22756,-0.22499,0.35614
12,0.65077,227.28017,46,0.15513,-0.23976,0.19648
12,0.65077,227.28017,47,-0.00691,-0.26563,0.08515
12,0.65077,227.28017,48,-0.06538,-0.28544,0.19763
12,0.65077,227.28017,49,-0.00044,-0.31275,0.2287
12,0.65077,227.28017,50,-0.03481,-0.13973,0.09858
12,0.65077,227.28017,51,-0.15643,-0.26335,0.04369
12,0.65077,227.28017,52,-0.06039,-0.20832,0.19163
12,0.65077,227.28017,53,-0.0619,-0.15976,0.29654
12,0.65077,227.28017,54,-0.03082,-0.21939,0.21693
12,0.65077,227.28017,55,-0.02242,-0.10268,0.28543
12,0.65077,227.28017,56,-0.0945,0.05209,0.41063
13,0.90044,226.35024,1,-0.11851,0.19457,0.09318
13,0.90044,226.35024,2,-0.05844,0.33929,0.2132
13,0.90044,226.35024,3,0.02191,0.37737,0.18799
13,0.90044,226.35024,4,-0.04491,0.29044,0.43952
13,0.90044,226.35024,5,0.07863,0.20573,0.40948
13,0.90044,226.35024,6,-0.07142,0.32318,0.47424
13,0.90044,226.35024,7,0.14141,0.17896,0.57996
13,0.90044,226.35024,8,0.14056,0.09507,0.54762
13,0.90044,226.35024,9,0.14852,0.05202,0.6274
13,0.90044,226.35024,10,0.18909,0.05863,0.77615
13,0.90044,226.35024,11,0.19832,0.08006,0.77154
13,0.90044,226.35024,12,0.21864,0.10786,0.8926
13,0.90044,226.35024,13,0.13012,0.1357,0.7758
13,0.90044,226.35024,14,0.25836,0.068,0.84797
13,0.90044,226.35024,15,0.32865,0.16582,0.89303
13,0.90044,226.35024,16,0.2944,0.14263,0.88228
13,0.90044,226.35024,17,0.1515,0.14061,0.72519
13,0.90044,226.35024,18,0.0782,0.13562,0.60981
13,0.90044,226.35024,19,0.15492,-0.15496,0.31235
13,0.90044,226.35024,20,0.34492,-0.04228,0.16127
13,0.90044,226.35024,21,0.25613,0.04967,0.12245
13,0.90044,226.35024,22,0.36484,-0.11116,0.14472
13,0.90044,226.35024,23,0.22058,-0.1961,0.19506
13,0.90044,226.35024,24,0.20325,-0.27836,0.14463
13,0.90044,226.35024,25,0.27466,-0.37974,0.20977
13,0.90044,226.35024,26,0.22973,-0.33621,0.43418
13,0.90044,226.35024,27,0.26765,-0.25972,0.6847
13,0.90044,226.35024,28,0.3211,-0.20081,0.5493
13,0.90044,226.35024,29,0.36901,-0.14706,0.65825
13,0.90044,226.35024,30,0.37832,-0.33522,0.63749
13,0.90044,226.35024,31,0.25866,-0.3499,0.53744
13,0.90044,226.35024,32,0.38728,-0.3012,0.46388
13,0.90044,226.35024,33,0.39937,-0.24296,0.4871
13,0.90044,226.35024,34,0.35989,-0.18261,0.61018
13,0.90044,226.35024,35,0.40106,-0.17483,0.45085
13,0.90044,226.35024,36,0.26982,-0.39301,0.20474
13,0.90044,226.35024,37,0.34479,-0.27675,0.11557
13,0.90044,226.35024,38,0.29301,-0.59324,0.0818
13,0.90044,226.35024,39,0.26734,-0.38158,0.1516
13,0.90044,226.35024,40,0.11755,-0.3298,0.28315
13,0.90044,226.35024,41,0.11971,-0.3673,0.20106
13,0.90044,226.35024,42,0.07546,-0.27165,0.12054
13,0.90044,226.35024,43,0.18511,-0.3419,0.13432
13,0.90044,226.35024,44,0.16482,-0.37732,0.10967
13,0.90044,226.35024,45,0.22889,-0.21721,0.36483
13,0.90044,226.35024,46,0.15646,-0.23203,0.20512
13,0.90044,226.35024,47,-0.00556,-0.25873,0.0839
13,0.90044,226.35024,48,-0.06404,-0.27858,0.19638
13,0.90044,226.35024,49,0.00088,-0.30593,0.22745
13,0.90044,226.35024,50,0.00952,-0.10783,0.08304
13,0.90044,226.35024,51,-0.10457,-0.03695,0.09164
13,0.90044,226.35024,52,-0.11301,-0.14679,0.12621
13,0.90044,226.35024,53,-0.09482,-0.11392,0.08916
13,0.90044,226.35024,54,-0.03354,-0.10622,0.21559
13,0.90044,226.35024,55,-0.03897,-0.07461,0.22351
13,0.90044,226.35024,56,0.02403,0.12701,0.08742
14,0.83582,221.77758,1,-0.11851,0.19457,0.09224
14,0.83582,221.77758,2,-0.05843,0.3393,0.2048
14,0.83582,221.77758,3,0.02192,0.37847,0.18073
14,0.83582,221.77758,4,-0.04489,0.29286,0.43364
14,0.83582,221.77758,5,0.07866,0.20813,0.40365
14,0.83582,221.77758,6,-0.07138,0.32556,0.46845
14,0.83582,221.77758,7,0.14146,0.18132,0.5742
14,0.83582,221.77758,8,0.14061,0.09741,0.5419
14,0.83582,221.77758,9,0.14857,0.05435,0.62169
14,0.83582,221.77758,10,0.18914,0.06095,0.77047
14,0.83582,221.77758,11,0.19838,0.08238,0.76588
14,0.83582,221.77758,12,0.21929,0.11049,0.88967
14,0.83582,221.77758,13,0.13076,0.13833,0.77288
14,0.83582,221.77758,14,0.259,0.07062,0.84507
14,0.83582,221.77758,15,0.32929,0.16842,0.89014
14,0.83582,221.77758,16,0.29503,0.14522,0.87941
14,0.83582,221.77758,17,0.15213,0.1432,0.72234
14,0.83582,221.77758,18,0.07882,0.13819,0.60699
14,0.83582,221.77758,19,0.15553,-0.15241,0.30956
14,0.83582,221.77758,20,0.34552,-0.03974,0.15851
14,0.83582,221.77758,21,0.257,0.05096,0.11902
14,0.83582,221.77758,22,0.36571,-0.10987,0.14134
14,0.83582,221.77758,23,0.22144,-0.19482,0.19172
14,0.83582,221.77758,24,0.20411,-0.27709,0.14132
14,0.83582,221.77758,25,0.27552,-0.37848,0.20648
14,0.83582,221.77758,26,0.23059,-0.33495,0.43092
14,0.83582,221.77758,27,0.26851,-0.25847,0.68147
14,0.83582,221.77758,28,0.32196,-0.19957,0.54608
14,0.83582,221.77758,29,0.36987,-0.14582,0.65505
14,0.83582,221.77758,30,0.37881,-0.33441,0.63542
14,0.83582,221.77758,31,0.25915,-0.3491,0.53538
14,0.83582,221.77758,32,0.38777,-0.30039,0.46181
14,0.83582,221.77758,33,0.39937,-0.24216,0.48517
14,0.83582,221.77758,34,0.3599,-0.18181,0.60825
14,0.83582,221.77758,35,0.40106,-0.17403,0.44893
14,0.83582,221.77758,36,0.26977,-0.39368,0.20247
14,0.83582,221.77758,37,0.34415,-0.2772,0.11462
14,0.83582,221.77758,38,0.29231,-0.59237,0.0818
14,0.83582,221.77758,39,0.26704,-0.3844,0.1516
14,0.83582,221.77758,40,0.11725,-0.3326,0.28315
14,0.83582,221.77758,41,0.11942,-0.37007,0.20106
14,0.83582,221.77758,42,0.07517,-0.2744,0.12054
14,0.83582,221.77758,43,0.18482,-0.34462,0.13431
14,0.83582,221.77758,44,0.16451,-0.37976,0.10866
14,0.83582,221.77758,45,0.22854,-0.21932,0.36258
14,0.83582,221.77758,46,0.1048,-0.30077,0.39792
14,0.83582,221.77758,47,0.17523,-0.22141,0.39004
14,0.83582,221.77758,48,0.11659,-0.13705,0.10658
14,0.83582,221.77758,49,0.19436,-0.16614,0.11397
14,0.83582,221.77758,50,0.08134,-0.16026,0.22462
14,0.83582,221.77758,51,0.12691,-0.26693,0.12106
14,0.83582,221.77758,52,0.06117,-0.13835,0.28311
14,0.83582,221.77758,53,-0.00662,-0.09847,0.18929
14,0.83582,221.77758,54,-0.08141,-0.22893,0.0711
14,0.83582,221.77758,55,0.01874,-0.1036,0.2632
14,0.83582,221.77758,56,-0.02098,0.00618,0.15294
15,0.72105,220.56288,1,-0.11851,0.19457,0.09057
15,0.72105,220.56288,2,-0.05842,0.33932,0.18988
15,0.72105,220.56288,3,0.02195,0.38042,0.16783
15,0.72105,220.56288,4,-0.04485,0.29716,0.42318
15,0.72105,220.56288,5,0.07871,0.2124,0.39327
15,0.72105,220.56288,6,-0.07132,0.3298,0.45813
15,0.72105,220.56288,7,0.14153,0.18553,0.56394
15,0.72105,220.56288,8,0.14069,0.1016,0.53168
15,0.72105,220.56288,9,0.14866,0.05852,0.61151
15,0.72105,220.56288,10,0.18924,0.0651,0.76032
15,0.72105,220.56288,11,0.19847,0.08651,0.75577
15,0.72105,220.56288,12,0.21938,0.11462,0.8796
15,0.72105,220.56288,13,0.13084,0.14244,0.76285
15,0.72105,220.56288,14,0.25907,0.07472,0.8351
15,0.72105,220.56288,15,0.32935,0.17251,0.88024
15,0.72105,220.56288,16,0.29508,0.1493,0.86959
15,0.72105,220.56288,17,0.15217,0.14726,0.7126
15,0.72105,220.56288,18,0.07885,0.14224,0.59735
15,0.72105,220.56288,19,0.15555,-0.14837,0.30002
15,0.72105,220.56288,20,0.34554,-0.03572,0.14908
15,0.72105,220.56288,21,0.25726,0.05262,0.11411
15,0.72105,220.56288,22,0.36597,-0.10823,0.13648
15,0.72105,220.56288,23,0.22172,-0.19319,0.18692
15,0.72105,220.56288,24,0.20439,-0.27547,0.13656
15,0.72105,220.56288,25,0.2758,-0.37688,0.20177
15,0.72105,220.56288,26,0.23087,-0.33336,0.42625
15,0.72105,220.56288,27,0.2688,-0.25688,0.67682
15,0.72105,220.56288,28,0.32225,-0.19799,0.54146
15,0.72105,220.56288,29,0.37017,-0.14425,0.65045
15,0.72105,220.56288,30,0.38026,-0.33345,0.6322
15,0.72105,220.56288,31,0.26059,-0.34814,0.53217
15,0.72105,220.56288,32,0.3892,-0.29945,0.45862
15,0.72105,220.56288,33,0.39937,-0.24121,0.48234
15,0.72105,220.56288,34,0.3599,-0.18087,0.60543
15,0.72105,220.56288,35,0.40106,-0.1731,0.44613
15,0.72105,220.56288,36,0.26969,-0.39458,0.19923
15,0.72105,220.56288,37,0.34302,-0.27778,0.11229
15,0.72105,220.56288,38,0.29118,-0.59097,0.0818
15,0.72105,220.56288,39,0.26656,-0.38923,0.1516
15,0.72105,220.56288,40,0.11676,-0.33738,0.28315
15,0.72105,220.56288,41,0.11893,-0.37481,0.20106
15,0.72105,220.56288,42,0.07469,-0.2791,0.12053
15,0.72105,220.56288,43,0.18434,-0.34928,0.13429
15,0.72105,220.56288,44,0.16398,-0.38393,0.10687
15,0.72105,220.56288,45,0.22796,-0.22289,0.35859
15,0.72105,220.56288,46,0.10422,-0.30432,0.39395
15,0.72105,220.56288,47,0.17465,-0.22494,0.38609
15,0.72105,220.56288,48,0.11602,-0.14055,0.10264
15,0.72105,220.56288,49,0.19379,-0.16963,0.11004
15,0.72105,220.56288,50,0.08078,-0.16373,0.22071
15,0.72105,220.56288,51,0.12634,-0.27,0.11855
15,0.72105,220.56288,52,0.06061,-0.14134,0.2808
15,0.72105,220.56288,53,-0.00718,-0.10145,0.18698
15,0.72105,220.56288,54,-0.08197,-0.23179,0.07136
15,0.72105,220.56288,55,0.01819,-0.10644,0.26347
15,0.72105,220.56288,56,0.10161,-0.25508,0.33768
16,0.48183,228.37929,1,-0.11851,0.19457,0.08709
16,0.48183,228.37929,2,-0.0584,0.33936,0.15874
16,0.48183,228.37929,3,0.022,0.3845,0.14086
16,0.48183,228.37929,4,-0.04478,0.30618,0.40128
16,0.48183,228.37929,5,0.0788,0.22136,0.37151
16,0.48183,228.37929,6,-0.0712,0.3387,0.43648
16,0.48183,228.37929,7,0.14167,0.19439,0.54238
16,0.48183,228.37929,8,0.14085,0.11042,0.51019
16,0.48183,228.37929,9,0.14882,0.06731,0.5901
16,0.48183,228.37929,10,0.18939,0.07386,0.73898
16,0.48183,228.37929,11,0.19861,0.09525,0.73451
16,0.48183,228.37929,12,0.2195,0.12333,0.85845
16,0.48183,228.37929,13,0.13095,0.15113,0.74183
16,0.48183,228.37929,14,0.25916,0.08339,0.81422
16,0.48183,228.37929,15,0.32942,0.18115,0.85952
16,0.48183,228.37929,16,0.29513,0.15791,0.84906
16,0.48183,228.37929,17,0.15219,0.15583,0.69228
16,0.48183,228.37929,18,0.07885,0.15077,0.57725
16,0.48183,228.37929,19,0.15553,-0.13989,0.28016
16,0.48183,228.37929,20,0.3455,-0.02729,0.12948
16,0.48183,228.37929,21,0.25778,0.05573,0.10042
16,0.48183,228.37929,22,0.36651,-0.10514,0.12295
16,0.48183,228.37929,23,0.22226,-0.19012,0.17352
16,0.48183,228.37929,24,0.20495,-0.27242,0.12329
16,0.48183,228.37929,25,0.27637,-0.37384,0.18861
16,0.48183,228.37929,26,0.23145,-0.33034,0.41317
16,0.48183,228.37929,27,0.26939,-0.25387,0.66382
16,0.48183,228.37929,28,0.32285,-0.195,0.52853
16,0.48183,228.37929,29,0.37077,-0.14127,0.63756
16,0.48183,228.37929,30,0.38338,-0.33169,0.62313
16,0.48183,228.37929,31,0.2637,-0.34639,0.52312
16,0.48183,228.37929,32,0.39232,-0.29769,0.44959
16,0.48183,228.37929,33,0.39937,-0.23947,0.47412
16,0.48183,228.37929,34,0.35991,-0.17913,0.59724
16,0.48183,228.37929,35,0.40106,-0.17137,0.43799
16,0.48183,228.37929,36,0.26933,-0.39778,0.18996
16,0.48183,228.37929,37,0.33982,-0.28016,0.10683
16,0.48183,228.37929,38,0.2881,-0.58797,0.0818
16,0.48183,228.37929,39,0.26523,-0.3988,0.15161
16,0.48183,228.37929,40,0.11544,-0.34687,0.28315
16,0.48183,228.37929,41,0.11762,-0.38422,0.20105
16,0.48183,228.37929,42,0.07338,-0.28842,0.12051
16,0.48183,228.37929,43,0.18303,-0.35852,0.13426
16,0.48183,228.37929,44,0.16256,-0.39215,0.10312
16,0.48183,228.37929,45,0.22639,-0.22987,0.35023
16,0.48183,228.37929,46,0.15396,-0.2446,0.19059
16,0.48183,228.37929,47,-0.00812,-0.27006,0.08479
16,0.48183,228.37929,48,-0.06659,-0.28984,0.19728
16,0.48183,228.37929,49,-0.00165,-0.31712,0.22835
16,0.48183,228.37929,50,0.00701,-0.11857,0.08305
16,0.48183,228.37929,51,-0.10706,-0.04753,0.09164
16,0.48183,228.37929,52,-0.11549,-0.15717,0.12621
16,0.48183,228.37929,53,-0.09729,-0.12411,0.08733
16,0.48183,228.37929,54,-0.12285,-0.14099,0.04191
16,0.48183,228.37929,55,-0.22804,-0.07719,0.17565
16,0.48183,228.37929,56,-0.26515,0.03428,0.33182
17,0.831,222.82825,1,-0.11851,0.19457,0.09217
17,0.831,222.82825,2,-0.05843,0.3393,0.20418
17,0.831,222.82825,3,0.02192,0.37855,0.18019
17,0.831,222.82825,4,-0.04489,0.29304,0.4332
17,0.831,222.82825,5,0.07866,0.20831,0.40322
17,0.831,222.82825,6,-0.07138,0.32573,0.46801
17,0.831,222.82825,7,0.14146,0.1815,0.57377
17,0.831,222.82825,8,0.14061,0.09759,0.54147
17,0.831,222.82825,9,0.14857,0.05453,0.62127
17,0.831,222.82825,10,0.18915,0.06112,0.77004
17,0.831,222.82825,11,0.19838,0.08255,0.76546
17,0.831,222.82825,12,0.21929,0.11066,0.88925
17,0.831,222.82825,13,0.13077,0.1385,0.77246
17,0.831,222.82825,14,0.259,0.07079,0.84465
17,0.831,222.82825,15,0.32929,0.16859,0.88972
17,0.831,222.82825,16,0.29503,0.14539,0.879
17,0.831,222.82825,17,0.15213,0.14337,0.72193
17,0.831,222.82825,18,0.07882,0.13836,0.60658
17,0.831,222.82825,19,0.15553,-0.15224,0.30916
17,0.831,222.82825,20,0.34552,-0.03957,0.15811
17,0.831,222.82825,21,0.25701,0.05104,0.11884
17,0.831,222.82825,22,0.36572,-0.1098,0.14115
17,0.831,222.82825,23,0.22146,-0.19475,0.19154
17,0.831,222.82825,24,0.20412,-0.27702,0.14114
17,0.831,222.82825,25,0.27553,-0.37841,0.20631
17,0.831,222.82825,26,0.2306,-0.33489,0.43075
17,0.831,222.82825,27,0.26852,-0.2584,0.68129
17,0.831,222.82825,28,0.32197,-0.1995,0.54591
17,0.831,222.82825,29,0.36989,-0.14576,0.65487
17,0.831,222.82825,30,0.37887,-0.33436,0.6353
17,0.831,222.82825,31,0.25921,-0.34905,0.53526
17,0.831,222.82825,32,0.38783,-0.30035,0.46169
17,0.831,222.82825,33,0.39937,-0.24212,0.48506
17,0.831,222.82825,34,0.3599,-0.18177,0.60814
17,0.831,222.82825,35,0.40106,-0.17399,0.44883
17,0.831,222.82825,36,0.26977,-0.39372,0.20234
17,0.831,222.82825,37,0.34411,-0.27722,0.11453
17,0.831,222.82825,38,0.29227,-0.59231,0.0818
17,0.831,222.82825,39,0.26702,-0.38461,0.1516
17,0.831,222.82825,40,0.11723,-0.3328,0.28315
17,0.831,222.82825,41,0.1194,-0.37027,0.20106
17,0.831,222.82825,42,0.07515,-0.2746,0.12054
17,0.831,222.82825,43,0.1848,-0.34482,0.13431
17,0.831,222.82825,44,0.16449,-0.37994,0.10859
17,0.831,222.82825,45,0.22852,-0.21947,0.36242
17,0.831,222.82825,46,0.10478,-0.30092,0.39775
17,0.831,222.82825,47,0.1752,-0.22156,0.38988
17,0.831,222.82825,48,0.11657,-0.1372,0.10642
17,0.831,222.82825,49,0.19433,-0.16629,0.1138
17,0.831,222.82825,50,0.08132,-0.16041,0.22446
17,0.831,222.82825,51,0.12689,-0.26706,0.12096
17,0.831,222.82825,52,0.06115,-0.13847,0.28302
17,0.831,222.82825,53,-0.00664,-0.0986,0.1892
17,0.831,222.82825,54,-0.08143,-0.22905,0.07111
17,0.831,222.82825,55,0.01872,-0.10372,0.26321
17,0.831,222.82825,56,-0.04441,-0.02104,0.25225
18,0.81323,230.25884,1,-0.11851,0.19457,0.09191
18,0.81323,230.25884,2,-0.05843,0.33931,0.20187
18,0.81323,230.25884,3,0.02193,0.37885,0.17819
18,0.81323,230.25884,4,-0.04488,0.2937,0.43158
18,0.81323,230.25884,5,0.07867,0.20897,0.40161
18,0.81323,230.25884,6,-0.07137,0.32639,0.46642
18,0.81323,230.25884,7,0.14147,0.18215,0.57219
18,0.81323,230.25884,8,0.14063,0.09824,0.53989
18,0.81323,230.25884,9,0.14859,0.05517,0.6197
18,0.81323,230.25884,10,0.18916,0.06176,0.76847
18,0.81323,230.25884,11,0.19839,0.08319,0.7639
18,0.81323,230.25884,12,0.21931,0.1113,0.88769
18,0.81323,230.25884,13,0.13078,0.13913,0.77091
18,0.81323,230.25884,14,0.25901,0.07142,0.84311
18,0.81323,230.25884,15,0.3293,0.16922,0.88819
18,0.81323,230.25884,16,0.29504,0.14602,0.87748
18,0.81323,230.25884,17,0.15214,0.14399,0.72042
18,0.81323,230.25884,18,0.07883,0.13899,0.60509
18,0.81323,230.25884,19,0.15553,-0.15162,0.30768
18,0.81323,230.25884,20,0.34553,-0.03895,0.15665
18,0.81323,230.25884,21,0.25705,0.0513,0.11814
18,0.81323,230.25884,22,0.36576,-0.10954,0.14046
18,0.81323,230.25884,23,0.2215,-0.19449,0.19086
18,0.81323,230.25884,24,0.20417,-0.27676,0.14046
18,0.81323,230.25884,25,0.27557,-0.37816,0.20564
18,0.81323,230.25884,26,0.23065,-0.33463,0.43008
18,0.81323,230.25884,27,0.26857,-0.25815,0.68063
18,0.81323,230.25884,28,0.32202,-0.19925,0.54525
18,0.81323,230.25884,29,0.36993,-0.14551,0.65422
18,0.81323,230.25884,30,0.3791,-0.33421,0.63484
18,0.81323,230.25884,31,0.25943,-0.3489,0.5348
18,0.81323,230.25884,32,0.38805,-0.3002,0.46124
18,0.81323,230.25884,33,0.39937,-0.24197,0.48467
18,0.81323,230.25884,34,0.3599,-0.18162,0.60775
18,0.81323,230.25884,35,0.40106,-0.17385,0.44844
18,0.81323,230.25884,36,0.26976,-0.39387,0.20188
18,0.81323,230.25884,37,0.34395,-0.27732,0.11417
18,0.81323,230.25884,38,0.2921,-0.59208,0.0818
18,0.81323,230.25884,39,0.26695,-0.38537,0.1516
18,0.81323,230.25884,40,0.11716,-0.33355,0.28315
18,0.81323,230.25884,41,0.11933,-0.37102,0.20106
18,0.81323,230.25884,42,0.07508,-0.27534,0.12054
18,0.81323,230.25884,43,0.18473,-0.34555,0.1343
18,0.81323,230.25884,44,0.16441,-0.3806,0.10831
18,0.81323,230.25884,45,0.22843,-0.22004,0.3618
18,0.81323,230.25884,46,0.156,-0.23484,0.20211
18,0.81323,230.25884,47,-0.00602,-0.26121,0.08458
18,0.81323,230.25884,48,-0.0645,-0.28105,0.19705
18,0.81323,230.25884,49,0.00043,-0.30839,0.22813
18,0.81323,230.25884,50,0.00907,-0.11017,0.08305
18,0.81323,230.25884,51,-0.10501,-0.03926,0.09164
18,0.81323,230.25884,52,-0.11345,-0.14905,0.12621
18,0.81323,230.25884,53,-0.09526,-0.11614,0.08878
18,0.81323,230.25884,54,-0.03397,-0.10842,0.21521
18,0.81323,230.25884,55,-0.03941,-0.0768,0.22313
18,0.81323,230.25884,56,-0.02947,-0.00951,0.23515
19,0.96708,224.45771,1,-0.11851,0.19457,0.09415
19,0.96708,224.45771,2,-0.05845,0.33928,0.22186
19,0.96708,224.45771,3,0.02189,0.37624,0.19546
19,0.96708,224.45771,4,-0.04493,0.28795,0.44557
19,0.96708,224.45771,5,0.0786,0.20326,0.41549
19,0.96708,224.45771,6,-0.07145,0.32073,0.48019
19,0.96708,224.45771,7,0.14137,0.17653,0.58588
19,0.96708,224.45771,8,0.14051,0.09266,0.55351
19,0.96708,224.45771,9,0.14846,0.04962,0.63326
19,0.96708,224.45771,10,0.18903,0.05625,0.78198
19,0.96708,224.45771,11,0.19826,0.07769,0.77736
19,0.96708,224.45771,12,0.21733,0.10476,0.8926
19,0.96708,224.45771,13,0.12881,0.13262,0.7758
19,0.96708,224.45771,14,0.25705,0.06494,0.84798
19,0.96708,224.45771,15,0.32735,0.16277,0.89303
19,0.96708,224.45771,16,0.2931,0.13959,0.88229
19,0.96708,224.45771,17,0.15021,0.1376,0.7252
19,0.96708,224.45771,18,0.07692,0.13263,0.60982
19,0.96708,224.45771,19,0.15364,-0.15794,0.31237
19,0.96708,224.45771,20,0.34365,-0.04523,0.16129
19,0.96708,224.45771,21,0.25445,0.04791,0.12715
19,0.96708,224.45771,22,0.36317,-0.1129,0.14936
19,0.96708,224.45771,23,0.21892,-0.19782,0.19965
19,0.96708,224.45771,24,0.2016,-0.28007,0.14917
19,0.96708,224.45771,25,0.27301,-0.38145,0.21426
19,0.96708,224.45771,26,0.22809,-0.3379,0.43864
19,0.96708,224.45771,27,0.26601,-0.2614,0.68913
19,0.96708,224.45771,28,0.31946,-0.20249,0.5537
19,0.96708,224.45771,29,0.36738,-0.14873,0.66263
19,0.96708,224.45771,30,0.37824,-0.33636,0.64021
19,0.96708,224.45771,31,0.25858,-0.35104,0.54015
19,0.96708,224.45771,32,0.3872,-0.30233,0.46658
19,0.96708,224.45771,33,0.39937,-0.24408,0.48978
19,0.96708,224.45771,34,0.35989,-0.18373,0.61284
19,0.96708,224.45771,35,0.40106,-0.17595,0.4535
19,0.96708,224.45771,36,0.26987,-0.39211,0.20789
19,0.96708,224.45771,37,0.3455,-0.27616,0.11601
19,0.96708,224.45771,38,0.29384,-0.59423,0.0818
19,0.96708,224.45771,39,0.2677,-0.37856,0.15159
19,0.96708,224.45771,40,0.1179,-0.32681,0.28314
19,0.96708,224.45771,41,0.12007,-0.36434,0.20106
19,0.96708,224.45771,42,0.07582,-0.26872,0.12055
19,0.96708,224.45771,43,0.18546,-0.339,0.13433
19,0.96708,224.45771,44,0.1652,-0.3747,0.11071
19,0.96708,224.45771,45,0.22931,-0.21494,0.36713
19,0.96708,224.45771,46,0.15687,-0.22978,0.20742
19,0.96708,224.45771,47,-0.00514,-0.25676,0.08321
19,0.96708,224.45771,48,-0.06362,-0.27662,0.19569
19,0.96708,224.45771,49,0.0013,-0.30399,0.22676
19,0.96708,224.45771,50,0.00993,-0.10597,0.08304
19,0.96708,224.45771,51,-0.10416,-0.03511,0.09164
19,0.96708,224.45771,52,-0.21428,-0.06284,0.1236
19,0.96708,224.45771,53,-0.27089,-0.23627,0.08906
19,0.96708,224.45771,54,-0.34013,-0.24156,0.09091
19,0.96708,224.45771,55,-0.38069,-0.28919,0.14487
19,0.96708,224.45771,56,-0.40156,-0.21957,0.0842
20,0.91348,228.68491,1,-0.11851,0.19457,0.09337
20,0.91348,228.68491,2,-0.05844,0.33929,0.2149
20,0.91348,228.68491,3,0.0219,0.37715,0.18945
20,0.91348,228.68491,4,-0.04492,0.28995,0.4407
20,0.91348,228.68491,5,0.07862,0.20525,0.41066
20,0.91348,228.68491,6,-0.07142,0.3227,0.4754
20,0.91348,228.68491,7,0.1414,0.17848,0.58112
20,0.91348,228.68491,8,0.14055,0.0946,0.54878
20,0.91348,228.68491,9,0.14851,0.05155,0.62855
20,0.91348,228.68491,10,0.18908,0.05816,0.77729
20,0.91348,228.68491,11,0.19831,0.0796,0.77268
20,0.91348,228.68491,12,0.21838,0.10725,0.8926
20,0.91348,228.68491,13,0.12986,0.1351,0.7758
20,0.91348,228.68491,14,0.2581,0.06741,0.84797
20,0.91348,228.68491,15,0.3284,0.16522,0.89303
20,0.91348,228.68491,16,0.29414,0.14203,0.88228
20,0.91348,228.68491,17,0.15125,0.14003,0.72519
20,0.91348,228.68491,18,0.07795,0.13504,0.60981
20,0.91348,228.68491,19,0.15466,-0.15554,0.31236
20,0.91348,228.68491,20,0.34467,-0.04286,0.16127
20,0.91348,228.68491,21,0.2558,0.04933,0.12337
20,0.91348,228.68491,22,0.36451,-0.11149,0.14563
20,0.91348,228.68491,23,0.22025,-0.19643,0.19596
20,0.91348,228.68491,24,0.20292,-0.27869,0.14552
20,0.91348,228.68491,25,0.27433,-0.38007,0.21065
20,0.91348,228.68491,26,0.22941,-0.33653,0.43505
20,0.91348,228.68491,27,0.26733,-0.26004,0.68557
20,0.91348,228.68491,28,0.32078,-0.20114,0.55016
20,0.91348,228.68491,29,0.36869,-0.14738,0.65911
20,0.91348,228.68491,30,0.3783,-0.33544,0.63802
20,0.91348,228.68491,31,0.25864,-0.35012,0.53797
20,0.91348,228.68491,32,0.38726,-0.30142,0.46441
20,0.91348,228.68491,33,0.39937,-0.24318,0.48763
20,0.91348,228.68491,34,0.35989,-0.18283,0.6107
20,0.91348,228.68491,35,0.40106,-0.17505,0.45137
20,0.91348,228.68491,36,0.26983,-0.39284,0.20535
20,0.91348,228.68491,37,0.34493,-0.27664,0.11568
20,0.91348,228.68491,38,0.29318,-0.59343,0.0818
20,0.91348,228.68491,39,0.26741,-0.381,0.1516
20,0.91348,228.68491,40,0.11762,-0.32922,0.28315
20,0.91348,228.68491,41,0.11979,-0.36673,0.20106
20,0.91348,228.68491,42,0.07553,-0.27109,0.12054
20,0.91348,228.68491,43,0.18518,-0.34134,0.13432
20,0.91348,228.68491,44,0.1649,-0.37682,0.10988
20,0.91348,228.68491,45,0.22897,-0.21677,0.36528
20,0.91348,228.68491,46,0.15654,-0.2316,0.20557
20,0.91348,228.68491,47,-0.00548,-0.25835,0.08377
20,0.91348,228.68491,48,-0.06396,-0.2782,0.19625
20,0.91348,228.68491,49,0.00097,-0.30556,0.22733
20,0.91348,228.68491,50,0.0096,-0.10747,0.08304
20,0.91348,228.68491,51,-0.10449,-0.03659,0.09164
20,0.91348,228.68491,52,-0.11293,-0.14644,0.12621
20,0.91348,228.68491,53,-0.09475,-0.11359,0.08922
20,0.91348,228.68491,54,-0.03346,-0.10588,0.21565
20,0.91348,228.68491,55,-0.0389,-0.07428,0.22357
20,0.91348,228.68491,56,-0.13968,-0.09453,0.31129
