particle,elasticity,weight,frame,x,y,z
1,0.93834,291.11219,1,-0.36647,0.02889,0.63042
1,0.93834,291.11219,2,-0.36318,-0.12482,0.90751
1,0.93834,291.11219,3,-0.41537,-0.24869,0.7763
1,0.93834,291.11219,4,-0.22979,-0.35112,0.69893
1,0.93834,291.11219,5,-0.31437,-0.35378,0.70509
1,0.93834,291.11219,6,-0.35421,-0.30716,0.64222
1,0.93834,291.11219,7,-0.28368,-0.27319,0.54544
1,0.93834,291.11219,8,-0.34838,-0.26152,0.45073
1,0.93834,291.11219,9,-0.29783,-0.21826,0.16344
1,0.93834,291.11219,10,-0.33019,-0.04721,0.14883
1,0.93834,291.11219,11,-0.36705,0.01012,0.20503
1,0.93834,291.11219,12,-0.34587,0.14722,0.29882
1,0.93834,291.11219,13,-0.27185,0.2496,0.26788
1,0.93834,291.11219,14,-0.06589,0.3811,0.29775
1,0.93834,291.11219,15,-0.05803,0.36141,0.31868
1,0.93834,291.11219,16,-0.20439,0.3545,0.31165
1,0.93834,291.11219,17,-0.27218,0.23521,0.27308
1,0.93834,291.11219,18,-0.31854,0.08587,0.3449
1,0.93834,291.11219,19,-0.28698,0.00802,0.50514
1,0.93834,291.11219,20,-0.23484,0.05967,0.56326
1,0.93834,291.11219,21,-0.37214,0.0743,0.5993
1,0.93834,291.11219,22,-0.30009,-0.00131,0.50772
1,0.93834,291.11219,23,-0.34963,0.06728,0.39161
1,0.93834,291.11219,24,-0.40246,-0.08934,0.27152
1,0.93834,291.11219,25,-0.41833,-0.10033,0.39679
1,0.93834,291.11219,26,-0.63083,-0.06949,0.193
1,0.93834,291.11219,27,-0.58236,-0.12204,0.16063
1,0.93834,291.11219,28,-0.6751,0.00131,0.1757
1,0.93834,291.11219,29,-0.33058,-0.10441,0.15978
1,0.93834,291.11219,30,-0.38696,-0.19878,0.10824
1,0.93834,291.11219,31,-0.30002,-0.28181,0.28846
1,0.93834,291.11219,32,-0.39092,-0.34474,0.39894
1,0.93834,291.11219,33,-0.3933,-0.2264,0.38634
1,0.93834,291.11219,34,-0.35316,-0.2095,0.25719
1,0.93834,291.11219,35,-0.3146,-0.29296,0.16335
1,0.93834,291.11219,36,-0.30663,-0.39661,0.23843
1,0.93834,291.11219,37,-0.24463,-0.30988,0.26369
1,0.93834,291.11219,38,-0.27583,-0.40486,0.15835
1,0.93834,291.11219,39,-0.31275,-0.17172,0.13437
1,0.93834,291.11219,40,-0.30017,-0.27771,0.1074
1,0.93834,291.11219,41,-0.31111,-0.31279,0.12908
1,0.93834,291.11219,42,-0.30582,-0.19655,0.03464
1,0.93834,291.11219,43,-0.28079,-0.18246,0.17375
1,0.93834,291.11219,44,-0.39798,-0.17745,0.2634
1,0.93834,291.11219,45,-0.59104,-0.18826,0.41744
1,0.93834,291.11219,46,-0.35729,-0.15306,0.35698
1,0.93834,291.11219,47,-0.25922,-0.11995,0.37114
1,0.93834,291.11219,48,-0.29532,-0.09919,0.24854
1,0.93834,291.11219,49,-0.26556,-0.28321,0.18134
1,0.93834,291.11219,50,-0.20095,-0.39484,0.09335
1,0.93834,291.11219,51,-0.0988,-0.38616,0.24331
1,0.93834,291.11219,52,-0.22928,-0.41915,0.26363
1,0.93834,291.11219,53,-0.0698,-0.61697,0.16582
1,0.93834,291.11219,54,-0.26065,-0.66747,0.09457
1,0.93834,291.11219,55,-0.26698,-0.36801,0.18107
1,0.93834,291.11219,56,-0.35966,-0.272,0.25083
1,0.93834,291.11219,57,-0.38531,-0.1533,0.07567
1,0.93834,291.11219,58,-0.40618,-0.18512,0.1966
1,0.93834,291.11219,59,-0.60022,-0.20057,0.19671
1,0.93834,291.11219,60,-0.61664,-0.24343,0.06345
1,0.93834,291.11219,61,-0.36033,-0.40823,0.0806
1,0.93834,291.11219,62,-0.38631,-0.372,0.10846
1,0.93834,291.11219,63,-0.40065,-0.34451,0.07456
1,0.93834,291.11219,64,-0.41404,-0.34295,0.25665
1,0.93834,291.11219,65,-0.22234,-0.23689,0.18993
1,0.93834,291.11219,66,-0.28409,-0.25164,0.11761
2,0.92797,291.23418,1,-0.36647,0.02889,0.63042
2,0.92797,291.23418,2,-0.36349,-0.12487,0.90757
2,0.92797,291.23418,3,-0.41537,-0.24867,0.7775
2,0.92797,291.23418,4,-0.22978,-0.3511,0.70012
2,0.92797,291.23418,5,-0.31436,-0.35428,0.70608
2,0.92797,291.23418,6,-0.35418,-0.30807,0.64305
2,0.92797,291.23418,7,-0.28366,-0.27409,0.54625
2,0.92797,291.23418,8,-0.34835,-0.2624,0.45153
2,0.92797,291.23418,9,-0.2978,-0.21913,0.16422
2,0.92797,291.23418,10,-0.33017,-0.04801,0.14823
2,0.92797,291.23418,11,-0.36704,0.00937,0.20335
2,0.92797,291.23418,12,-0.34586,0.14649,0.29715
2,0.92797,291.23418,13,-0.27183,0.24888,0.26623
2,0.92797,291.23418,14,-0.06587,0.38039,0.29611
2,0.92797,291.23418,15,-0.05803,0.36182,0.31726
2,0.92797,291.23418,16,-0.2044,0.35547,0.31034
2,0.92797,291.23418,17,-0.27219,0.23618,0.27177
2,0.92797,291.23418,18,-0.31855,0.08683,0.3436
2,0.92797,291.23418,19,-0.28699,0.00898,0.50385
2,0.92797,291.23418,20,-0.23485,0.06062,0.56197
2,0.92797,291.23418,21,-0.37215,0.07524,0.59802
2,0.92797,291.23418,22,-0.3001,-0.00036,0.50645
2,0.92797,291.23418,23,-0.34964,0.06822,0.39034
2,0.92797,291.23418,24,-0.40246,-0.08849,0.27033
2,0.92797,291.23418,25,-0.41833,-0.09961,0.39571
2,0.92797,291.23418,26,-0.63046,-0.06919,0.19197
2,0.92797,291.23418,27,-0.58236,-0.12172,0.15971
2,0.92797,291.23418,28,-0.6751,0.00162,0.17478
2,0.92797,291.23418,29,-0.33058,-0.10411,0.15887
2,0.92797,291.23418,30,-0.38699,-0.19856,0.10759
2,0.92797,291.23418,31,-0.30041,-0.28193,0.28868
2,0.92797,291.23418,32,-0.39131,-0.34485,0.39916
2,0.92797,291.23418,33,-0.39369,-0.22652,0.38656
2,0.92797,291.23418,34,-0.35355,-0.20962,0.25741
2,0.92797,291.23418,35,-0.31498,-0.29308,0.16357
2,0.92797,291.23418,36,-0.30701,-0.39661,0.23869
2,0.92797,291.23418,37,-0.245,-0.30988,0.26395
2,0.92797,291.23418,38,-0.27615,-0.40486,0.15862
2,0.92797,291.23418,39,-0.31307,-0.17172,0.13464
2,0.92797,291.23418,40,-0.30044,-0.27767,0.10696
2,0.92797,291.23418,41,-0.31138,-0.31275,0.12864
2,0.92797,291.23418,42,-0.30609,-0.19651,0.03464
2,0.92797,291.23418,43,-0.28106,-0.18242,0.17375
2,0.92797,291.23418,44,-0.39798,-0.17744,0.26334
2,0.92797,291.23418,45,-0.59094,-0.18825,0.41741
2,0.92797,291.23418,46,-0.35776,-0.15303,0.35709
2,0.92797,291.23418,47,-0.25968,-0.11991,0.37125
2,0.92797,291.23418,48,-0.29579,-0.09916,0.24865
2,0.92797,291.23418,49,-0.26602,-0.28318,0.18145
2,0.92797,291.23418,50,-0.20134,-0.39481,0.09318
2,0.92797,291.23418,51,-0.09919,-0.38612,0.24314
2,0.92797,291.23418,52,-0.22965,-0.41915,0.26344
2,0.92797,291.23418,53,-0.07004,-0.61658,0.16569
2,0.92797,291.23418,54,-0.26089,-0.66707,0.09452
2,0.92797,291.23418,55,-0.26708,-0.36867,0.18109
2,0.92797,291.23418,56,-0.35976,-0.27265,0.25084
2,0.92797,291.23418,57,-0.38543,-0.15393,0.07567
2,0.92797,291.23418,58,-0.40618,-0.18577,0.19658
2,0.92797,291.23418,59,-0.60001,-0.20107,0.19662
2,0.92797,291.23418,60,-0.61664,-0.24387,0.06345
2,0.92797,291.23418,61,-0.36075,-0.40822,0.08059
2,0.92797,291.23418,62,-0.38673,-0.372,0.10845
2,0.92797,291.23418,63,-0.40105,-0.34453,0.07456
2,0.92797,291.23418,64,-0.41404,-0.34307,0.25663
2,0.92797,291.23418,65,-0.39456,-0.25466,0.16926
2,0.92797,291.23418,66,-0.26636,-0.08094,0.17174
3,0.87267,292.97908,1,-0.36647,0.02889,0.63042
3,0.87267,292.97908,2,-0.36514,-0.12517,0.90785
3,0.87267,292.97908,3,-0.41537,-0.24855,0.78396
3,0.87267,292.97908,4,-0.22977,-0.35101,0.70648
3,0.87267,292.97908,5,-0.31427,-0.35697,0.71138
3,0.87267,292.97908,6,-0.35403,-0.31292,0.64749
3,0.87267,292.97908,7,-0.2835,-0.27888,0.55061
3,0.87267,292.97908,8,-0.34818,-0.26712,0.45581
3,0.87267,292.97908,9,-0.29762,-0.22378,0.16841
3,0.87267,292.97908,10,-0.33005,-0.0523,0.14511
3,0.87267,292.97908,11,-0.36696,0.00539,0.1945
3,0.87267,292.97908,12,-0.34577,0.14256,0.28838
3,0.87267,292.97908,13,-0.27174,0.245,0.25754
3,0.87267,292.97908,14,-0.06577,0.37656,0.28748
3,0.87267,292.97908,15,-0.05803,0.36744,0.30977
3,0.87267,292.97908,16,-0.20445,0.36576,0.30343
3,0.87267,292.97908,17,-0.27224,0.24641,0.2649
3,0.87267,292.97908,18,-0.3186,0.09701,0.33675
3,0.87267,292.97908,19,-0.28703,0.01912,0.49702
3,0.87267,292.97908,20,-0.23489,0.07072,0.55516
3,0.87267,292.97908,21,-0.37219,0.0853,0.59123
3,0.87267,292.97908,22,-0.30014,0.00965,0.49968
3,0.87267,292.97908,23,-0.34968,0.0782,0.3836
3,0.87267,292.97908,24,-0.40246,-0.07926,0.2642
3,0.87267,292.97908,25,-0.41833,-0.09159,0.3903
3,0.87267,292.97908,26,-0.62847,-0.06461,0.18708
3,0.87267,292.97908,27,-0.58236,-0.11715,0.15535
3,0.87267,292.97908,28,-0.67509,0.00617,0.17046
3,0.87267,292.97908,29,-0.33056,-0.09958,0.15458
3,0.87267,292.97908,30,-0.38718,-0.19478,0.10447
3,0.87267,292.97908,31,-0.30251,-0.28148,0.28933
3,0.87267,292.97908,32,-0.3934,-0.34441,0.39981
3,0.87267,292.97908,33,-0.39548,-0.22607,0.38728
3,0.87267,292.97908,34,-0.35533,-0.20918,0.25813
3,0.87267,292.97908,35,-0.31676,-0.29263,0.16429
3,0.87267,292.97908,36,-0.30879,-0.39661,0.23925
3,0.87267,292.97908,37,-0.24678,-0.30988,0.26451
3,0.87267,292.97908,38,-0.27776,-0.40486,0.1592
3,0.87267,292.97908,39,-0.31467,-0.17172,0.13521
3,0.87267,292.97908,40,-0.30167,-0.27729,0.10505
3,0.87267,292.97908,41,-0.3126,-0.31237,0.12674
3,0.87267,292.97908,42,-0.30729,-0.19614,0.03464
3,0.87267,292.97908,43,-0.28225,-0.18205,0.17375
3,0.87267,292.97908,44,-0.39798,-0.17717,0.26306
3,0.87267,292.97908,45,-0.59038,-0.18813,0.4173
3,0.87267,292.97908,46,-0.36025,-0.15278,0.35764
3,0.87267,292.97908,47,-0.26216,-0.11966,0.3718
3,0.87267,292.97908,48,-0.29825,-0.09891,0.2492
3,0.87267,292.97908,49,-0.26847,-0.28293,0.18199
3,0.87267,292.97908,50,-0.20342,-0.39455,0.09231
3,0.87267,292.97908,51,-0.10125,-0.38586,0.24227
3,0.87267,292.97908,52,-0.23157,-0.41915,0.26249
3,0.87267,292.97908,53,-0.07125,-0.61454,0.16502
3,0.87267,292.97908,54,-0.26211,-0.66496,0.09422
3,0.87267,292.97908,55,-0.26762,-0.37207,0.18112
3,0.87267,292.97908,56,-0.36029,-0.27602,0.25088
3,0.87267,292.97908,57,-0.38601,-0.15727,0.07567
3,0.87267,292.97908,58,-0.40617,-0.18919,0.19646
3,0.87267,292.97908,59,-0.59888,-0.20371,0.19615
3,0.87267,292.97908,60,-0.61665,-0.24615,0.06345
3,0.87267,292.97908,61,-0.36297,-0.40822,0.08055
3,0.87267,292.97908,62,-0.38894,-0.372,0.1084
3,0.87267,292.97908,63,-0.40322,-0.34464,0.07456
3,0.87267,292.97908,64,-0.41404,-0.3437,0.25652
3,0.87267,292.97908,65,-0.39254,-0.34181,0.28335
3,0.87267,292.97908,66,-0.31615,-0.3794,0.24382
4,0.83883,291.7438,1,-0.36647,0.02889,0.63042
4,0.83883,291.7438,2,-0.36615,-0.12535,0.90803
4,0.83883,291.7438,3,-0.41537,-0.24846,0.78791
4,0.83883,291.7438,4,-0.22976,-0.35094,0.71039
4,0.83883,291.7438,5,-0.31422,-0.35862,0.71463
4,0.83883,291.7438,6,-0.35394,-0.31589,0.65022
4,0.83883,291.7438,7,-0.2834,-0.28181,0.55329
4,0.83883,291.7438,8,-0.34807,-0.27002,0.45843
4,0.83883,291.7438,9,-0.29751,-0.22664,0.17099
4,0.83883,291.7438,10,-0.32997,-0.05493,0.14326
4,0.83883,291.7438,11,-0.36691,0.00294,0.18918
4,0.83883,291.7438,12,-0.34571,0.14014,0.28311
4,0.83883,291.7438,13,-0.27168,0.24261,0.25231
4,0.83883,291.7438,14,-0.0657,0.3742,0.28228
4,0.83883,291.7438,15,-0.05804,0.37299,0.30525
4,0.83883,291.7438,16,-0.20449,0.37522,0.29925
4,0.83883,291.7438,17,-0.27227,0.25584,0.26074
4,0.83883,291.7438,18,-0.31862,0.1064,0.3326
4,0.83883,291.7438,19,-0.28705,0.02848,0.49288
4,0.83883,291.7438,20,-0.23491,0.08004,0.55103
4,0.83883,291.7438,21,-0.37221,0.09459,0.58711
4,0.83883,291.7438,22,-0.30016,0.0189,0.49557
4,0.83883,291.7438,23,-0.3497,0.08741,0.37951
4,0.83883,291.7438,24,-0.40246,-0.07076,0.26053
4,0.83883,291.7438,25,-0.41833,-0.08418,0.38711
4,0.83883,291.7438,26,-0.62725,-0.06004,0.18415
4,0.83883,291.7438,27,-0.58236,-0.11266,0.15275
4,0.83883,291.7438,28,-0.67508,0.01064,0.16788
4,0.83883,291.7438,29,-0.33055,-0.09514,0.15203
4,0.83883,291.7438,30,-0.3873,-0.1898,0.11145
4,0.83883,291.7438,31,-0.31472,-0.28053,0.26252
4,0.83883,291.7438,32,-0.39482,-0.34346,0.37579
4,0.83883,291.7438,33,-0.39547,-0.22513,0.36369
4,0.83883,291.7438,34,-0.35533,-0.20824,0.23459
4,0.83883,291.7438,35,-0.31676,-0.2917,0.14081
4,0.83883,291.7438,36,-0.30751,-0.39661,0.21641
4,0.83883,291.7438,37,-0.24551,-0.3099,0.24177
4,0.83883,291.7438,38,-0.27673,-0.40487,0.13655
4,0.83883,291.7438,39,-0.31365,-0.17176,0.11269
4,0.83883,291.7438,40,-0.29348,-0.27629,0.11342
4,0.83883,291.7438,41,-0.30444,-0.31138,0.13506
4,0.83883,291.7438,42,-0.29922,-0.19516,0.03464
4,0.83883,291.7438,43,-0.27425,-0.18108,0.17374
4,0.83883,291.7438,44,-0.39798,-0.17543,0.2649
4,0.83883,291.7438,45,-0.59003,-0.18743,0.41946
4,0.83883,291.7438,46,-0.36176,-0.15179,0.35861
4,0.83883,291.7438,47,-0.26367,-0.11868,0.37277
4,0.83883,291.7438,48,-0.29975,-0.09793,0.25017
4,0.83883,291.7438,49,-0.26996,-0.28195,0.18296
4,0.83883,291.7438,50,-0.2044,-0.39331,0.09152
4,0.83883,291.7438,51,-0.10223,-0.38463,0.24149
4,0.83883,291.7438,52,-0.23208,-0.41915,0.26159
4,0.83883,291.7438,53,-0.07182,-0.61329,0.16439
4,0.83883,291.7438,54,-0.26175,-0.6636,0.09411
4,0.83883,291.7438,55,-0.26719,-0.37413,0.1813
4,0.83883,291.7438,56,-0.35987,-0.27806,0.25106
4,0.83883,291.7438,57,-0.38529,-0.15924,0.07567
4,0.83883,291.7438,58,-0.40617,-0.19084,0.19628
4,0.83883,291.7438,59,-0.59819,-0.20457,0.19659
4,0.83883,291.7438,60,-0.61665,-0.24686,0.06345
4,0.83883,291.7438,61,-0.36434,-0.40822,0.08033
4,0.83883,291.7438,62,-0.39029,-0.37199,0.10819
4,0.83883,291.7438,63,-0.37704,-0.24003,0.07366
4,0.83883,291.7438,64,-0.2253,-0.32781,0.1574
4,0.83883,291.7438,65,-0.18905,-0.29007,0.22604
4,0.83883,291.7438,66,-0.16702,-0.23943,0.30987
5,0.89132,292.22014,1,-0.36647,0.02889,0.63042
5,0.89132,292.22014,2,-0.36459,-0.12507,0.90776
5,0.89132,292.22014,3,-0.41537,-0.24859,0.78178
5,0.89132,292.22014,4,-0.22978,-0.35104,0.70433
5,0.89132,292.22014,5,-0.3143,-0.35606,0.70959
5,0.89132,292.22014,6,-0.35408,-0.31128,0.64599
5,0.89132,292.22014,7,-0.28355,-0.27726,0.54914
5,0.89132,292.22014,8,-0.34824,-0.26553,0.45436
5,0.89132,292.22014,9,-0.29768,-0.22221,0.16699
5,0.89132,292.22014,10,-0.33009,-0.05085,0.14615
5,0.89132,292.22014,11,-0.36698,0.00674,0.19747
5,0.89132,292.22014,12,-0.3458,0.14389,0.29132
5,0.89132,292.22014,13,-0.27177,0.24631,0.26045
5,0.89132,292.22014,14,-0.0658,0.37786,0.29037
5,0.89132,292.22014,15,-0.05803,0.36437,0.31228
5,0.89132,292.22014,16,-0.20443,0.36053,0.30575
5,0.89132,292.22014,17,-0.27222,0.24121,0.2672
5,0.89132,292.22014,18,-0.31858,0.09184,0.33905
5,0.89132,292.22014,19,-0.28702,0.01396,0.49931
5,0.89132,292.22014,20,-0.23488,0.06558,0.55745
5,0.89132,292.22014,21,-0.37218,0.08019,0.59351
5,0.89132,292.22014,22,-0.30013,0.00455,0.50195
5,0.89132,292.22014,23,-0.34967,0.07313,0.38587
5,0.89132,292.22014,24,-0.40246,-0.08397,0.26621
5,0.89132,292.22014,25,-0.41833,-0.09573,0.392
5,0.89132,292.22014,26,-0.62914,-0.06716,0.18853
5,0.89132,292.22014,27,-0.58236,-0.11966,0.15661
5,0.89132,292.22014,28,-0.67509,0.00367,0.17171
5,0.89132,292.22014,29,-0.33056,-0.10207,0.15583
5,0.89132,292.22014,30,-0.38712,-0.19691,0.10541
5,0.89132,292.22014,31,-0.30179,-0.28198,0.28927
5,0.89132,292.22014,32,-0.39269,-0.34491,0.39976
5,0.89132,292.22014,33,-0.39507,-0.22657,0.38715
5,0.89132,292.22014,34,-0.35493,-0.20967,0.258
5,0.89132,292.22014,35,-0.31635,-0.29313,0.16416
5,0.89132,292.22014,36,-0.30834,-0.39661,0.23933
5,0.89132,292.22014,37,-0.24633,-0.30988,0.26459
5,0.89132,292.22014,38,-0.27732,-0.40486,0.15928
5,0.89132,292.22014,39,-0.31423,-0.17172,0.13529
5,0.89132,292.22014,40,-0.30138,-0.27747,0.10557
5,0.89132,292.22014,41,-0.31231,-0.31255,0.12726
5,0.89132,292.22014,42,-0.30701,-0.19631,0.03464
5,0.89132,292.22014,43,-0.28197,-0.18223,0.17375
5,0.89132,292.22014,44,-0.39798,-0.17732,0.26313
5,0.89132,292.22014,45,-0.59057,-0.18821,0.41731
5,0.89132,292.22014,46,-0.35941,-0.15288,0.35748
5,0.89132,292.22014,47,-0.26133,-0.11976,0.37164
5,0.89132,292.22014,48,-0.29742,-0.09901,0.24904
5,0.89132,292.22014,49,-0.26765,-0.28303,0.18184
5,0.89132,292.22014,50,-0.20271,-0.39466,0.09259
5,0.89132,292.22014,51,-0.10055,-0.38598,0.24255
5,0.89132,292.22014,52,-0.23092,-0.41915,0.2628
5,0.89132,292.22014,53,-0.07085,-0.61523,0.16524
5,0.89132,292.22014,54,-0.26172,-0.66566,0.09433
5,0.89132,292.22014,55,-0.26745,-0.37094,0.18112
5,0.89132,292.22014,56,-0.36012,-0.2749,0.25088
5,0.89132,292.22014,57,-0.38583,-0.15616,0.07567
5,0.89132,292.22014,58,-0.40617,-0.18805,0.1965
5,0.89132,292.22014,59,-0.59926,-0.20284,0.19631
5,0.89132,292.22014,60,-0.61665,-0.2454,0.06345
5,0.89132,292.22014,61,-0.36222,-0.40822,0.08057
5,0.89132,292.22014,62,-0.38819,-0.372,0.10842
5,0.89132,292.22014,63,-0.37494,-0.2399,0.07365
5,0.89132,292.22014,64,-0.22322,-0.32768,0.15739
5,0.89132,292.22014,65,-0.16377,-0.30113,0.20923
5,0.89132,292.22014,66,-0.21841,-0.24964,0.26234
6,0.88675,286.97225,1,-0.36647,0.02889,0.63042
6,0.88675,286.97225,2,-0.36472,-0.12509,0.90778
6,0.88675,286.97225,3,-0.41537,-0.24858,0.78231
6,0.88675,286.97225,4,-0.22977,-0.35103,0.70486
6,0.88675,286.97225,5,-0.31429,-0.35629,0.71003
6,0.88675,286.97225,6,-0.35407,-0.31168,0.64636
6,0.88675,286.97225,7,-0.28354,-0.27766,0.5495
6,0.88675,286.97225,8,-0.34823,-0.26592,0.45471
6,0.88675,286.97225,9,-0.29767,-0.2226,0.16734
6,0.88675,286.97225,10,-0.33008,-0.05121,0.14589
6,0.88675,286.97225,11,-0.36698,0.00641,0.19674
6,0.88675,286.97225,12,-0.34579,0.14357,0.2906
6,0.88675,286.97225,13,-0.27176,0.24599,0.25973
6,0.88675,286.97225,14,-0.06579,0.37754,0.28966
6,0.88675,286.97225,15,-0.05803,0.36513,0.31167
6,0.88675,286.97225,16,-0.20444,0.36181,0.30518
6,0.88675,286.97225,17,-0.27223,0.24248,0.26664
6,0.88675,286.97225,18,-0.31859,0.09311,0.33848
6,0.88675,286.97225,19,-0.28702,0.01523,0.49875
6,0.88675,286.97225,20,-0.23488,0.06684,0.55689
6,0.88675,286.97225,21,-0.37218,0.08144,0.59295
6,0.88675,286.97225,22,-0.30013,0.0058,0.50139
6,0.88675,286.97225,23,-0.34968,0.07437,0.38531
6,0.88675,286.97225,24,-0.40246,-0.08281,0.26572
6,0.88675,286.97225,25,-0.41833,-0.09471,0.39159
6,0.88675,286.97225,26,-0.62897,-0.06653,0.18818
6,0.88675,286.97225,27,-0.58236,-0.11904,0.15631
6,0.88675,286.97225,28,-0.67509,0.00429,0.17142
6,0.88675,286.97225,29,-0.33056,-0.10145,0.15553
6,0.88675,286.97225,30,-0.38713,-0.19639,0.10519
6,0.88675,286.97225,31,-0.30196,-0.28186,0.28928
6,0.88675,286.97225,32,-0.39286,-0.34478,0.39976
6,0.88675,286.97225,33,-0.39524,-0.22645,0.38716
6,0.88675,286.97225,34,-0.35509,-0.20955,0.25801
6,0.88675,286.97225,35,-0.31652,-0.29301,0.16417
6,0.88675,286.97225,36,-0.30851,-0.39661,0.23929
6,0.88675,286.97225,37,-0.2465,-0.30988,0.26455
6,0.88675,286.97225,38,-0.27748,-0.40486,0.15925
6,0.88675,286.97225,39,-0.31439,-0.17172,0.13525
6,0.88675,286.97225,40,-0.3015,-0.27742,0.10545
6,0.88675,286.97225,41,-0.31243,-0.3125,0.12714
6,0.88675,286.97225,42,-0.30712,-0.19626,0.03464
6,0.88675,286.97225,43,-0.28209,-0.18218,0.17375
6,0.88675,286.97225,44,-0.39798,-0.17728,0.2631
6,0.88675,286.97225,45,-0.59052,-0.18819,0.4173
6,0.88675,286.97225,46,-0.35962,-0.15285,0.35753
6,0.88675,286.97225,47,-0.26153,-0.11973,0.37169
6,0.88675,286.97225,48,-0.29762,-0.09898,0.24909
6,0.88675,286.97225,49,-0.26785,-0.283,0.18189
6,0.88675,286.97225,50,-0.20288,-0.39463,0.09251
6,0.88675,286.97225,51,-0.10072,-0.38594,0.24248
6,0.88675,286.97225,52,-0.23108,-0.41915,0.26272
6,0.88675,286.97225,53,-0.07095,-0.61506,0.16518
6,0.88675,286.97225,54,-0.26182,-0.66549,0.0943
6,0.88675,286.97225,55,-0.26749,-0.37122,0.18112
6,0.88675,286.97225,56,-0.36016,-0.27518,0.25088
6,0.88675,286.97225,57,-0.38587,-0.15643,0.07567
6,0.88675,286.97225,58,-0.40617,-0.18833,0.19649
6,0.88675,286.97225,59,-0.59917,-0.20305,0.19627
6,0.88675,286.97225,60,-0.61665,-0.24558,0.06345
6,0.88675,286.97225,61,-0.36241,-0.40822,0.08056
6,0.88675,286.97225,62,-0.38838,-0.372,0.10842
6,0.88675,286.97225,63,-0.2383,-0.33178,0.08619
6,0.88675,286.97225,64,-0.34157,-0.15958,0.13044
6,0.88675,286.97225,65,-0.05729,-0.19891,0.10085
6,0.88675,286.97225,66,0.06249,-0.21068,0.10024
7,0.88675,286.97225,1,-0.36647,0.02889,0.63042
7,0.88675,286.97225,2,-0.36472,-0.12509,0.90778
7,0.88675,286.97225,3,-0.41537,-0.24858,0.78231
7,0.88675,286.97225,4,-0.22977,-0.35103,0.70486
7,0.88675,286.97225,5,-0.31429,-0.35629,0.71003
7,0.88675,286.97225,6,-0.35407,-0.31168,0.64636
7,0.88675,286.97225,7,-0.28354,-0.27766,0.5495
7,0.88675,286.97225,8,-0.34823,-0.26592,0.45471
7,0.88675,286.97225,9,-0.29767,-0.2226,0.16734
7,0.88675,286.97225,10,-0.33008,-0.05121,0.14589
7,0.88675,286.97225,11,-0.36698,0.00641,0.19674
7,0.88675,286.97225,12,-0.34579,0.14357,0.2906
7,0.88675,286.97225,13,-0.27176,0.24599,0.25973
7,0.88675,286.97225,14,-0.06579,0.37754,0.28966
7,0.88675,286.97225,15,-0.05803,0.36513,0.31167
7,0.88675,286.97225,16,-0.20444,0.36181,0.30518
7,0.88675,286.97225,17,-0.27223,0.24248,0.26664
7,0.88675,286.97225,18,-0.31859,0.09311,0.33848
7,0.88675,286.97225,19,-0.28702,0.01523,0.49875
7,0.88675,286.97225,20,-0.23488,0.06684,0.55689
7,0.88675,286.97225,21,-0.37218,0.08144,0.59295
7,0.88675,286.97225,22,-0.30013,0.0058,0.50139
7,0.88675,286.97225,23,-0.34968,0.07437,0.38531
7,0.88675,286.97225,24,-0.40246,-0.08281,0.26572
7,0.88675,286.97225,25,-0.41833,-0.09471,0.39159
7,0.88675,286.97225,26,-0.62897,-0.06653,0.18818
7,0.88675,286.97225,27,-0.58236,-0.11904,0.15631
7,0.88675,286.97225,28,-0.67509,0.00429,0.17142
7,0.88675,286.97225,29,-0.33056,-0.10145,0.15553
7,0.88675,286.97225,30,-0.38713,-0.19639,0.10519
7,0.88675,286.97225,31,-0.30196,-0.28186,0.28928
7,0.88675,286.97225,32,-0.39286,-0.34478,0.39976
7,0.88675,286.97225,33,-0.39524,-0.22645,0.38716
7,0.88675,286.97225,34,-0.35509,-0.20955,0.25801
7,0.88675,286.97225,35,-0.31652,-0.29301,0.16417
7,0.88675,286.97225,36,-0.30851,-0.39661,0.23929
7,0.88675,286.97225,37,-0.2465,-0.30988,0.26455
7,0.88675,286.97225,38,-0.27748,-0.40486,0.15925
7,0.88675,286.97225,39,-0.31439,-0.17172,0.13525
7,0.88675,286.97225,40,-0.3015,-0.27742,0.10545
7,0.88675,286.97225,41,-0.31243,-0.3125,0.12714
7,0.88675,286.97225,42,-0.30712,-0.19626,0.03464
7,0.88675,286.97225,43,-0.28209,-0.18218,0.17375
7,0.88675,286.97225,44,-0.39798,-0.17728,0.2631
7,0.88675,286.97225,45,-0.59052,-0.18819,0.4173
7,0.88675,286.97225,46,-0.35962,-0.15285,0.35753
7,0.88675,286.97225,47,-0.26153,-0.11973,0.37169
7,0.88675,286.97225,48,-0.29762,-0.09898,0.24909
7,0.88675,286.97225,49,-0.26785,-0.283,0.18189
7,0.88675,286.97225,50,-0.20288,-0.39463,0.09251
7,0.88675,286.97225,51,-0.10072,-0.38594,0.24248
7,0.88675,286.97225,52,-0.23108,-0.41915,0.26272
7,0.88675,286.97225,53,-0.07095,-0.61506,0.16518
7,0.88675,286.97225,54,-0.26182,-0.66549,0.0943
7,0.88675,286.97225,55,-0.26749,-0.37122,0.18112
7,0.88675,286.97225,56,-0.36016,-0.27518,0.25088
7,0.88675,286.97225,57,-0.38587,-0.15643,0.07567
7,0.88675,286.97225,58,-0.40617,-0.18833,0.19649
7,0.88675,286.97225,59,-0.59917,-0.20305,0.19627
7,0.88675,286.97225,60,-0.61665,-0.24558,0.06345
7,0.88675,286.97225,61,-0.36241,-0.40822,0.08056
7,0.88675,286.97225,62,-0.38838,-0.372,0.10842
7,0.88675,286.97225,63,-0.2383,-0.33178,0.08619
7,0.88675,286.97225,64,-0.34157,-0.15958,0.13044
7,0.88675,286.97225,65,-0.05729,-0.19891,0.10085
7,0.88675,286.97225,66,0.06249,-0.21068,0.10024
8,0.93834,291.11219,1,-0.36647,0.02889,0.63042
8,0.93834,291.11219,2,-0.36318,-0.12482,0.90751
8,0.93834,291.11219,3,-0.41537,-0.24869,0.7763
8,0.93834,291.11219,4,-0.22979,-0.35112,0.69893
8,0.93834,291.11219,5,-0.31437,-0.35378,0.70509
8,0.93834,291.11219,6,-0.35421,-0.30716,0.64222
8,0.93834,291.11219,7,-0.28368,-0.27319,0.54544
8,0.93834,291.11219,8,-0.34838,-0.26152,0.45073
8,0.93834,291.11219,9,-0.29783,-0.21826,0.16344
8,0.93834,291.11219,10,-0.33019,-0.04721,0.14883
8,0.93834,291.11219,11,-0.36705,0.01012,0.20503
8,0.93834,291.11219,12,-0.34587,0.14722,0.29882
8,0.93834,291.11219,13,-0.27185,0.2496,0.26788
8,0.93834,291.11219,14,-0.06589,0.3811,0.29775
8,0.93834,291.11219,15,-0.05803,0.36141,0.31868
8,0.93834,291.11219,16,-0.20439,0.3545,0.31165
8,0.93834,291.11219,17,-0.27218,0.23521,0.27308
8,0.93834,291.11219,18,-0.31854,0.08587,0.3449
8,0.93834,291.11219,19,-0.28698,0.00802,0.50514
8,0.93834,291.11219,20,-0.23484,0.05967,0.56326
8,0.93834,291.11219,21,-0.37214,0.0743,0.5993
8,0.93834,291.11219,22,-0.30009,-0.00131,0.50772
8,0.93834,291.11219,23,-0.34963,0.06728,0.39161
8,0.93834,291.11219,24,-0.40246,-0.08934,0.27152
8,0.93834,291.11219,25,-0.41833,-0.10033,0.39679
8,0.93834,291.11219,26,-0.63083,-0.06949,0.193
8,0.93834,291.11219,27,-0.58236,-0.12204,0.16063
8,0.93834,291.11219,28,-0.6751,0.00131,0.1757
8,0.93834,291.11219,29,-0.33058,-0.10441,0.15978
8,0.93834,291.11219,30,-0.38696,-0.19878,0.10824
8,0.93834,291.11219,31,-0.30002,-0.28181,0.28846
8,0.93834,291.11219,32,-0.39092,-0.34474,0.39894
8,0.93834,291.11219,33,-0.3933,-0.2264,0.38634
8,0.93834,291.11219,34,-0.35316,-0.2095,0.25719
8,0.93834,291.11219,35,-0.3146,-0.29296,0.16335
8,0.93834,291.11219,36,-0.30663,-0.39661,0.23843
8,0.93834,291.11219,37,-0.24463,-0.30988,0.26369
8,0.93834,291.11219,38,-0.27583,-0.40486,0.15835
8,0.93834,291.11219,39,-0.31275,-0.17172,0.13437
8,0.93834,291.11219,40,-0.30017,-0.27771,0.1074
8,0.93834,291.11219,41,-0.31111,-0.31279,0.12908
8,0.93834,291.11219,42,-0.30582,-0.19655,0.03464
8,0.93834,291.11219,43,-0.28079,-0.18246,0.17375
8,0.93834,291.11219,44,-0.39798,-0.17745,0.2634
8,0.93834,291.11219,45,-0.59104,-0.18826,0.41744
8,0.93834,291.11219,46,-0.35729,-0.15306,0.35698
8,0.93834,291.11219,47,-0.25922,-0.11995,0.37114
8,0.93834,291.11219,48,-0.29532,-0.09919,0.24854
8,0.93834,291.11219,49,-0.26556,-0.28321,0.18134
8,0.93834,291.11219,50,-0.20095,-0.39484,0.09335
8,0.93834,291.11219,51,-0.0988,-0.38616,0.24331
8,0.93834,291.11219,52,-0.22928,-0.41915,0.26363
8,0.93834,291.11219,53,-0.0698,-0.61697,0.16582
8,0.93834,291.11219,54,-0.26065,-0.66747,0.09457
8,0.93834,291.11219,55,-0.26698,-0.36801,0.18107
8,0.93834,291.11219,56,-0.35966,-0.272,0.25083
8,0.93834,291.11219,57,-0.38531,-0.1533,0.07567
8,0.93834,291.11219,58,-0.40618,-0.18512,0.1966
8,0.93834,291.11219,59,-0.60022,-0.20057,0.19671
8,0.93834,291.11219,60,-0.61664,-0.24343,0.06345
8,0.93834,291.11219,61,-0.36033,-0.40823,0.0806
8,0.93834,291.11219,62,-0.38631,-0.372,0.10846
8,0.93834,291.11219,63,-0.40065,-0.34451,0.07456
8,0.93834,291.11219,64,-0.41404,-0.34295,0.25665
8,0.93834,291.11219,65,-0.22234,-0.23689,0.18993
8,0.93834,291.11219,66,-0.28409,-0.25164,0.11761
9,0.92797,291.23418,1,-0.36647,0.02889,0.63042
9,0.92797,291.23418,2,-0.36349,-0.12487,0.90757
9,0.92797,291.23418,3,-0.41537,-0.24867,0.7775
9,0.92797,291.23418,4,-0.22978,-0.3511,0.70012
9,0.92797,291.23418,5,-0.31436,-0.35428,0.70608
9,0.92797,291.23418,6,-0.35418,-0.30807,0.64305
9,0.92797,291.23418,7,-0.28366,-0.27409,0.54625
9,0.92797,291.23418,8,-0.34835,-0.2624,0.45153
9,0.92797,291.23418,9,-0.2978,-0.21913,0.16422
9,0.92797,291.23418,10,-0.33017,-0.04801,0.14823
9,0.92797,291.23418,11,-0.36704,0.00937,0.20335
9,0.92797,291.23418,12,-0.34586,0.14649,0.29715
9,0.92797,291.23418,13,-0.27183,0.24888,0.26623
9,0.92797,291.23418,14,-0.06587,0.38039,0.29611
9,0.92797,291.23418,15,-0.05803,0.36182,0.31726
9,0.92797,291.23418,16,-0.2044,0.35547,0.31034
9,0.92797,291.23418,17,-0.27219,0.23618,0.27177
9,0.92797,291.23418,18,-0.31855,0.08683,0.3436
9,0.92797,291.23418,19,-0.28699,0.00898,0.50385
9,0.92797,291.23418,20,-0.23485,0.06062,0.56197
9,0.92797,291.23418,21,-0.37215,0.07524,0.59802
9,0.92797,291.23418,22,-0.3001,-0.00036,0.50645
9,0.92797,291.23418,23,-0.34964,0.06822,0.39034
9,0.92797,291.23418,24,-0.40246,-0.08849,0.27033
9,0.92797,291.23418,25,-0.41833,-0.09961,0.39571
9,0.92797,291.23418,26,-0.63046,-0.06919,0.19197
9,0.92797,291.23418,27,-0.58236,-0.12172,0.15971
9,0.92797,291.23418,28,-0.6751,0.00162,0.17478
9,0.92797,291.23418,29,-0.33058,-0.10411,0.15887
9,0.92797,291.23418,30,-0.38699,-0.19856,0.10759
9,0.92797,291.23418,31,-0.30041,-0.28193,0.28868
9,0.92797,291.23418,32,-0.39131,-0.34485,0.39916
9,0.92797,291.23418,33,-0.39369,-0.22652,0.38656
9,0.92797,291.23418,34,-0.35355,-0.20962,0.25741
9,0.92797,291.23418,35,-0.31498,-0.29308,0.16357
9,0.92797,291.23418,36,-0.30701,-0.39661,0.23869
9,0.92797,291.23418,37,-0.245,-0.30988,0.26395
9,0.92797,291.23418,38,-0.27615,-0.40486,0.15862
9,0.92797,291.23418,39,-0.31307,-0.17172,0.13464
9,0.92797,291.23418,40,-0.30044,-0.27767,0.10696
9,0.92797,291.23418,41,-0.31138,-0.31275,0.12864
9,0.92797,291.23418,42,-0.30609,-0.19651,0.03464
9,0.92797,291.23418,43,-0.28106,-0.18242,0.17375
9,0.92797,291.23418,44,-0.39798,-0.17744,0.26334
9,0.92797,291.23418,45,-0.59094,-0.18825,0.41741
9,0.92797,291.23418,46,-0.35776,-0.15303,0.35709
9,0.92797,291.23418,47,-0.25968,-0.11991,0.37125
9,0.92797,291.23418,48,-0.29579,-0.09916,0.24865
9,0.92797,291.23418,49,-0.26602,-0.28318,0.18145
9,0.92797,291.23418,50,-0.20134,-0.39481,0.09318
9,0.92797,291.23418,51,-0.09919,-0.38612,0.24314
9,0.92797,291.23418,52,-0.22965,-0.41915,0.26344
9,0.92797,291.23418,53,-0.07004,-0.61658,0.16569
9,0.92797,291.23418,54,-0.26089,-0.66707,0.09452
9,0.92797,291.23418,55,-0.26708,-0.36867,0.18109
9,0.92797,291.23418,56,-0.35976,-0.27265,0.25084
9,0.92797,291.23418,57,-0.38543,-0.15393,0.07567
9,0.92797,291.23418,58,-0.40618,-0.18577,0.19658
9,0.92797,291.23418,59,-0.60001,-0.20107,0.19662
9,0.92797,291.23418,60,-0.61664,-0.24387,0.06345
9,0.92797,291.23418,61,-0.36075,-0.40822,0.08059
9,0.92797,291.23418,62,-0.38673,-0.372,0.10845
9,0.92797,291.23418,63,-0.40105,-0.34453,0.07456
9,0.92797,291.23418,64,-0.41404,-0.34307,0.25663
9,0.92797,291.23418,65,-0.39456,-0.25466,0.16926
9,0.92797,291.23418,66,-0.26636,-0.08094,0.17174
10,0.89132,292.22014,1,-0.36647,0.02889,0.63042
10,0.89132,292.22014,2,-0.36459,-0.12507,0.90776
10,0.89132,292.22014,3,-0.41537,-0.24859,0.78178
10,0.89132,292.22014,4,-0.22978,-0.35104,0.70433
10,0.89132,292.22014,5,-0.3143,-0.35606,0.70959
10,0.89132,292.22014,6,-0.35408,-0.31128,0.64599
10,0.89132,292.22014,7,-0.28355,-0.27726,0.54914
10,0.89132,292.22014,8,-0.34824,-0.26553,0.45436
10,0.89132,292.22014,9,-0.29768,-0.22221,0.16699
10,0.89132,292.22014,10,-0.33009,-0.05085,0.14615
10,0.89132,292.22014,11,-0.36698,0.00674,0.19747
10,0.89132,292.22014,12,-0.3458,0.14389,0.29132
10,0.89132,292.22014,13,-0.27177,0.24631,0.26045
10,0.89132,292.22014,14,-0.0658,0.37786,0.29037
10,0.89132,292.22014,15,-0.05803,0.36437,0.31228
10,0.89132,292.22014,16,-0.20443,0.36053,0.30575
10,0.89132,292.22014,17,-0.27222,0.24121,0.2672
10,0.89132,292.22014,18,-0.31858,0.09184,0.33905
10,0.89132,292.22014,19,-0.28702,0.01396,0.49931
10,0.89132,292.22014,20,-0.23488,0.06558,0.55745
10,0.89132,292.22014,21,-0.37218,0.08019,0.59351
10,0.89132,292.22014,22,-0.30013,0.00455,0.50195
10,0.89132,292.22014,23,-0.34967,0.07313,0.38587
10,0.89132,292.22014,24,-0.40246,-0.08397,0.26621
10,0.89132,292.22014,25,-0.41833,-0.09573,0.392
10,0.89132,292.22014,26,-0.62914,-0.06716,0.18853
10,0.89132,292.22014,27,-0.58236,-0.11966,0.15661
10,0.89132,292.22014,28,-0.67509,0.00367,0.17171
10,0.89132,292.22014,29,-0.33056,-0.10207,0.15583
10,0.89132,292.22014,30,-0.38712,-0.19691,0.10541
10,0.89132,292.22014,31,-0.30179,-0.28198,0.28927
10,0.89132,292.22014,32,-0.39269,-0.34491,0.39976
10,0.89132,292.22014,33,-0.39507,-0.22657,0.38715
10,0.89132,292.22014,34,-0.35493,-0.20967,0.258
10,0.89132,292.22014,35,-0.31635,-0.29313,0.16416
10,0.89132,292.22014,36,-0.30834,-0.39661,0.23933
10,0.89132,292.22014,37,-0.24633,-0.30988,0.26459
10,0.89132,292.22014,38,-0.27732,-0.40486,0.15928
10,0.89132,292.22014,39,-0.31423,-0.17172,0.13529
10,0.89132,292.22014,40,-0.30138,-0.27747,0.10557
10,0.89132,292.22014,41,-0.31231,-0.31255,0.12726
10,0.89132,292.22014,42,-0.30701,-0.19631,0.03464
10,0.89132,292.22014,43,-0.28197,-0.18223,0.17375
10,0.89132,292.22014,44,-0.39798,-0.17732,0.26313
10,0.89132,292.22014,45,-0.59057,-0.18821,0.41731
10,0.89132,292.22014,46,-0.35941,-0.15288,0.35748
10,0.89132,292.22014,47,-0.26133,-0.11976,0.37164
10,0.89132,292.22014,48,-0.29742,-0.09901,0.24904
10,0.89132,292.22014,49,-0.26765,-0.28303,0.18184
10,0.89132,292.22014,50,-0.20271,-0.39466,0.09259
10,0.89132,292.22014,51,-0.10055,-0.38598,0.24255
10,0.89132,292.22014,52,-0.23092,-0.41915,0.2628
10,0.89132,292.22014,53,-0.07085,-0.61523,0.16524
10,0.89132,292.22014,54,-0.26172,-0.66566,0.09433
10,0.89132,292.22014,55,-0.26745,-0.37094,0.18112
10,0.89132,292.22014,56,-0.36012,-0.2749,0.25088
10,0.89132,292.22014,57,-0.38583,-0.15616,0.07567
10,0.89132,292.22014,58,-0.40617,-0.18805,0.1965
10,0.89132,292.22014,59,-0.59926,-0.20284,0.19631
10,0.89132,292.22014,60,-0.61665,-0.2454,0.06345
10,0.89132,292.22014,61,-0.36222,-0.40822,0.08057
10,0.89132,292.22014,62,-0.38819,-0.372,0.10842
10,0.89132,292.22014,63,-0.37494,-0.2399,0.07365
10,0.89132,292.22014,64,-0.22322,-0.32768,0.15739
10,0.89132,292.22014,65,-0.16377,-0.30113,0.20923
10,0.89132,292.22014,66,-0.21841,-0.24964,0.26234
11,0.92798,289.92229,1,-0.36647,0.02889,0.63042
11,0.92798,289.92229,2,-0.36349,-0.12487,0.90757
11,0.92798,289.92229,3,-0.41537,-0.24867,0.7775
11,0.92798,289.92229,4,-0.22978,-0.3511,0.70012
11,0.92798,289.92229,5,-0.31436,-0.35428,0.70608
11,0.92798,289.92229,6,-0.35418,-0.30806,0.64305
11,0.92798,289.92229,7,-0.28366,-0.27409,0.54625
11,0.92798,289.92229,8,-0.34835,-0.2624,0.45153
11,0.92798,289.92229,9,-0.2978,-0.21913,0.16422
11,0.92798,289.92229,10,-0.33017,-0.04801,0.14823
11,0.92798,289.92229,11,-0.36704,0.00937,0.20335
11,0.92798,289.92229,12,-0.34586,0.14649,0.29715
11,0.92798,289.92229,13,-0.27183,0.24888,0.26623
11,0.92798,289.92229,14,-0.06587,0.38039,0.29611
11,0.92798,289.92229,15,-0.05803,0.36182,0.31726
11,0.92798,289.92229,16,-0.2044,0.35547,0.31034
11,0.92798,289.92229,17,-0.27219,0.23618,0.27178
11,0.92798,289.92229,18,-0.31855,0.08683,0.3436
11,0.92798,289.92229,19,-0.28699,0.00898,0.50385
11,0.92798,289.92229,20,-0.23485,0.06062,0.56198
11,0.92798,289.92229,21,-0.37215,0.07524,0.59802
11,0.92798,289.92229,22,-0.3001,-0.00036,0.50645
11,0.92798,289.92229,23,-0.34964,0.06822,0.39034
11,0.92798,289.92229,24,-0.40246,-0.08849,0.27034
11,0.92798,289.92229,25,-0.41833,-0.09961,0.39571
11,0.92798,289.92229,26,-0.63046,-0.06919,0.19197
11,0.92798,289.92229,27,-0.58236,-0.12172,0.15971
11,0.92798,289.92229,28,-0.6751,0.00162,0.17478
11,0.92798,289.92229,29,-0.33058,-0.10411,0.15887
11,0.92798,289.92229,30,-0.38699,-0.19856,0.10759
11,0.92798,289.92229,31,-0.30041,-0.28193,0.28868
11,0.92798,289.92229,32,-0.39131,-0.34485,0.39916
11,0.92798,289.92229,33,-0.39369,-0.22652,0.38656
11,0.92798,289.92229,34,-0.35355,-0.20962,0.25741
11,0.92798,289.92229,35,-0.31498,-0.29308,0.16357
11,0.92798,289.92229,36,-0.30701,-0.39661,0.23869
11,0.92798,289.92229,37,-0.245,-0.30988,0.26395
11,0.92798,289.92229,38,-0.27615,-0.40486,0.15862
11,0.92798,289.92229,39,-0.31307,-0.17172,0.13464
11,0.92798,289.92229,40,-0.30044,-0.27767,0.10696
11,0.92798,289.92229,41,-0.31138,-0.31275,0.12864
11,0.92798,289.92229,42,-0.30609,-0.19651,0.03464
11,0.92798,289.92229,43,-0.28106,-0.18242,0.17375
11,0.92798,289.92229,44,-0.39798,-0.17744,0.26334
11,0.92798,289.92229,45,-0.59094,-0.18825,0.41741
11,0.92798,289.92229,46,-0.35776,-0.15303,0.35709
11,0.92798,289.92229,47,-0.25968,-0.11991,0.37125
11,0.92798,289.92229,48,-0.29579,-0.09916,0.24865
11,0.92798,289.92229,49,-0.26602,-0.28318,0.18145
11,0.92798,289.92229,50,-0.20134,-0.39481,0.09318
11,0.92798,289.92229,51,-0.09919,-0.38612,0.24314
11,0.92798,289.92229,52,-0.22965,-0.41915,0.26345
11,0.92798,289.92229,53,-0.07004,-0.61658,0.16569
11,0.92798,289.92229,54,-0.26089,-0.66707,0.09452
11,0.92798,289.92229,55,-0.26708,-0.36867,0.18109
11,0.92798,289.92229,56,-0.35976,-0.27265,0.25084
11,0.92798,289.92229,57,-0.38543,-0.15393,0.07567
11,0.92798,289.92229,58,-0.40618,-0.18577,0.19658
11,0.92798,289.92229,59,-0.60001,-0.20107,0.19662
11,0.92798,289.92229,60,-0.61664,-0.24387,0.06345
11,0.92798,289.92229,61,-0.36075,-0.40822,0.08059
11,0.92798,289.92229,62,-0.38673,-0.372,0.10845
11,0.92798,289.92229,63,-0.23046,-0.41516,0.18353
11,0.92798,289.92229,64,-0.20928,-0.33168,0.21765
11,0.92798,289.92229,65,-0.12077,-0.16908,0.25026
11,0.92798,289.92229,66,-0.23711,-0.11715,0.14988
12,0.70996,288.59659,1,-0.36647,0.02889,0.63042
12,0.70996,288.59659,2,-0.36999,-0.12603,0.90869
12,0.70996,288.59659,3,-0.41536,-0.24811,0.80304
12,0.70996,288.59659,4,-0.22973,-0.35065,0.72532
12,0.70996,288.59659,5,-0.314,-0.36487,0.72708
12,0.70996,288.59659,6,-0.35355,-0.32725,0.66066
12,0.70996,288.59659,7,-0.28298,-0.29302,0.56356
12,0.70996,288.59659,8,-0.34763,-0.28108,0.46852
12,0.70996,288.59659,9,-0.29704,-0.23756,0.18088
12,0.70996,288.59659,10,-0.32964,-0.06504,0.13658
12,0.70996,288.59659,11,-0.36669,-0.00649,0.16949
12,0.70996,288.59659,12,-0.34548,0.13082,0.26357
12,0.70996,288.59659,13,-0.27142,0.23339,0.2329
12,0.70996,288.59659,14,-0.06543,0.36508,0.263
12,0.70996,288.59659,15,-0.05593,0.3773,0.28649
12,0.70996,288.59659,16,-0.2046,0.36832,0.28395
12,0.70996,288.59659,17,-0.27238,0.24895,0.24548
12,0.70996,288.59659,18,-0.31874,0.09955,0.31738
12,0.70996,288.59659,19,-0.28717,0.02166,0.47772
12,0.70996,288.59659,20,-0.23504,0.07326,0.53594
12,0.70996,288.59659,21,-0.37234,0.08785,0.57211
12,0.70996,288.59659,22,-0.3003,0.01221,0.48068
12,0.70996,288.59659,23,-0.34985,0.08077,0.36474
12,0.70996,288.59659,24,-0.40247,-0.07732,0.24592
12,0.70996,288.59659,25,-0.41835,-0.0905,0.37256
12,0.70996,288.59659,26,-0.62261,-0.0657,0.16845
12,0.70996,288.59659,27,-0.58234,-0.11804,0.13831
12,0.70996,288.59659,28,-0.67504,0.00529,0.15357
12,0.70996,288.59659,29,-0.33047,-0.10045,0.13786
12,0.70996,288.59659,30,-0.38773,-0.19541,0.11109
12,0.70996,288.59659,31,-0.31994,-0.28513,0.28368
12,0.70996,288.59659,32,-0.39482,-0.34803,0.39818
12,0.70996,288.59659,33,-0.39548,-0.22968,0.38601
12,0.70996,288.59659,34,-0.35533,-0.21278,0.25686
12,0.70996,288.59659,35,-0.31676,-0.29623,0.16302
12,0.70996,288.59659,36,-0.30833,-0.39661,0.2394
12,0.70996,288.59659,37,-0.24632,-0.30988,0.26466
12,0.70996,288.59659,38,-0.27702,-0.40486,0.15939
12,0.70996,288.59659,39,-0.31393,-0.17172,0.1354
12,0.70996,288.59659,40,-0.29767,-0.27743,0.10014
12,0.70996,288.59659,41,-0.30861,-0.3125,0.12185
12,0.70996,288.59659,42,-0.30335,-0.19626,0.03464
12,0.70996,288.59659,43,-0.27834,-0.18218,0.17375
12,0.70996,288.59659,44,-0.39798,-0.17699,0.26398
12,0.70996,288.59659,45,-0.58873,-0.18769,0.41858
12,0.70996,288.59659,46,-0.3674,-0.15197,0.35957
12,0.70996,288.59659,47,-0.26928,-0.11886,0.37372
12,0.70996,288.59659,48,-0.30533,-0.0981,0.25112
12,0.70996,288.59659,49,-0.27551,-0.28212,0.1839
12,0.70996,288.59659,50,-0.20927,-0.39359,0.08979
12,0.70996,288.59659,51,-0.10708,-0.3849,0.23977
12,0.70996,288.59659,52,-0.23552,-0.41915,0.26051
12,0.70996,288.59659,53,-0.07334,-0.60853,0.1639
12,0.70996,288.59659,54,-0.26344,-0.65907,0.09283
12,0.70996,288.59659,55,-0.26797,-0.38131,0.1804
12,0.70996,288.59659,56,-0.36064,-0.28518,0.25017
12,0.70996,288.59659,57,-0.38617,-0.16653,0.07568
12,0.70996,288.59659,58,-0.40617,-0.19817,0.196
12,0.70996,288.59659,59,-0.59556,-0.21004,0.19561
12,0.70996,288.59659,60,-0.61665,-0.25129,0.06345
12,0.70996,288.59659,61,-0.36953,-0.40822,0.08022
12,0.70996,288.59659,62,-0.39546,-0.37199,0.10808
12,0.70996,288.59659,63,-0.38208,-0.24029,0.07366
12,0.70996,288.59659,64,-0.23032,-0.32806,0.1574
12,0.70996,288.59659,65,-0.19864,-0.18254,0.30493
12,0.70996,288.59659,66,-0.23235,-0.26562,0.40871
13,0.92797,291.23418,1,-0.36647,0.02889,0.63042
13,0.92797,291.23418,2,-0.36349,-0.12487,0.90757
13,0.92797,291.23418,3,-0.41537,-0.24867,0.7775
13,0.92797,291.23418,4,-0.22978,-0.3511,0.70012
13,0.92797,291.23418,5,-0.31436,-0.35428,0.70608
13,0.92797,291.23418,6,-0.35418,-0.30807,0.64305
13,0.92797,291.23418,7,-0.28366,-0.27409,0.54625
13,0.92797,291.23418,8,-0.34835,-0.2624,0.45153
13,0.92797,291.23418,9,-0.2978,-0.21913,0.16422
13,0.92797,291.23418,10,-0.33017,-0.04801,0.14823
13,0.92797,291.23418,11,-0.36704,0.00937,0.20335
13,0.92797,291.23418,12,-0.34586,0.14649,0.29715
13,0.92797,291.23418,13,-0.27183,0.24888,0.26623
13,0.92797,291.23418,14,-0.06587,0.38039,0.29611
13,0.92797,291.23418,15,-0.05803,0.36182,0.31726
13,0.92797,291.23418,16,-0.2044,0.35547,0.31034
13,0.92797,291.23418,17,-0.27219,0.23618,0.27177
13,0.92797,291.23418,18,-0.31855,0.08683,0.3436
13,0.92797,291.23418,19,-0.28699,0.00898,0.50385
13,0.92797,291.23418,20,-0.23485,0.06062,0.56197
13,0.92797,291.23418,21,-0.37215,0.07524,0.59802
13,0.92797,291.23418,22,-0.3001,-0.00036,0.50645
13,0.92797,291.23418,23,-0.34964,0.06822,0.39034
13,0.92797,291.23418,24,-0.40246,-0.08849,0.27033
13,0.92797,291.23418,25,-0.41833,-0.09961,0.39571
13,0.92797,291.23418,26,-0.63046,-0.06919,0.19197
13,0.92797,291.23418,27,-0.58236,-0.12172,0.15971
13,0.92797,291.23418,28,-0.6751,0.00162,0.17478
13,0.92797,291.23418,29,-0.33058,-0.10411,0.15887
13,0.92797,291.23418,30,-0.38699,-0.19856,0.10759
13,0.92797,291.23418,31,-0.30041,-0.28193,0.28868
13,0.92797,291.23418,32,-0.39131,-0.34485,0.39916
13,0.92797,291.23418,33,-0.39369,-0.22652,0.38656
13,0.92797,291.23418,34,-0.35355,-0.20962,0.25741
13,0.92797,291.23418,35,-0.31498,-0.29308,0.16357
13,0.92797,291.23418,36,-0.30701,-0.39661,0.23869
13,0.92797,291.23418,37,-0.245,-0.30988,0.26395
13,0.92797,291.23418,38,-0.27615,-0.40486,0.15862
13,0.92797,291.23418,39,-0.31307,-0.17172,0.13464
13,0.92797,291.23418,40,-0.30044,-0.27767,0.10696
13,0.92797,291.23418,41,-0.31138,-0.31275,0.12864
13,0.92797,291.23418,42,-0.30609,-0.19651,0.03464
13,0.92797,291.23418,43,-0.28106,-0.18242,0.17375
13,0.92797,291.23418,44,-0.39798,-0.17744,0.26334
13,0.92797,291.23418,45,-0.59094,-0.18825,0.41741
13,0.92797,291.23418,46,-0.35776,-0.15303,0.35709
13,0.92797,291.23418,47,-0.25968,-0.11991,0.37125
13,0.92797,291.23418,48,-0.29579,-0.09916,0.24865
13,0.92797,291.23418,49,-0.26602,-0.28318,0.18145
13,0.92797,291.23418,50,-0.20134,-0.39481,0.09318
13,0.92797,291.23418,51,-0.09919,-0.38612,0.24314
13,0.92797,291.23418,52,-0.22965,-0.41915,0.26344
13,0.92797,291.23418,53,-0.07004,-0.61658,0.16569
13,0.92797,291.23418,54,-0.26089,-0.66707,0.09452
13,0.92797,291.23418,55,-0.26708,-0.36867,0.18109
13,0.92797,291.23418,56,-0.35976,-0.27265,0.25084
13,0.92797,291.23418,57,-0.38543,-0.15393,0.07567
13,0.92797,291.23418,58,-0.40618,-0.18577,0.19658
13,0.92797,291.23418,59,-0.60001,-0.20107,0.19662
13,0.92797,291.23418,60,-0.61664,-0.24387,0.06345
13,0.92797,291.23418,61,-0.36075,-0.40822,0.08059
13,0.92797,291.23418,62,-0.38673,-0.372,0.10845
13,0.92797,291.23418,63,-0.40105,-0.34453,0.07456
13,0.92797,291.23418,64,-0.41404,-0.34307,0.25663
13,0.92797,291.23418,65,-0.39456,-0.25466,0.16926
13,0.92797,291.23418,66,-0.26636,-0.08094,0.17174
14,0.92797,291.23418,1,-0.36647,0.02889,0.63042
14,0.92797,291.23418,2,-0.36349,-0.12487,0.90757
14,0.92797,291.23418,3,-0.41537,-0.24867,0.7775
14,0.92797,291.23418,4,-0.22978,-0.3511,0.70012
14,0.92797,291.23418,5,-0.31436,-0.35428,0.70608
14,0.92797,291.23418,6,-0.35418,-0.30807,0.64305
14,0.92797,291.23418,7,-0.28366,-0.27409,0.54625
14,0.92797,291.23418,8,-0.34835,-0.2624,0.45153
14,0.92797,291.23418,9,-0.2978,-0.21913,0.16422
14,0.92797,291.23418,10,-0.33017,-0.04801,0.14823
14,0.92797,291.23418,11,-0.36704,0.00937,0.20335
14,0.92797,291.23418,12,-0.34586,0.14649,0.29715
14,0.92797,291.23418,13,-0.27183,0.24888,0.26623
14,0.92797,291.23418,14,-0.06587,0.38039,0.29611
14,0.92797,291.23418,15,-0.05803,0.36182,0.31726
14,0.92797,291.23418,16,-0.2044,0.35547,0.31034
14,0.92797,291.23418,17,-0.27219,0.23618,0.27177
14,0.92797,291.23418,18,-0.31855,0.08683,0.3436
14,0.92797,291.23418,19,-0.28699,0.00898,0.50385
14,0.92797,291.23418,20,-0.23485,0.06062,0.56197
14,0.92797,291.23418,21,-0.37215,0.07524,0.59802
14,0.92797,291.23418,22,-0.3001,-0.00036,0.50645
14,0.92797,291.23418,23,-0.34964,0.06822,0.39034
14,0.92797,291.23418,24,-0.40246,-0.08849,0.27033
14,0.92797,291.23418,25,-0.41833,-0.09961,0.39571
14,0.92797,291.23418,26,-0.63046,-0.06919,0.19197
14,0.92797,291.23418,27,-0.58236,-0.12172,0.15971
14,0.92797,291.23418,28,-0.6751,0.00162,0.17478
14,0.92797,291.23418,29,-0.33058,-0.10411,0.15887
14,0.92797,291.23418,30,-0.38699,-0.19856,0.10759
14,0.92797,291.23418,31,-0.30041,-0.28193,0.28868
14,0.92797,291.23418,32,-0.39131,-0.34485,0.39916
14,0.92797,291.23418,33,-0.39369,-0.22652,0.38656
14,0.92797,291.23418,34,-0.35355,-0.20962,0.25741
14,0.92797,291.23418,35,-0.31498,-0.29308,0.16357
14,0.92797,291.23418,36,-0.30701,-0.39661,0.23869
14,0.92797,291.23418,37,-0.245,-0.30988,0.26395
14,0.92797,291.23418,38,-0.27615,-0.40486,0.15862
14,0.92797,291.23418,39,-0.31307,-0.17172,0.13464
14,0.92797,291.23418,40,-0.30044,-0.27767,0.10696
14,0.92797,291.23418,41,-0.31138,-0.31275,0.12864
14,0.92797,291.23418,42,-0.30609,-0.19651,0.03464
14,0.92797,291.23418,43,-0.28106,-0.18242,0.17375
14,0.92797,291.23418,44,-0.39798,-0.17744,0.26334
14,0.92797,291.23418,45,-0.59094,-0.18825,0.41741
14,0.92797,291.23418,46,-0.35776,-0.15303,0.35709
14,0.92797,291.23418,47,-0.25968,-0.11991,0.37125
14,0.92797,291.23418,48,-0.29579,-0.09916,0.24865
14,0.92797,291.23418,49,-0.26602,-0.28318,0.18145
14,0.92797,291.23418,50,-0.20134,-0.39481,0.09318
14,0.92797,291.23418,51,-0.09919,-0.38612,0.24314
14,0.92797,291.23418,52,-0.22965,-0.41915,0.26344
14,0.92797,291.23418,53,-0.07004,-0.61658,0.16569
14,0.92797,291.23418,54,-0.26089,-0.66707,0.09452
14,0.92797,291.23418,55,-0.26708,-0.36867,0.18109
14,0.92797,291.23418,56,-0.35976,-0.27265,0.25084
14,0.92797,291.23418,57,-0.38543,-0.15393,0.07567
14,0.92797,291.23418,58,-0.40618,-0.18577,0.19658
14,0.92797,291.23418,59,-0.60001,-0.20107,0.19662
14,0.92797,291.23418,60,-0.61664,-0.24387,0.06345
14,0.92797,291.23418,61,-0.36075,-0.40822,0.08059
14,0.92797,291.23418,62,-0.38673,-0.372,0.10845
14,0.92797,291.23418,63,-0.40105,-0.34453,0.07456
14,0.92797,291.23418,64,-0.41404,-0.34307,0.25663
14,0.92797,291.23418,65,-0.39456,-0.25466,0.16926
14,0.92797,291.23418,66,-0.26636,-0.08094,0.17174
15,0.92797,291.23418,1,-0.36647,0.02889,0.63042
15,0.92797,291.23418,2,-0.36349,-0.12487,0.90757
15,0.92797,291.23418,3,-0.41537,-0.24867,0.7775
15,0.92797,291.23418,4,-0.22978,-0.3511,0.70012
15,0.92797,291.23418,5,-0.31436,-0.35428,0.70608
15,0.92797,291.23418,6,-0.35418,-0.30807,0.64305
15,0.92797,291.23418,7,-0.28366,-0.27409,0.54625
15,0.92797,291.23418,8,-0.34835,-0.2624,0.45153
15,0.92797,291.23418,9,-0.2978,-0.21913,0.16422
15,0.92797,291.23418,10,-0.33017,-0.04801,0.14823
15,0.92797,291.23418,11,-0.36704,0.00937,0.20335
15,0.92797,291.23418,12,-0.34586,0.14649,0.29715
15,0.92797,291.23418,13,-0.27183,0.24888,0.26623
15,0.92797,291.23418,14,-0.06587,0.38039,0.29611
15,0.92797,291.23418,15,-0.05803,0.36182,0.31726
15,0.92797,291.23418,16,-0.2044,0.35547,0.31034
15,0.92797,291.23418,17,-0.27219,0.23618,0.27177
15,0.92797,291.23418,18,-0.31855,0.08683,0.3436
15,0.92797,291.23418,19,-0.28699,0.00898,0.50385
15,0.92797,291.23418,20,-0.23485,0.06062,0.56197
15,0.92797,291.23418,21,-0.37215,0.07524,0.59802
15,0.92797,291.23418,22,-0.3001,-0.00036,0.50645
15,0.92797,291.23418,23,-0.34964,0.06822,0.39034
15,0.92797,291.23418,24,-0.40246,-0.08849,0.27033
15,0.92797,291.23418,25,-0.41833,-0.09961,0.39571
15,0.92797,291.23418,26,-0.63046,-0.06919,0.19197
15,0.92797,291.23418,27,-0.58236,-0.12172,0.15971
15,0.92797,291.23418,28,-0.6751,0.00162,0.17478
15,0.92797,291.23418,29,-0.33058,-0.10411,0.15887
15,0.92797,291.23418,30,-0.38699,-0.19856,0.10759
15,0.92797,291.23418,31,-0.30041,-0.28193,0.28868
15,0.92797,291.23418,32,-0.39131,-0.34485,0.39916
15,0.92797,291.23418,33,-0.39369,-0.22652,0.38656
15,0.92797,291.23418,34,-0.35355,-0.20962,0.25741
15,0.92797,291.23418,35,-0.31498,-0.29308,0.16357
15,0.92797,291.23418,36,-0.30701,-0.39661,0.23869
15,0.92797,291.23418,37,-0.245,-0.30988,0.26395
15,0.92797,291.23418,38,-0.27615,-0.40486,0.15862
15,0.92797,291.23418,39,-0.31307,-0.17172,0.13464
15,0.92797,291.23418,40,-0.30044,-0.27767,0.10696
15,0.92797,291.23418,41,-0.31138,-0.31275,0.12864
15,0.92797,291.23418,42,-0.30609,-0.19651,0.03464
15,0.92797,291.23418,43,-0.28106,-0.18242,0.17375
15,0.92797,291.23418,44,-0.39798,-0.17744,0.26334
15,0.92797,291.23418,45,-0.59094,-0.18825,0.41741
15,0.92797,291.23418,46,-0.35776,-0.15303,0.35709
15,0.92797,291.23418,47,-0.25968,-0.11991,0.37125
15,0.92797,291.23418,48,-0.29579,-0.09916,0.24865
15,0.92797,291.23418,49,-0.26602,-0.28318,0.18145
15,0.92797,291.23418,50,-0.20134,-0.39481,0.09318
15,0.92797,291.23418,51,-0.09919,-0.38612,0.24314
15,0.92797,291.23418,52,-0.22965,-0.41915,0.26344
15,0.92797,291.23418,53,-0.07004,-0.61658,0.16569
15,0.92797,291.23418,54,-0.26089,-0.66707,0.09452
15,0.92797,291.23418,55,-0.26708,-0.36867,0.18109
15,0.92797,291.23418,56,-0.35976,-0.27265,0.25084
15,0.92797,291.23418,57,-0.38543,-0.15393,0.07567
15,0.92797,291.23418,58,-0.40618,-0.18577,0.19658
15,0.92797,291.23418,59,-0.60001,-0.20107,0.19662
15,0.92797,291.23418,60,-0.61664,-0.24387,0.06345
15,0.92797,291.23418,61,-0.36075,-0.40822,0.08059
15,0.92797,291.23418,62,-0.38673,-0.372,0.10845
15,0.92797,291.23418,63,-0.40105,-0.34453,0.07456
15,0.92797,291.23418,64,-0.41404,-0.34307,0.25663
15,0.92797,291.23418,65,-0.39456,-0.25466,0.16926
15,0.92797,291.23418,66,-0.26636,-0.08094,0.17174
16,0.89132,292.22014,1,-0.36647,0.02889,0.63042
16,0.89132,292.22014,2,-0.36459,-0.12507,0.90776
16,0.89132,292.22014,3,-0.41537,-0.24859,0.78178
16,0.89132,292.22014,4,-0.22978,-0.35104,0.70433
16,0.89132,292.22014,5,-0.3143,-0.35606,0.70959
16,0.89132,292.22014,6,-0.35408,-0.31128,0.64599
16,0.89132,292.22014,7,-0.28355,-0.27726,0.54914
16,0.89132,292.22014,8,-0.34824,-0.26553,0.45436
16,0.89132,292.22014,9,-0.29768,-0.22221,0.16699
16,0.89132,292.22014,10,-0.33009,-0.05085,0.14615
16,0.89132,292.22014,11,-0.36698,0.00674,0.19747
16,0.89132,292.22014,12,-0.3458,0.14389,0.29132
16,0.89132,292.22014,13,-0.27177,0.24631,0.26045
16,0.89132,292.22014,14,-0.0658,0.37786,0.29037
16,0.89132,292.22014,15,-0.05803,0.36437,0.31228
16,0.89132,292.22014,16,-0.20443,0.36053,0.30575
16,0.89132,292.22014,17,-0.27222,0.24121,0.2672
16,0.89132,292.22014,18,-0.31858,0.09184,0.33905
16,0.89132,292.22014,19,-0.28702,0.01396,0.49931
16,0.89132,292.22014,20,-0.23488,0.06558,0.55745
16,0.89132,292.22014,21,-0.37218,0.08019,0.59351
16,0.89132,292.22014,22,-0.30013,0.00455,0.50195
16,0.89132,292.22014,23,-0.34967,0.07313,0.38587
16,0.89132,292.22014,24,-0.40246,-0.08397,0.26621
16,0.89132,292.22014,25,-0.41833,-0.09573,0.392
16,0.89132,292.22014,26,-0.62914,-0.06716,0.18853
16,0.89132,292.22014,27,-0.58236,-0.11966,0.15661
16,0.89132,292.22014,28,-0.67509,0.00367,0.17171
16,0.89132,292.22014,29,-0.33056,-0.10207,0.15583
16,0.89132,292.22014,30,-0.38712,-0.19691,0.10541
16,0.89132,292.22014,31,-0.30179,-0.28198,0.28927
16,0.89132,292.22014,32,-0.39269,-0.34491,0.39976
16,0.89132,292.22014,33,-0.39507,-0.22657,0.38715
16,0.89132,292.22014,34,-0.35493,-0.20967,0.258
16,0.89132,292.22014,35,-0.31635,-0.29313,0.16416
16,0.89132,292.22014,36,-0.30834,-0.39661,0.23933
16,0.89132,292.22014,37,-0.24633,-0.30988,0.26459
16,0.89132,292.22014,38,-0.27732,-0.40486,0.15928
16,0.89132,292.22014,39,-0.31423,-0.17172,0.13529
16,0.89132,292.22014,40,-0.30138,-0.27747,0.10557
16,0.89132,292.22014,41,-0.31231,-0.31255,0.12726
16,0.89132,292.22014,42,-0.30701,-0.19631,0.03464
16,0.89132,292.22014,43,-0.28197,-0.18223,0.17375
16,0.89132,292.22014,44,-0.39798,-0.17732,0.26313
16,0.89132,292.22014,45,-0.59057,-0.18821,0.41731
16,0.89132,292.22014,46,-0.35941,-0.15288,0.35748
16,0.89132,292.22014,47,-0.26133,-0.11976,0.37164
16,0.89132,292.22014,48,-0.29742,-0.09901,0.24904
16,0.89132,292.22014,49,-0.26765,-0.28303,0.18184
16,0.89132,292.22014,50,-0.20271,-0.39466,0.09259
16,0.89132,292.22014,51,-0.10055,-0.38598,0.24255
16,0.89132,292.22014,52,-0.23092,-0.41915,0.2628
16,0.89132,292.22014,53,-0.07085,-0.61523,0.16524
16,0.89132,292.22014,54,-0.26172,-0.66566,0.09433
16,0.89132,292.22014,55,-0.26745,-0.37094,0.18112
16,0.89132,292.22014,56,-0.36012,-0.2749,0.25088
16,0.89132,292.22014,57,-0.38583,-0.15616,0.07567
16,0.89132,292.22014,58,-0.40617,-0.18805,0.1965
16,0.89132,292.22014,59,-0.59926,-0.20284,0.19631
16,0.89132,292.22014,60,-0.61665,-0.2454,0.06345
16,0.89132,292.22014,61,-0.36222,-0.40822,0.08057
16,0.89132,292.22014,62,-0.38819,-0.372,0.10842
16,0.89132,292.22014,63,-0.37494,-0.2399,0.07365
16,0.89132,292.22014,64,-0.22322,-0.32768,0.15739
16,0.89132,292.22014,65,-0.16377,-0.30113,0.20923
16,0.89132,292.22014,66,-0.21841,-0.24964,0.26234
17,0.84783,291.13217,1,-0.36647,0.02889,0.63042
17,0.84783,291.13217,2,-0.36588,-0.1253,0.90798
17,0.84783,291.13217,3,-0.41537,-0.24849,0.78686
17,0.84783,291.13217,4,-0.22976,-0.35096,0.70935
17,0.84783,291.13217,5,-0.31423,-0.35818,0.71376
17,0.84783,291.13217,6,-0.35396,-0.3151,0.64949
17,0.84783,291.13217,7,-0.28342,-0.28103,0.55257
17,0.84783,291.13217,8,-0.3481,-0.26924,0.45773
17,0.84783,291.13217,9,-0.29754,-0.22588,0.1703
17,0.84783,291.13217,10,-0.32999,-0.05423,0.14375
17,0.84783,291.13217,11,-0.36692,0.00359,0.19059
17,0.84783,291.13217,12,-0.34573,0.14079,0.28451
17,0.84783,291.13217,13,-0.27169,0.24325,0.25369
17,0.84783,291.13217,14,-0.06572,0.37483,0.28366
17,0.84783,291.13217,15,-0.05804,0.37152,0.30645
17,0.84783,291.13217,16,-0.20448,0.3727,0.30036
17,0.84783,291.13217,17,-0.27226,0.25333,0.26184
17,0.84783,291.13217,18,-0.31862,0.10391,0.3337
17,0.84783,291.13217,19,-0.28705,0.02598,0.49397
17,0.84783,291.13217,20,-0.23491,0.07756,0.55212
17,0.84783,291.13217,21,-0.3722,0.09212,0.5882
17,0.84783,291.13217,22,-0.30016,0.01643,0.49666
17,0.84783,291.13217,23,-0.3497,0.08495,0.3806
17,0.84783,291.13217,24,-0.40246,-0.07301,0.26151
17,0.84783,291.13217,25,-0.41833,-0.08614,0.38797
17,0.84783,291.13217,26,-0.62758,-0.06125,0.18497
17,0.84783,291.13217,27,-0.58236,-0.11385,0.15348
17,0.84783,291.13217,28,-0.67509,0.00945,0.1686
17,0.84783,291.13217,29,-0.33055,-0.09632,0.15275
17,0.84783,291.13217,30,-0.38727,-0.19199,0.1031
17,0.84783,291.13217,31,-0.30351,-0.28079,0.28949
17,0.84783,291.13217,32,-0.3944,-0.34372,0.39997
17,0.84783,291.13217,33,-0.39548,-0.22539,0.38769
17,0.84783,291.13217,34,-0.35533,-0.2085,0.25854
17,0.84783,291.13217,35,-0.31676,-0.29196,0.16469
17,0.84783,291.13217,36,-0.30892,-0.39661,0.23929
17,0.84783,291.13217,37,-0.24691,-0.30988,0.26455
17,0.84783,291.13217,38,-0.27792,-0.40486,0.15923
17,0.84783,291.13217,39,-0.31483,-0.17172,0.13524
17,0.84783,291.13217,40,-0.30168,-0.27713,0.1043
17,0.84783,291.13217,41,-0.31261,-0.31221,0.12599
17,0.84783,291.13217,42,-0.3073,-0.19598,0.03464
17,0.84783,291.13217,43,-0.28227,-0.1819,0.17375
17,0.84783,291.13217,44,-0.39798,-0.17701,0.26306
17,0.84783,291.13217,45,-0.59013,-0.18802,0.41738
17,0.84783,291.13217,46,-0.36136,-0.15269,0.35775
17,0.84783,291.13217,47,-0.26326,-0.11957,0.37191
17,0.84783,291.13217,48,-0.29935,-0.09882,0.24931
17,0.84783,291.13217,49,-0.26956,-0.28284,0.1821
17,0.84783,291.13217,50,-0.20439,-0.39444,0.09198
17,0.84783,291.13217,51,-0.10222,-0.38575,0.24195
17,0.84783,291.13217,52,-0.23246,-0.41915,0.26212
17,0.84783,291.13217,53,-0.07181,-0.61362,0.16474
17,0.84783,291.13217,54,-0.26265,-0.66402,0.09407
17,0.84783,291.13217,55,-0.26784,-0.37356,0.18112
17,0.84783,291.13217,56,-0.36051,-0.2775,0.25088
17,0.84783,291.13217,57,-0.38625,-0.15874,0.07567
17,0.84783,291.13217,58,-0.40617,-0.19067,0.1964
17,0.84783,291.13217,59,-0.59838,-0.20485,0.19596
17,0.84783,291.13217,60,-0.61665,-0.24712,0.06345
17,0.84783,291.13217,61,-0.36397,-0.40822,0.08053
17,0.84783,291.13217,62,-0.38993,-0.372,0.10838
17,0.84783,291.13217,63,-0.23367,-0.41516,0.18352
17,0.84783,291.13217,64,-0.21246,-0.33167,0.21764
17,0.84783,291.13217,65,-0.19874,-0.29303,0.22968
17,0.84783,291.13217,66,-0.04116,-0.24041,0.26318
18,0.93834,291.11219,1,-0.36647,0.02889,0.63042
18,0.93834,291.11219,2,-0.36318,-0.12482,0.90751
18,0.93834,291.11219,3,-0.41537,-0.24869,0.7763
18,0.93834,291.11219,4,-0.22979,-0.35112,0.69893
18,0.93834,291.11219,5,-0.31437,-0.35378,0.70509
18,0.93834,291.11219,6,-0.35421,-0.30716,0.64222
18,0.93834,291.11219,7,-0.28368,-0.27319,0.54544
18,0.93834,291.11219,8,-0.34838,-0.26152,0.45073
18,0.93834,291.11219,9,-0.29783,-0.21826,0.16344
18,0.93834,291.11219,10,-0.33019,-0.04721,0.14883
18,0.93834,291.11219,11,-0.36705,0.01012,0.20503
18,0.93834,291.11219,12,-0.34587,0.14722,0.29882
18,0.93834,291.11219,13,-0.27185,0.2496,0.26788
18,0.93834,291.11219,14,-0.06589,0.3811,0.29775
18,0.93834,291.11219,15,-0.05803,0.36141,0.31868
18,0.93834,291.11219,16,-0.20439,0.3545,0.31165
18,0.93834,291.11219,17,-0.27218,0.23521,0.27308
18,0.93834,291.11219,18,-0.31854,0.08587,0.3449
18,0.93834,291.11219,19,-0.28698,0.00802,0.50514
18,0.93834,291.11219,20,-0.23484,0.05967,0.56326
18,0.93834,291.11219,21,-0.37214,0.0743,0.5993
18,0.93834,291.11219,22,-0.30009,-0.00131,0.50772
18,0.93834,291.11219,23,-0.34963,0.06728,0.39161
18,0.93834,291.11219,24,-0.40246,-0.08934,0.27152
18,0.93834,291.11219,25,-0.41833,-0.10033,0.39679
18,0.93834,291.11219,26,-0.63083,-0.06949,0.193
18,0.93834,291.11219,27,-0.58236,-0.12204,0.16063
18,0.93834,291.11219,28,-0.6751,0.00131,0.1757
18,0.93834,291.11219,29,-0.33058,-0.10441,0.15978
18,0.93834,291.11219,30,-0.38696,-0.19878,0.10824
18,0.93834,291.11219,31,-0.30002,-0.28181,0.28846
18,0.93834,291.11219,32,-0.39092,-0.34474,0.39894
18,0.93834,291.11219,33,-0.3933,-0.2264,0.38634
18,0.93834,291.11219,34,-0.35316,-0.2095,0.25719
18,0.93834,291.11219,35,-0.3146,-0.29296,0.16335
18,0.93834,291.11219,36,-0.30663,-0.39661,0.23843
18,0.93834,291.11219,37,-0.24463,-0.30988,0.26369
18,0.93834,291.11219,38,-0.27583,-0.40486,0.15835
18,0.93834,291.11219,39,-0.31275,-0.17172,0.13437
18,0.93834,291.11219,40,-0.30017,-0.27771,0.1074
18,0.93834,291.11219,41,-0.31111,-0.31279,0.12908
18,0.93834,291.11219,42,-0.30582,-0.19655,0.03464
18,0.93834,291.11219,43,-0.28079,-0.18246,0.17375
18,0.93834,291.11219,44,-0.39798,-0.17745,0.2634
18,0.93834,291.11219,45,-0.59104,-0.18826,0.41744
18,0.93834,291.11219,46,-0.35729,-0.15306,0.35698
18,0.93834,291.11219,47,-0.25922,-0.11995,0.37114
18,0.93834,291.11219,48,-0.29532,-0.09919,0.24854
18,0.93834,291.11219,49,-0.26556,-0.28321,0.18134
18,0.93834,291.11219,50,-0.20095,-0.39484,0.09335
18,0.93834,291.11219,51,-0.0988,-0.38616,0.24331
18,0.93834,291.11219,52,-0.22928,-0.41915,0.26363
18,0.93834,291.11219,53,-0.0698,-0.61697,0.16582
18,0.93834,291.11219,54,-0.26065,-0.66747,0.09457
18,0.93834,291.11219,55,-0.26698,-0.36801,0.18107
18,0.93834,291.11219,56,-0.35966,-0.272,0.25083
18,0.93834,291.11219,57,-0.38531,-0.1533,0.07567
18,0.93834,291.11219,58,-0.40618,-0.18512,0.1966
18,0.93834,291.11219,59,-0.60022,-0.20057,0.19671
18,0.93834,291.11219,60,-0.61664,-0.24343,0.06345
18,0.93834,291.11219,61,-0.36033,-0.40823,0.0806
18,0.93834,291.11219,62,-0.38631,-0.372,0.10846
18,0.93834,291.11219,63,-0.40065,-0.34451,0.07456
18,0.93834,291.11219,64,-0.41404,-0.34295,0.25665
18,0.93834,291.11219,65,-0.22234,-0.23689,0.18993
18,0.93834,291.11219,66,-0.28409,-0.25164,0.11761
19,0.93834,291.11219,1,-0.36647,0.02889,0.63042
19,0.93834,291.11219,2,-0.36318,-0.12482,0.90751
19,0.93834,291.11219,3,-0.41537,-0.24869,0.7763
19,0.93834,291.11219,4,-0.22979,-0.35112,0.69893
19,0.93834,291.11219,5,-0.31437,-0.35378,0.70509
19,0.93834,291.11219,6,-0.35421,-0.30716,0.64222
19,0.93834,291.11219,7,-0.28368,-0.27319,0.54544
19,0.93834,291.11219,8,-0.34838,-0.26152,0.45073
19,0.93834,291.11219,9,-0.29783,-0.21826,0.16344
19,0.93834,291.11219,10,-0.33019,-0.04721,0.14883
19,0.93834,291.11219,11,-0.36705,0.01012,0.20503
19,0.93834,291.11219,12,-0.34587,0.14722,0.29882
19,0.93834,291.11219,13,-0.27185,0.2496,0.26788
19,0.93834,291.11219,14,-0.06589,0.3811,0.29775
19,0.93834,291.11219,15,-0.05803,0.36141,0.31868
19,0.93834,291.11219,16,-0.20439,0.3545,0.31165
19,0.93834,291.11219,17,-0.27218,0.23521,0.27308
19,0.93834,291.11219,18,-0.31854,0.08587,0.3449
19,0.93834,291.11219,19,-0.28698,0.00802,0.50514
19,0.93834,291.11219,20,-0.23484,0.05967,0.56326
19,0.93834,291.11219,21,-0.37214,0.0743,0.5993
19,0.93834,291.11219,22,-0.30009,-0.00131,0.50772
19,0.93834,291.11219,23,-0.34963,0.06728,0.39161
19,0.93834,291.11219,24,-0.40246,-0.08934,0.27152
19,0.93834,291.11219,25,-0.41833,-0.10033,0.39679
19,0.93834,291.11219,26,-0.63083,-0.06949,0.193
19,0.93834,291.11219,27,-0.58236,-0.12204,0.16063
19,0.93834,291.11219,28,-0.6751,0.00131,0.1757
19,0.93834,291.11219,29,-0.33058,-0.10441,0.15978
19,0.93834,291.11219,30,-0.38696,-0.19878,0.10824
19,0.93834,291.11219,31,-0.30002,-0.28181,0.28846
19,0.93834,291.11219,32,-0.39092,-0.34474,0.39894
19,0.93834,291.11219,33,-0.3933,-0.2264,0.38634
19,0.93834,291.11219,34,-0.35316,-0.2095,0.25719
19,0.93834,291.11219,35,-0.3146,-0.29296,0.16335
19,0.93834,291.11219,36,-0.30663,-0.39661,0.23843
19,0.93834,291.11219,37,-0.24463,-0.30988,0.26369
19,0.93834,291.11219,38,-0.27583,-0.40486,0.15835
19,0.93834,291.11219,39,-0.31275,-0.17172,0.13437
19,0.93834,291.11219,40,-0.30017,-0.27771,0.1074
19,0.93834,291.11219,41,-0.31111,-0.31279,0.12908
19,0.93834,291.11219,42,-0.30582,-0.19655,0.03464
19,0.93834,291.11219,43,-0.28079,-0.18246,0.17375
19,0.93834,291.11219,44,-0.39798,-0.17745,0.2634
19,0.93834,291.11219,45,-0.59104,-0.18826,0.41744
19,0.93834,291.11219,46,-0.35729,-0.15306,0.35698
19,0.93834,291.11219,47,-0.25922,-0.11995,0.37114
19,0.93834,291.11219,48,-0.29532,-0.09919,0.24854
19,0.93834,291.11219,49,-0.26556,-0.28321,0.18134
19,0.93834,291.11219,50,-0.20095,-0.39484,0.09335
19,0.93834,291.11219,51,-0.0988,-0.38616,0.24331
19,0.93834,291.11219,52,-0.22928,-0.41915,0.26363
19,0.93834,291.11219,53,-0.0698,-0.61697,0.16582
19,0.93834,291.11219,54,-0.26065,-0.66747,0.09457
19,0.93834,291.11219,55,-0.26698,-0.36801,0.18107
19,0.93834,291.11219,56,-0.35966,-0.272,0.25083
19,0.93834,291.11219,57,-0.38531,-0.1533,0.07567
19,0.93834,291.11219,58,-0.40618,-0.18512,0.1966
19,0.93834,291.11219,59,-0.60022,-0.20057,0.19671
19,0.93834,291.11219,60,-0.61664,-0.24343,0.06345
19,0.93834,291.11219,61,-0.36033,-0.40823,0.0806
19,0.93834,291.11219,62,-0.38631,-0.372,0.10846
19,0.93834,291.11219,63,-0.40065,-0.34451,0.07456
19,0.93834,291.11219,64,-0.41404,-0.34295,0.25665
19,0.93834,291.11219,65,-0.22234,-0.23689,0.18993
19,0.93834,291.11219,66,-0.28409,-0.25164,0.11761
20,0.87267,292.97908,1,-0.36647,0.02889,0.63042
20,0.87267,292.97908,2,-0.36514,-0.12517,0.90785
20,0.87267,292.97908,3,-0.41537,-0.24855,0.78396
20,0.87267,292.97908,4,-0.22977,-0.35101,0.70648
20,0.87267,292.97908,5,-0.31427,-0.35697,0.71138
20,0.87267,292.97908,6,-0.35403,-0.31292,0.64749
20,0.87267,292.97908,7,-0.2835,-0.27888,0.55061
20,0.87267,292.97908,8,-0.34818,-0.26712,0.45581
20,0.87267,292.97908,9,-0.29762,-0.22378,0.16841
20,0.87267,292.97908,10,-0.33005,-0.0523,0.14511
20,0.87267,292.97908,11,-0.36696,0.00539,0.1945
20,0.87267,292.97908,12,-0.34577,0.14256,0.28838
20,0.87267,292.97908,13,-0.27174,0.245,0.25754
20,0.87267,292.97908,14,-0.06577,0.37656,0.28748
20,0.87267,292.97908,15,-0.05803,0.36744,0.30977
20,0.87267,292.97908,16,-0.20445,0.36576,0.30343
20,0.87267,292.97908,17,-0.27224,0.24641,0.2649
20,0.87267,292.97908,18,-0.3186,0.09701,0.33675
20,0.87267,292.97908,19,-0.28703,0.01912,0.49702
20,0.87267,292.97908,20,-0.23489,0.07072,0.55516
20,0.87267,292.97908,21,-0.37219,0.0853,0.59123
20,0.87267,292.97908,22,-0.30014,0.00965,0.49968
20,0.87267,292.97908,23,-0.34968,0.0782,0.3836
20,0.87267,292.97908,24,-0.40246,-0.07926,0.2642
20,0.87267,292.97908,25,-0.41833,-0.09159,0.3903
20,0.87267,292.97908,26,-0.62847,-0.06461,0.18708
20,0.87267,292.97908,27,-0.58236,-0.11715,0.15535
20,0.87267,292.97908,28,-0.67509,0.00617,0.17046
20,0.87267,292.97908,29,-0.33056,-0.09958,0.15458
20,0.87267,292.97908,30,-0.38718,-0.19478,0.10447
20,0.87267,292.97908,31,-0.30251,-0.28148,0.28933
20,0.87267,292.97908,32,-0.3934,-0.34441,0.39981
20,0.87267,292.97908,33,-0.39548,-0.22607,0.38728
20,0.87267,292.97908,34,-0.35533,-0.20918,0.25813
20,0.87267,292.97908,35,-0.31676,-0.29263,0.16429
20,0.87267,292.97908,36,-0.30879,-0.39661,0.23925
20,0.87267,292.97908,37,-0.24678,-0.30988,0.26451
20,0.87267,292.97908,38,-0.27776,-0.40486,0.1592
20,0.87267,292.97908,39,-0.31467,-0.17172,0.13521
20,0.87267,292.97908,40,-0.30167,-0.27729,0.10505
20,0.87267,292.97908,41,-0.3126,-0.31237,0.12674
20,0.87267,292.97908,42,-0.30729,-0.19614,0.03464
20,0.87267,292.97908,43,-0.28225,-0.18205,0.17375
20,0.87267,292.97908,44,-0.39798,-0.17717,0.26306
20,0.87267,292.97908,45,-0.59038,-0.18813,0.4173
20,0.87267,292.97908,46,-0.36025,-0.15278,0.35764
20,0.87267,292.97908,47,-0.26216,-0.11966,0.3718
20,0.87267,292.97908,48,-0.29825,-0.09891,0.2492
20,0.87267,292.97908,49,-0.26847,-0.28293,0.18199
20,0.87267,292.97908,50,-0.20342,-0.39455,0.09231
20,0.87267,292.97908,51,-0.10125,-0.38586,0.24227
20,0.87267,292.97908,52,-0.23157,-0.41915,0.26249
20,0.87267,292.97908,53,-0.07125,-0.61454,0.16502
20,0.87267,292.97908,54,-0.26211,-0.66496,0.09422
20,0.87267,292.97908,55,-0.26762,-0.37207,0.18112
20,0.87267,292.97908,56,-0.36029,-0.27602,0.25088
20,0.87267,292.97908,57,-0.38601,-0.15727,0.07567
20,0.87267,292.97908,58,-0.40617,-0.18919,0.19646
20,0.87267,292.97908,59,-0.59888,-0.20371,0.19615
20,0.87267,292.97908,60,-0.61665,-0.24615,0.06345
20,0.87267,292.97908,61,-0.36297,-0.40822,0.08055
20,0.87267,292.97908,62,-0.38894,-0.372,0.1084
20,0.87267,292.97908,63,-0.40322,-0.34464,0.07456
20,0.87267,292.97908,64,-0.41404,-0.3437,0.25652
20,0.87267,292.97908,65,-0.39254,-0.34181,0.28335
20,0.87267,292.97908,66,-0.31615,-0.3794,0.24382
