particle,elasticity,weight,frame,x,y,z
1,0.03897,259.91554,1,0.12823,-0.01837,0.23003
1,0.03897,259.91554,2,0.22603,-0.1464,0.11554
1,0.03897,259.91554,3,0.28511,-0.08088,0.09253
1,0.03897,259.91554,4,0.39152,-0.13682,0.1609
1,0.03897,259.91554,5,0.29403,-0.33845,0.27166
1,0.03897,259.91554,6,0.22365,-0.38284,0.26387
1,0.03897,259.91554,7,0.21575,-0.39643,0.33295
1,0.03897,259.91554,8,0.29119,-0.59748,0.40528
1,0.03897,259.91554,9,0.27993,-0.40965,0.36615
1,0.03897,259.91554,10,0.33309,-0.33233,0.24302
1,0.03897,259.91554,11,0.40922,-0.37572,0.26821
1,0.03897,259.91554,12,0.38225,-0.28082,0.08502
1,0.03897,259.91554,13,0.37341,-0.19437,0.24493
1,0.03897,259.91554,14,0.32855,-0.33455,0.27359
1,0.03897,259.91554,15,0.23779,-0.31988,0.29564
1,0.03897,259.91554,16,0.21674,-0.32611,0.34336
1,0.03897,259.91554,17,0.06591,-0.16671,0.38861
1,0.03897,259.91554,18,0.15887,-0.06456,0.33136
1,0.03897,259.91554,19,0.15934,0.07043,0.33292
1,0.03897,259.91554,20,0.10748,0.11781,0.18926
1,0.03897,259.91554,21,0.11982,0.02411,0.08176
1,0.03897,259.91554,22,0.04778,-0.00142,0.06956
1,0.03897,259.91554,23,-0.06931,0.09649,0.16806
1,0.03897,259.91554,24,0.02598,0.00131,0.15688
1,0.03897,259.91554,25,-0.01114,0.01198,0.17101
1,0.03897,259.91554,26,-0.03462,-0.13849,0.18553
1,0.03897,259.91554,27,-0.06278,-0.11786,0.23792
1,0.03897,259.91554,28,-0.07933,-0.22427,0.13283
1,0.03897,259.91554,29,-0.05059,-0.20098,0.09987
1,0.03897,259.91554,30,-0.04958,-0.21041,0.16287
1,0.03897,259.91554,31,-0.14214,-0.03088,0.09999
1,0.03897,259.91554,32,-0.20193,0.16527,0.06988
1,0.03897,259.91554,33,-0.23699,0.06204,0.07181
1,0.03897,259.91554,34,-0.25054,0.22225,0.07503
1,0.03897,259.91554,35,-0.36641,0.22176,0.07868
1,0.03897,259.91554,36,-0.3994,0.10668,0.08214
1,0.03897,259.91554,37,-0.37486,0.11172,0.08502
1,0.03897,259.91554,38,-0.41361,0.08647,0.06739
1,0.03897,259.91554,39,-0.25436,0.18822,0.21334
1,0.03897,259.91554,40,-0.26083,0.17408,0.22277
1,0.03897,259.91554,41,-0.15021,0.21867,0.27107
1,0.03897,259.91554,42,-0.18067,0.20362,0.29729
1,0.03897,259.91554,43,-0.2329,0.18491,0.12662
1,0.03897,259.91554,44,-0.33094,0.10289,0.16407
1,0.03897,259.91554,45,-0.38617,0.15757,0.27642
1,0.03897,259.91554,46,-0.18841,0.08852,0.09999
1,0.03897,259.91554,47,-0.1298,0.0164,0.08633
1,0.03897,259.91554,48,-0.2002,0.09726,0.0844
1,0.03897,259.91554,49,-0.34085,0.07692,0.06818
1,0.03897,259.91554,50,-0.36575,0.04291,0.15946
1,0.03897,259.91554,51,-0.39288,0.10442,0.36831
1,0.03897,259.91554,52,-0.26592,0.06355,0.4041
1,0.03897,259.91554,53,-0.22002,0.02583,0.11279
1,0.03897,259.91554,54,-0.07371,0.11186,0.18866
1,0.03897,259.91554,55,-0.15073,0.04348,0.08271
1,0.03897,259.91554,56,-0.0016,-0.02781,0.07979
2,0.06441,258.9757,1,0.12823,-0.01837,0.23003
2,0.06441,258.9757,2,0.22603,-0.1464,0.11554
2,0.06441,258.9757,3,0.28489,-0.08059,0.09401
2,0.06441,258.9757,4,0.39105,-0.13635,0.16298
2,0.06441,258.9757,5,0.29326,-0.33786,0.2737
2,0.06441,258.9757,6,0.22289,-0.38226,0.2659
2,0.06441,258.9757,7,0.21497,-0.39544,0.33507
2,0.06441,258.9757,8,0.29071,-0.59779,0.40665
2,0.06441,258.9757,9,0.27973,-0.40922,0.36674
2,0.06441,258.9757,10,0.33289,-0.3319,0.24361
2,0.06441,258.9757,11,0.40922,-0.37531,0.26872
2,0.06441,258.9757,12,0.38234,-0.28062,0.08561
2,0.06441,258.9757,13,0.37351,-0.19418,0.24552
2,0.06441,258.9757,14,0.32865,-0.33435,0.27418
2,0.06441,258.9757,15,0.23788,-0.31969,0.29622
2,0.06441,258.9757,16,0.21684,-0.32591,0.34394
2,0.06441,258.9757,17,0.06601,-0.16652,0.38919
2,0.06441,258.9757,18,0.15897,-0.06437,0.33194
2,0.06441,258.9757,19,0.15943,0.07063,0.33349
2,0.06441,258.9757,20,0.10757,0.118,0.18983
2,0.06441,258.9757,21,0.12001,0.02424,0.08297
2,0.06441,258.9757,22,0.04797,-0.00128,0.06956
2,0.06441,258.9757,23,-0.06912,0.09662,0.16806
2,0.06441,258.9757,24,0.02617,0.00144,0.15688
2,0.06441,258.9757,25,-0.01095,0.01212,0.17101
2,0.06441,258.9757,26,-0.03444,-0.13835,0.18553
2,0.06441,258.9757,27,-0.06259,-0.11773,0.23792
2,0.06441,258.9757,28,-0.07915,-0.22414,0.13283
2,0.06441,258.9757,29,-0.05041,-0.20084,0.09993
2,0.06441,258.9757,30,-0.04941,-0.21028,0.16283
2,0.06441,258.9757,31,-0.14197,-0.03075,0.09999
2,0.06441,258.9757,32,-0.20176,0.1654,0.06988
2,0.06441,258.9757,33,-0.23682,0.06217,0.07181
2,0.06441,258.9757,34,-0.25037,0.22238,0.07503
2,0.06441,258.9757,35,-0.36625,0.22188,0.07868
2,0.06441,258.9757,36,-0.39906,0.1068,0.08214
2,0.06441,258.9757,37,-0.37452,0.11183,0.08502
2,0.06441,258.9757,38,-0.41361,0.08658,0.06739
2,0.06441,258.9757,39,-0.25436,0.18833,0.21334
2,0.06441,258.9757,40,-0.26083,0.17419,0.22277
2,0.06441,258.9757,41,-0.15021,0.21878,0.27107
2,0.06441,258.9757,42,-0.18067,0.20373,0.29729
2,0.06441,258.9757,43,-0.2329,0.18502,0.12662
2,0.06441,258.9757,44,-0.33094,0.10299,0.16407
2,0.06441,258.9757,45,-0.38617,0.15767,0.27642
2,0.06441,258.9757,46,-0.18841,0.08863,0.09998
2,0.06441,258.9757,47,-0.1298,0.0165,0.08633
2,0.06441,258.9757,48,-0.20016,0.09736,0.0844
2,0.06441,258.9757,49,-0.34081,0.07702,0.06818
2,0.06441,258.9757,50,-0.36532,-0.11729,0.03913
2,0.06441,258.9757,51,-0.23851,-0.04963,0.04388
2,0.06441,258.9757,52,-0.21921,-0.10646,0.08685
2,0.06441,258.9757,53,-0.18553,-0.17419,0.04237
2,0.06441,258.9757,54,-0.23067,-0.10408,0.08359
2,0.06441,258.9757,55,-0.20168,0.17222,0.23201
2,0.06441,258.9757,56,-0.13208,0.16328,0.41829
3,0.00111,260.23696,1,0.12823,-0.01837,0.23003
3,0.00111,260.23696,2,0.22603,-0.1464,0.11554
3,0.00111,260.23696,3,0.28525,-0.08107,0.0916
3,0.00111,260.23696,4,0.39193,-0.13677,0.16154
3,0.00111,260.23696,5,0.29545,-0.33858,0.27211
3,0.00111,260.23696,6,0.22507,-0.38297,0.26432
3,0.00111,260.23696,7,0.21709,-0.39793,0.33302
3,0.00111,260.23696,8,0.29191,-0.59707,0.40498
3,0.00111,260.23696,9,0.28024,-0.41029,0.36602
3,0.00111,260.23696,10,0.3334,-0.33296,0.24289
3,0.00111,260.23696,11,0.40922,-0.37625,0.26823
3,0.00111,260.23696,12,0.38227,-0.28113,0.08411
3,0.00111,260.23696,13,0.37344,-0.19468,0.24403
3,0.00111,260.23696,14,0.32858,-0.33486,0.27269
3,0.00111,260.23696,15,0.23781,-0.32019,0.29474
3,0.00111,260.23696,16,0.21677,-0.32641,0.34246
3,0.00111,260.23696,17,0.06594,-0.16702,0.38772
3,0.00111,260.23696,18,0.1589,-0.06487,0.33048
3,0.00111,260.23696,19,0.15937,0.07013,0.33204
3,0.00111,260.23696,20,0.10751,0.1175,0.18839
3,0.00111,260.23696,21,0.1199,0.0238,0.07994
3,0.00111,260.23696,22,0.04785,-0.00172,0.06956
3,0.00111,260.23696,23,-0.06923,0.09619,0.16806
3,0.00111,260.23696,24,0.02605,0.00101,0.15688
3,0.00111,260.23696,25,-0.01107,0.01168,0.17101
3,0.00111,260.23696,26,-0.03455,-0.13878,0.18553
3,0.00111,260.23696,27,-0.0627,-0.11816,0.23792
3,0.00111,260.23696,28,-0.07926,-0.22457,0.13283
3,0.00111,260.23696,29,-0.05052,-0.20126,0.0998
3,0.00111,260.23696,30,-0.04952,-0.21069,0.16293
3,0.00111,260.23696,31,-0.14208,-0.03116,0.09999
3,0.00111,260.23696,32,-0.20187,0.165,0.06988
3,0.00111,260.23696,33,-0.23693,0.06178,0.07181
3,0.00111,260.23696,34,-0.25048,0.22199,0.07503
3,0.00111,260.23696,35,-0.36636,0.22149,0.07868
3,0.00111,260.23696,36,-0.3999,0.10648,0.08214
3,0.00111,260.23696,37,-0.37537,0.11152,0.08502
3,0.00111,260.23696,38,-0.41361,0.08626,0.06739
3,0.00111,260.23696,39,-0.25436,0.18802,0.21335
3,0.00111,260.23696,40,-0.26083,0.17387,0.22277
3,0.00111,260.23696,41,-0.15021,0.21847,0.27107
3,0.00111,260.23696,42,-0.18067,0.20342,0.29729
3,0.00111,260.23696,43,-0.2329,0.18471,0.12662
3,0.00111,260.23696,44,-0.33094,0.10268,0.16407
3,0.00111,260.23696,45,-0.38617,0.15736,0.27642
3,0.00111,260.23696,46,-0.18841,0.08832,0.09998
3,0.00111,260.23696,47,-0.1298,0.0162,0.08633
3,0.00111,260.23696,48,-0.20026,0.09706,0.0844
3,0.00111,260.23696,49,-0.34091,0.07672,0.06818
3,0.00111,260.23696,50,-0.36581,0.04272,0.15946
3,0.00111,260.23696,51,-0.39294,0.10423,0.36831
3,0.00111,260.23696,52,-0.26598,0.06335,0.4041
3,0.00111,260.23696,53,-0.22008,0.02564,0.11279
3,0.00111,260.23696,54,-0.07377,0.11167,0.18866
3,0.00111,260.23696,55,-0.15079,0.0433,0.08237
3,0.00111,260.23696,56,-0.21556,-0.08039,0.103
4,0.00111,261.03722,1,0.12823,-0.01837,0.23003
4,0.00111,261.03722,2,0.22603,-0.1464,0.11554
4,0.00111,261.03722,3,0.28525,-0.08107,0.0916
4,0.00111,261.03722,4,0.39193,-0.13677,0.16154
4,0.00111,261.03722,5,0.29545,-0.33858,0.27211
4,0.00111,261.03722,6,0.22507,-0.38297,0.26432
4,0.00111,261.03722,7,0.21709,-0.39793,0.33302
4,0.00111,261.03722,8,0.29191,-0.59707,0.40498
4,0.00111,261.03722,9,0.28024,-0.41029,0.36602
4,0.00111,261.03722,10,0.3334,-0.33296,0.24289
4,0.00111,261.03722,11,0.40922,-0.37625,0.26823
4,0.00111,261.03722,12,0.38227,-0.28113,0.08411
4,0.00111,261.03722,13,0.37344,-0.19468,0.24403
4,0.00111,261.03722,14,0.32858,-0.33486,0.27269
4,0.00111,261.03722,15,0.23781,-0.32019,0.29474
4,0.00111,261.03722,16,0.21677,-0.32641,0.34246
4,0.00111,261.03722,17,0.06594,-0.16702,0.38772
4,0.00111,261.03722,18,0.1589,-0.06487,0.33048
4,0.00111,261.03722,19,0.15937,0.07013,0.33204
4,0.00111,261.03722,20,0.10751,0.1175,0.18839
4,0.00111,261.03722,21,0.1199,0.0238,0.07994
4,0.00111,261.03722,22,0.04785,-0.00172,0.06956
4,0.00111,261.03722,23,-0.06923,0.09619,0.16806
4,0.00111,261.03722,24,0.02605,0.00101,0.15688
4,0.00111,261.03722,25,-0.01107,0.01168,0.17101
4,0.00111,261.03722,26,-0.03455,-0.13878,0.18553
4,0.00111,261.03722,27,-0.0627,-0.11816,0.23792
4,0.00111,261.03722,28,-0.07926,-0.22457,0.13283
4,0.00111,261.03722,29,-0.05052,-0.20126,0.0998
4,0.00111,261.03722,30,-0.04952,-0.21069,0.16293
4,0.00111,261.03722,31,-0.14208,-0.03116,0.09999
4,0.00111,261.03722,32,-0.20187,0.165,0.06988
4,0.00111,261.03722,33,-0.23693,0.06178,0.07181
4,0.00111,261.03722,34,-0.25048,0.22199,0.07503
4,0.00111,261.03722,35,-0.36636,0.22149,0.07868
4,0.00111,261.03722,36,-0.3999,0.10648,0.08214
4,0.00111,261.03722,37,-0.37537,0.11152,0.08502
4,0.00111,261.03722,38,-0.41361,0.08626,0.06739
4,0.00111,261.03722,39,-0.25436,0.18802,0.21335
4,0.00111,261.03722,40,-0.26083,0.17387,0.22277
4,0.00111,261.03722,41,-0.15021,0.21847,0.27107
4,0.00111,261.03722,42,-0.18067,0.20342,0.29729
4,0.00111,261.03722,43,-0.2329,0.18471,0.12662
4,0.00111,261.03722,44,-0.33094,0.10268,0.16407
4,0.00111,261.03722,45,-0.38617,0.15736,0.27642
4,0.00111,261.03722,46,-0.18841,0.08832,0.09998
4,0.00111,261.03722,47,-0.1298,0.0162,0.08633
4,0.00111,261.03722,48,-0.20026,0.09706,0.0844
4,0.00111,261.03722,49,-0.34091,0.07672,0.06818
4,0.00111,261.03722,50,-0.36581,0.04272,0.15946
4,0.00111,261.03722,51,-0.39294,0.10423,0.36831
4,0.00111,261.03722,52,-0.26598,0.06335,0.4041
4,0.00111,261.03722,53,-0.22008,0.02564,0.11279
4,0.00111,261.03722,54,-0.07377,0.11167,0.18866
4,0.00111,261.03722,55,-0.15079,0.0433,0.08237
4,0.00111,261.03722,56,-0.25756,0.04867,0.13053
5,0.65336,266.09278,1,0.12823,-0.01837,0.23003
5,0.65336,266.09278,2,0.22603,-0.1464,0.11554
5,0.65336,266.09278,3,0.28483,-0.08051,0.12856
5,0.65336,266.09278,4,0.38388,-0.13332,0.21236
5,0.65336,266.09278,5,0.27205,-0.3291,0.31851
5,0.65336,266.09278,6,0.20178,-0.37352,0.31049
5,0.65336,266.09278,7,0.19299,-0.3752,0.37199
5,0.65336,266.09278,8,0.27742,-0.6111,0.43007
5,0.65336,266.09278,9,0.27188,-0.39498,0.3788
5,0.65336,266.09278,10,0.32508,-0.31774,0.25563
5,0.65336,266.09278,11,0.40922,-0.36137,0.27805
5,0.65336,266.09278,12,0.38123,-0.26935,0.0965
5,0.65336,266.09278,13,0.37241,-0.18297,0.25637
5,0.65336,266.09278,14,0.32757,-0.3232,0.28498
5,0.65336,266.09278,15,0.23682,-0.30859,0.30698
5,0.65336,266.09278,16,0.21578,-0.31487,0.35466
5,0.65336,266.09278,17,0.06496,-0.15552,0.39987
5,0.65336,266.09278,18,0.15792,-0.05342,0.34257
5,0.65336,266.09278,19,0.15839,0.08153,0.34407
5,0.65336,266.09278,20,0.10654,0.12885,0.20034
5,0.65336,266.09278,21,0.12421,0.03113,0.10778
5,0.65336,266.09278,22,0.05214,0.00552,0.06955
5,0.65336,266.09278,23,-0.06496,0.1034,0.16805
5,0.65336,266.09278,24,0.03031,0.00819,0.15687
5,0.65336,266.09278,25,-0.00682,0.01884,0.17099
5,0.65336,266.09278,26,-0.03032,-0.13166,0.18552
5,0.65336,266.09278,27,-0.05848,-0.11106,0.23791
5,0.65336,266.09278,28,-0.07505,-0.2175,0.13282
5,0.65336,266.09278,29,-0.04636,-0.19431,0.10406
5,0.65336,266.09278,30,-0.04546,-0.20391,0.17421
5,0.65336,266.09278,31,-0.13811,-0.02432,0.10292
5,0.65336,266.09278,32,-0.19784,0.17161,0.07563
5,0.65336,266.09278,33,-0.23293,0.06832,0.07181
5,0.65336,266.09278,34,-0.2465,0.22847,0.07502
5,0.65336,266.09278,35,-0.36241,0.22791,0.07868
5,0.65336,266.09278,36,-0.39245,0.11233,0.08214
5,0.65336,266.09278,37,-0.36795,0.11731,0.08502
5,0.65336,266.09278,38,-0.41361,0.09205,0.06738
5,0.65336,266.09278,39,-0.25437,0.19377,0.21334
5,0.65336,266.09278,40,-0.26084,0.1796,0.22276
5,0.65336,266.09278,41,-0.15022,0.22417,0.27106
5,0.65336,266.09278,42,-0.18069,0.20909,0.29728
5,0.65336,266.09278,43,-0.23292,0.19036,0.12661
5,0.65336,266.09278,44,-0.33097,0.10831,0.16406
5,0.65336,266.09278,45,-0.3862,0.16297,0.27641
5,0.65336,266.09278,46,-0.18845,0.09377,0.09998
5,0.65336,266.09278,47,-0.12953,0.02144,0.08633
5,0.65336,266.09278,48,-0.19934,0.10226,0.0844
5,0.65336,266.09278,49,-0.34002,0.08187,0.06818
5,0.65336,266.09278,50,-0.34844,0.1089,0.15038
5,0.65336,266.09278,51,-0.35568,-0.00052,0.09546
5,0.65336,266.09278,52,-0.33296,-0.02932,0.10633
5,0.65336,266.09278,53,-0.19904,-0.04642,0.13655
5,0.65336,266.09278,54,-0.18488,0.00949,0.20184
5,0.65336,266.09278,55,-0.24698,0.15122,0.33496
5,0.65336,266.09278,56,-0.17721,0.25539,0.17326
6,0.26078,262.86135,1,0.12823,-0.01837,0.23003
6,0.26078,262.86135,2,0.22603,-0.1464,0.11554
6,0.26078,262.86135,3,0.28484,-0.08052,0.10553
6,0.26078,262.86135,4,0.38864,-0.1353,0.1798
6,0.26078,262.86135,5,0.28621,-0.33494,0.28969
6,0.26078,262.86135,6,0.21586,-0.37935,0.28181
6,0.26078,262.86135,7,0.20663,-0.38812,0.35166
6,0.26078,262.86135,8,0.28559,-0.60099,0.41902
6,0.26078,262.86135,9,0.27752,-0.4055,0.37207
6,0.26078,262.86135,10,0.33069,-0.3282,0.24892
6,0.26078,262.86135,11,0.40922,-0.37193,0.27309
6,0.26078,262.86135,12,0.38161,-0.2784,0.08969
6,0.26078,262.86135,13,0.37279,-0.19197,0.24959
6,0.26078,262.86135,14,0.32793,-0.33216,0.27823
6,0.26078,262.86135,15,0.23717,-0.3175,0.30026
6,0.26078,262.86135,16,0.21613,-0.32374,0.34796
6,0.26078,262.86135,17,0.0653,-0.16435,0.39319
6,0.26078,262.86135,18,0.15826,-0.06221,0.33592
6,0.26078,262.86135,19,0.15873,0.07278,0.33745
6,0.26078,262.86135,20,0.10687,0.12015,0.19375
6,0.26078,262.86135,21,0.12092,0.02539,0.09188
6,0.26078,262.86135,22,0.04887,-0.00015,0.06956
6,0.26078,262.86135,23,-0.06821,0.09775,0.16806
6,0.26078,262.86135,24,0.02707,0.00257,0.15688
6,0.26078,262.86135,25,-0.01006,0.01323,0.17101
6,0.26078,262.86135,26,-0.03354,-0.13724,0.18553
6,0.26078,262.86135,27,-0.0617,-0.11662,0.23792
6,0.26078,262.86135,28,-0.07826,-0.22303,0.13283
6,0.26078,262.86135,29,-0.04954,-0.19975,0.10119
6,0.26078,262.86135,30,-0.04858,-0.20919,0.16561
6,0.26078,262.86135,31,-0.14114,-0.02967,0.10001
6,0.26078,262.86135,32,-0.20092,0.16645,0.06988
6,0.26078,262.86135,33,-0.1837,0.10464,0.11667
6,0.26078,262.86135,34,-0.19609,0.07277,0.1149
6,0.26078,262.86135,35,-0.23115,0.09787,0.15481
6,0.26078,262.86135,36,-0.25157,0.24978,0.10068
6,0.26078,262.86135,37,-0.25752,0.38596,0.10937
6,0.26078,262.86135,38,-0.37981,0.27558,0.08535
6,0.26078,262.86135,39,-0.39008,0.20303,0.20243
6,0.26078,262.86135,40,-0.40515,-0.00419,0.18809
6,0.26078,262.86135,41,-0.26088,0.04343,0.08722
6,0.26078,262.86135,42,-0.27237,0.20807,0.15834
6,0.26078,262.86135,43,-0.25741,0.11781,0.2164
6,0.26078,262.86135,44,-0.28422,0.15585,0.08983
6,0.26078,262.86135,45,-0.34095,0.14215,0.19082
6,0.26078,262.86135,46,-0.35345,0.13545,0.21479
6,0.26078,262.86135,47,-0.34296,0.11934,0.24154
6,0.26078,262.86135,48,-0.26539,0.03133,0.12459
6,0.26078,262.86135,49,-0.10507,0.06574,0.13719
6,0.26078,262.86135,50,-0.10874,0.15607,0.09119
6,0.26078,262.86135,51,-0.16379,0.36088,0.1386
6,0.26078,262.86135,52,-0.3142,0.12716,0.07873
6,0.26078,262.86135,53,-0.41157,0.18141,0.07036
6,0.26078,262.86135,54,-0.22132,0.32864,0.07254
6,0.26078,262.86135,55,-0.14248,0.28306,0.13735
6,0.26078,262.86135,56,-0.10838,0.37808,0.06327
7,0.13072,261.47958,1,0.12823,-0.01837,0.23003
7,0.13072,261.47958,2,0.22603,-0.1464,0.11554
7,0.13072,261.47958,3,0.28484,-0.08052,0.0979
7,0.13072,261.47958,4,0.39021,-0.13595,0.16869
7,0.13072,261.47958,5,0.2909,-0.33687,0.2792
7,0.13072,261.47958,6,0.22054,-0.38127,0.27138
7,0.13072,261.47958,7,0.21223,-0.39291,0.34082
7,0.13072,261.47958,8,0.28905,-0.59872,0.41092
7,0.13072,261.47958,9,0.27901,-0.40804,0.36858
7,0.13072,261.47958,10,0.33217,-0.33073,0.24544
7,0.13072,261.47958,11,0.40922,-0.37426,0.27024
7,0.13072,261.47958,12,0.3821,-0.28001,0.08708
7,0.13072,261.47958,13,0.37327,-0.19357,0.24699
7,0.13072,261.47958,14,0.32841,-0.33375,0.27564
7,0.13072,261.47958,15,0.23764,-0.31909,0.29768
7,0.13072,261.47958,16,0.2166,-0.32531,0.34539
7,0.13072,261.47958,17,0.06577,-0.16592,0.39063
7,0.13072,261.47958,18,0.15873,-0.06377,0.33337
7,0.13072,261.47958,19,0.15919,0.07122,0.33492
7,0.13072,261.47958,20,0.10734,0.11859,0.19124
7,0.13072,261.47958,21,0.12029,0.02455,0.08606
7,0.13072,261.47958,22,0.04824,-0.00098,0.06956
7,0.13072,261.47958,23,-0.06884,0.09693,0.16806
7,0.13072,261.47958,24,0.02644,0.00175,0.15688
7,0.13072,261.47958,25,-0.01068,0.01242,0.17101
7,0.13072,261.47958,26,-0.03417,-0.13805,0.18553
7,0.13072,261.47958,27,-0.06232,-0.11743,0.23792
7,0.13072,261.47958,28,-0.07888,-0.22384,0.13283
7,0.13072,261.47958,29,-0.05015,-0.20054,0.10024
7,0.13072,261.47958,30,-0.04918,-0.20996,0.16276
7,0.13072,261.47958,31,-0.14173,-0.03044,0.09999
7,0.13072,261.47958,32,-0.20151,0.16568,0.06988
7,0.13072,261.47958,33,-0.18429,0.10388,0.11667
7,0.13072,261.47958,34,-0.19667,0.07201,0.1149
7,0.13072,261.47958,35,-0.23173,0.09712,0.15481
7,0.13072,261.47958,36,-0.25215,0.24903,0.10068
7,0.13072,261.47958,37,-0.2581,0.38522,0.10937
7,0.13072,261.47958,38,-0.38037,0.27486,0.08393
7,0.13072,261.47958,39,-0.39169,0.20265,0.20141
7,0.13072,261.47958,40,-0.40515,-0.00483,0.18725
7,0.13072,261.47958,41,-0.26108,0.04285,0.08722
7,0.13072,261.47958,42,-0.27257,0.2075,0.15834
7,0.13072,261.47958,43,-0.25761,0.11724,0.2164
7,0.13072,261.47958,44,-0.28401,0.15521,0.08915
7,0.13072,261.47958,45,-0.34072,0.14153,0.19136
7,0.13072,261.47958,46,-0.35323,0.13483,0.21532
7,0.13072,261.47958,47,-0.34274,0.11872,0.24207
7,0.13072,261.47958,48,-0.26516,0.03072,0.12511
7,0.13072,261.47958,49,-0.10485,0.06513,0.13772
7,0.13072,261.47958,50,-0.10852,0.15548,0.08712
7,0.13072,261.47958,51,-0.16356,0.3603,0.13455
7,0.13072,261.47958,52,-0.31397,0.12658,0.07873
7,0.13072,261.47958,53,-0.29711,0.15123,0.07864
7,0.13072,261.47958,54,-0.59783,0.13996,0.06991
7,0.13072,261.47958,55,-0.62041,0.29747,0.07277
7,0.13072,261.47958,56,-0.59514,0.17145,0.0715
8,0.05849,258.46578,1,0.12823,-0.01837,0.23003
8,0.05849,258.46578,2,0.22603,-0.1464,0.11554
8,0.05849,258.46578,3,0.28494,-0.08066,0.09366
8,0.05849,258.46578,4,0.39117,-0.13646,0.16246
8,0.05849,258.46578,5,0.29344,-0.33801,0.2732
8,0.05849,258.46578,6,0.22306,-0.3824,0.2654
8,0.05849,258.46578,7,0.21514,-0.39567,0.33455
8,0.05849,258.46578,8,0.29082,-0.59772,0.40632
8,0.05849,258.46578,9,0.27978,-0.40932,0.3666
8,0.05849,258.46578,10,0.33293,-0.332,0.24347
8,0.05849,258.46578,11,0.40922,-0.37541,0.26859
8,0.05849,258.46578,12,0.38235,-0.28069,0.08547
8,0.05849,258.46578,13,0.37352,-0.19424,0.24539
8,0.05849,258.46578,14,0.32866,-0.33442,0.27405
8,0.05849,258.46578,15,0.2379,-0.31975,0.29609
8,0.05849,258.46578,16,0.21685,-0.32598,0.34381
8,0.05849,258.46578,17,0.06602,-0.16658,0.38906
8,0.05849,258.46578,18,0.15898,-0.06443,0.33181
8,0.05849,258.46578,19,0.15944,0.07056,0.33336
8,0.05849,258.46578,20,0.10759,0.11794,0.1897
8,0.05849,258.46578,21,0.11997,0.02421,0.08269
8,0.05849,258.46578,22,0.04792,-0.00132,0.06956
8,0.05849,258.46578,23,-0.06916,0.09659,0.16806
8,0.05849,258.46578,24,0.02612,0.00141,0.15688
8,0.05849,258.46578,25,-0.011,0.01208,0.17101
8,0.05849,258.46578,26,-0.03448,-0.13839,0.18553
8,0.05849,258.46578,27,-0.06263,-0.11776,0.23792
8,0.05849,258.46578,28,-0.07919,-0.22417,0.13283
8,0.05849,258.46578,29,-0.05045,-0.20088,0.09991
8,0.05849,258.46578,30,-0.04945,-0.21031,0.16284
8,0.05849,258.46578,31,-0.14201,-0.03078,0.09999
8,0.05849,258.46578,32,-0.2018,0.16537,0.06988
8,0.05849,258.46578,33,-0.23686,0.06214,0.07181
8,0.05849,258.46578,34,-0.2504,0.22234,0.07503
8,0.05849,258.46578,35,-0.36628,0.22185,0.07868
8,0.05849,258.46578,36,-0.39914,0.10677,0.08214
8,0.05849,258.46578,37,-0.3746,0.1118,0.08502
8,0.05849,258.46578,38,-0.41361,0.08656,0.06739
8,0.05849,258.46578,39,-0.25436,0.18831,0.21334
8,0.05849,258.46578,40,-0.26083,0.17416,0.22277
8,0.05849,258.46578,41,-0.15021,0.21875,0.27107
8,0.05849,258.46578,42,-0.18067,0.2037,0.29729
8,0.05849,258.46578,43,-0.2329,0.18499,0.12662
8,0.05849,258.46578,44,-0.33094,0.10297,0.16407
8,0.05849,258.46578,45,-0.38617,0.15765,0.27642
8,0.05849,258.46578,46,-0.18841,0.0886,0.09999
8,0.05849,258.46578,47,-0.1298,0.01647,0.08633
8,0.05849,258.46578,48,-0.20017,0.09733,0.0844
8,0.05849,258.46578,49,-0.34082,0.07699,0.06818
8,0.05849,258.46578,50,-0.36572,0.04298,0.15946
8,0.05849,258.46578,51,-0.39285,0.10449,0.36831
8,0.05849,258.46578,52,-0.26589,0.06362,0.4041
8,0.05849,258.46578,53,-0.21999,0.0259,0.11279
8,0.05849,258.46578,54,-0.07368,0.11194,0.18866
8,0.05849,258.46578,55,-0.15071,0.04355,0.08288
8,0.05849,258.46578,56,-0.11853,0.02731,0.31518
9,0.33191,258.24235,1,0.12823,-0.01837,0.23003
9,0.33191,258.24235,2,0.22603,-0.1464,0.11554
9,0.33191,258.24235,3,0.28484,-0.08052,0.1097
9,0.33191,258.24235,4,0.38778,-0.13493,0.18581
9,0.33191,258.24235,5,0.28364,-0.33385,0.29524
9,0.33191,258.24235,6,0.21331,-0.37828,0.28734
9,0.33191,258.24235,7,0.20407,-0.38561,0.35574
9,0.33191,258.24235,8,0.28442,-0.60247,0.42097
9,0.33191,258.24235,9,0.27701,-0.40394,0.37291
9,0.33191,258.24235,10,0.33018,-0.32665,0.24976
9,0.33191,258.24235,11,0.40922,-0.37043,0.27373
9,0.33191,258.24235,12,0.38164,-0.27724,0.09111
9,0.33191,258.24235,13,0.37282,-0.19082,0.251
9,0.33191,258.24235,14,0.32796,-0.33101,0.27964
9,0.33191,258.24235,15,0.2372,-0.31636,0.30166
9,0.33191,258.24235,16,0.21616,-0.3226,0.34936
9,0.33191,258.24235,17,0.06533,-0.16321,0.39459
9,0.33191,258.24235,18,0.15829,-0.06108,0.33731
9,0.33191,258.24235,19,0.15876,0.07391,0.33883
9,0.33191,258.24235,20,0.1069,0.12127,0.19512
9,0.33191,258.24235,21,0.12132,0.02621,0.09492
9,0.33191,258.24235,22,0.04926,0.00065,0.06956
9,0.33191,258.24235,23,-0.06782,0.09856,0.16806
9,0.33191,258.24235,24,0.02745,0.00337,0.15688
9,0.33191,258.24235,25,-0.00967,0.01404,0.171
9,0.33191,258.24235,26,-0.03316,-0.13644,0.18553
9,0.33191,258.24235,27,-0.06131,-0.11582,0.23792
9,0.33191,258.24235,28,-0.07787,-0.22224,0.13283
9,0.33191,258.24235,29,-0.04916,-0.19897,0.10171
9,0.33191,258.24235,30,-0.0482,-0.20843,0.16717
9,0.33191,258.24235,31,-0.14079,-0.02889,0.09999
9,0.33191,258.24235,32,-0.20055,0.16718,0.06988
9,0.33191,258.24235,33,-0.18334,0.10538,0.11667
9,0.33191,258.24235,34,-0.19572,0.0735,0.1149
9,0.33191,258.24235,35,-0.23078,0.0986,0.15481
9,0.33191,258.24235,36,-0.25121,0.2505,0.10068
9,0.33191,258.24235,37,-0.25716,0.38669,0.10936
9,0.33191,258.24235,38,-0.37945,0.27628,0.08613
9,0.33191,258.24235,39,-0.38923,0.20356,0.20295
9,0.33191,258.24235,40,-0.40515,-0.00364,0.18854
9,0.33191,258.24235,41,-0.26077,0.04396,0.08722
9,0.33191,258.24235,42,-0.27226,0.2086,0.15834
9,0.33191,258.24235,43,-0.2573,0.11834,0.2164
9,0.33191,258.24235,44,-0.28433,0.15642,0.09042
9,0.33191,258.24235,45,-0.34098,0.14278,0.19068
9,0.33191,258.24235,46,-0.35349,0.13608,0.21465
9,0.33191,258.24235,47,-0.343,0.11996,0.2414
9,0.33191,258.24235,48,-0.26542,0.03195,0.12444
9,0.33191,258.24235,49,-0.10511,0.06636,0.13705
9,0.33191,258.24235,50,0.00229,0.02699,0.10458
9,0.33191,258.24235,51,0.04598,0.07038,0.13819
9,0.33191,258.24235,52,0.12787,0.09432,0.17461
9,0.33191,258.24235,53,-0.15501,-0.05776,0.25418
9,0.33191,258.24235,54,-0.17192,-0.15154,0.21494
9,0.33191,258.24235,55,-0.20596,-0.08374,0.09998
9,0.33191,258.24235,56,-0.40843,-0.10686,0.11636
10,0.04198,262.08356,1,0.12823,-0.01837,0.23003
10,0.04198,262.08356,2,0.22603,-0.1464,0.11554
10,0.04198,262.08356,3,0.28509,-0.08085,0.09269
10,0.04198,262.08356,4,0.39148,-0.13679,0.16103
10,0.04198,262.08356,5,0.29393,-0.3384,0.27179
10,0.04198,262.08356,6,0.22355,-0.38279,0.264
10,0.04198,262.08356,7,0.21565,-0.39631,0.3331
10,0.04198,262.08356,8,0.29113,-0.59752,0.40539
10,0.04198,262.08356,9,0.27991,-0.4096,0.36619
10,0.04198,262.08356,10,0.33307,-0.33228,0.24307
10,0.04198,262.08356,11,0.40922,-0.37567,0.26824
10,0.04198,262.08356,12,0.38226,-0.2808,0.08509
10,0.04198,262.08356,13,0.37343,-0.19435,0.245
10,0.04198,262.08356,14,0.32856,-0.33453,0.27366
10,0.04198,262.08356,15,0.2378,-0.31986,0.29571
10,0.04198,262.08356,16,0.21676,-0.32609,0.34343
10,0.04198,262.08356,17,0.06593,-0.16669,0.38868
10,0.04198,262.08356,18,0.15889,-0.06454,0.33143
10,0.04198,262.08356,19,0.15935,0.07045,0.33299
10,0.04198,262.08356,20,0.1075,0.11783,0.18933
10,0.04198,262.08356,21,0.11983,0.02413,0.08191
10,0.04198,262.08356,22,0.04779,-0.0014,0.06956
10,0.04198,262.08356,23,-0.06929,0.09651,0.16806
10,0.04198,262.08356,24,0.02599,0.00133,0.15688
10,0.04198,262.08356,25,-0.01113,0.012,0.17101
10,0.04198,262.08356,26,-0.03461,-0.13847,0.18553
10,0.04198,262.08356,27,-0.06276,-0.11784,0.23792
10,0.04198,262.08356,28,-0.07932,-0.22426,0.13283
10,0.04198,262.08356,29,-0.05058,-0.20096,0.09988
10,0.04198,262.08356,30,-0.04957,-0.21039,0.16286
10,0.04198,262.08356,31,-0.14213,-0.03086,0.09999
10,0.04198,262.08356,32,-0.20192,0.16529,0.06988
10,0.04198,262.08356,33,-0.23698,0.06206,0.07181
10,0.04198,262.08356,34,-0.25052,0.22227,0.07503
10,0.04198,262.08356,35,-0.3664,0.22177,0.07868
10,0.04198,262.08356,36,-0.39935,0.1067,0.08214
10,0.04198,262.08356,37,-0.37482,0.11174,0.08502
10,0.04198,262.08356,38,-0.41361,0.08649,0.06739
10,0.04198,262.08356,39,-0.25436,0.18824,0.21334
10,0.04198,262.08356,40,-0.26083,0.1741,0.22277
10,0.04198,262.08356,41,-0.15021,0.21869,0.27107
10,0.04198,262.08356,42,-0.18067,0.20364,0.29729
10,0.04198,262.08356,43,-0.2329,0.18492,0.12662
10,0.04198,262.08356,44,-0.33094,0.1029,0.16407
10,0.04198,262.08356,45,-0.33785,-0.00906,0.23386
10,0.04198,262.08356,46,-0.30431,-0.04808,0.0818
10,0.04198,262.08356,47,-0.19941,-0.03326,0.06819
10,0.04198,262.08356,48,-0.12333,0.09712,0.16573
10,0.04198,262.08356,49,-0.22885,0.27465,0.1237
10,0.04198,262.08356,50,-0.40743,0.1091,0.0941
10,0.04198,262.08356,51,-0.3203,0.17129,0.16303
10,0.04198,262.08356,52,-0.28599,0.1147,0.15655
10,0.04198,262.08356,53,-0.34803,0.05557,0.0927
10,0.04198,262.08356,54,-0.33469,0.09703,0.32623
10,0.04198,262.08356,55,-0.19987,0.04432,0.26939
10,0.04198,262.08356,56,-0.26814,0.22151,0.24588
11,0.44525,260.90433,1,0.12823,-0.01837,0.23003
11,0.44525,260.90433,2,0.22603,-0.1464,0.11554
11,0.44525,260.90433,3,0.28483,-0.08052,0.11635
11,0.44525,260.90433,4,0.38641,-0.13435,0.19529
11,0.44525,260.90433,5,0.27955,-0.33212,0.30379
11,0.44525,260.90433,6,0.20924,-0.37655,0.29585
11,0.44525,260.90433,7,0.20011,-0.38178,0.36173
11,0.44525,260.90433,8,0.28269,-0.60517,0.42358
11,0.44525,260.90433,9,0.27627,-0.40117,0.37404
11,0.44525,260.90433,10,0.32944,-0.3239,0.25088
11,0.44525,260.90433,11,0.40922,-0.36773,0.27458
11,0.44525,260.90433,12,0.38173,-0.27505,0.09332
11,0.44525,260.90433,13,0.37291,-0.18863,0.2532
11,0.44525,260.90433,14,0.32806,-0.32884,0.28183
11,0.44525,260.90433,15,0.2373,-0.3142,0.30384
11,0.44525,260.90433,16,0.21626,-0.32044,0.35153
11,0.44525,260.90433,17,0.06543,-0.16107,0.39675
11,0.44525,260.90433,18,0.15839,-0.05894,0.33947
11,0.44525,260.90433,19,0.15885,0.07603,0.34097
11,0.44525,260.90433,20,0.107,0.12339,0.19726
11,0.44525,260.90433,21,0.12205,0.02779,0.09958
11,0.44525,260.90433,22,0.05,0.00221,0.06956
11,0.44525,260.90433,23,-0.06709,0.10011,0.16806
11,0.44525,260.90433,24,0.02818,0.00491,0.15687
11,0.44525,260.90433,25,-0.00894,0.01557,0.171
11,0.44525,260.90433,26,-0.03243,-0.13491,0.18553
11,0.44525,260.90433,27,-0.06059,-0.1143,0.23792
11,0.44525,260.90433,28,-0.07715,-0.22072,0.13283
11,0.44525,260.90433,29,-0.04844,-0.19748,0.10254
11,0.44525,260.90433,30,-0.0475,-0.20699,0.16965
11,0.44525,260.90433,31,-0.14011,-0.02742,0.1005
11,0.44525,260.90433,32,-0.19985,0.1686,0.06988
11,0.44525,260.90433,33,-0.18264,0.10678,0.11666
11,0.44525,260.90433,34,-0.19503,0.0749,0.1149
11,0.44525,260.90433,35,-0.23009,0.09999,0.15481
11,0.44525,260.90433,36,-0.25052,0.25189,0.10067
11,0.44525,260.90433,37,-0.25647,0.38807,0.10936
11,0.44525,260.90433,38,-0.37877,0.27762,0.08737
11,0.44525,260.90433,39,-0.38797,0.20469,0.20374
11,0.44525,260.90433,40,-0.40515,-0.00259,0.18922
11,0.44525,260.90433,41,-0.26061,0.04497,0.08722
11,0.44525,260.90433,42,-0.2721,0.20961,0.15834
11,0.44525,260.90433,43,-0.25714,0.11934,0.2164
11,0.44525,260.90433,44,-0.28451,0.15747,0.0915
11,0.44525,260.90433,45,-0.34117,0.14384,0.19176
11,0.44525,260.90433,46,-0.35367,0.13713,0.21572
11,0.44525,260.90433,47,-0.34318,0.12101,0.24247
11,0.44525,260.90433,48,-0.2656,0.033,0.12551
11,0.44525,260.90433,49,-0.10529,0.0674,0.13811
11,0.44525,260.90433,50,0.0021,0.028,0.10713
11,0.44525,260.90433,51,0.04579,0.07137,0.14147
11,0.44525,260.90433,52,0.12768,0.09531,0.17788
11,0.44525,260.90433,53,-0.1552,-0.05677,0.25744
11,0.44525,260.90433,54,-0.1721,-0.15055,0.21819
11,0.44525,260.90433,55,-0.20609,-0.08272,0.10448
11,0.44525,260.90433,56,-0.11348,-0.06935,0.07248
12,0.33566,264.27274,1,0.12823,-0.01837,0.23003
12,0.33566,264.27274,2,0.22603,-0.1464,0.11554
12,0.33566,264.27274,3,0.28484,-0.08052,0.10992
12,0.33566,264.27274,4,0.38773,-0.13491,0.18613
12,0.33566,264.27274,5,0.2835,-0.3338,0.29553
12,0.33566,264.27274,6,0.21317,-0.37822,0.28763
12,0.33566,264.27274,7,0.20394,-0.38548,0.35595
12,0.33566,264.27274,8,0.28436,-0.60256,0.42106
12,0.33566,264.27274,9,0.27699,-0.40385,0.37295
12,0.33566,264.27274,10,0.33016,-0.32656,0.2498
12,0.33566,264.27274,11,0.40922,-0.37035,0.27376
12,0.33566,264.27274,12,0.38164,-0.27718,0.09118
12,0.33566,264.27274,13,0.37282,-0.19075,0.25108
12,0.33566,264.27274,14,0.32796,-0.33095,0.27971
12,0.33566,264.27274,15,0.23721,-0.3163,0.30173
12,0.33566,264.27274,16,0.21616,-0.32253,0.34943
12,0.33566,264.27274,17,0.06534,-0.16315,0.39466
12,0.33566,264.27274,18,0.15829,-0.06101,0.33738
12,0.33566,264.27274,19,0.15876,0.07397,0.3389
12,0.33566,264.27274,20,0.1069,0.12133,0.1952
12,0.33566,264.27274,21,0.12134,0.02626,0.09508
12,0.33566,264.27274,22,0.04929,0.0007,0.06956
12,0.33566,264.27274,23,-0.0678,0.09861,0.16806
12,0.33566,264.27274,24,0.02748,0.00342,0.15688
12,0.33566,264.27274,25,-0.00965,0.01408,0.171
12,0.33566,264.27274,26,-0.03313,-0.13639,0.18553
12,0.33566,264.27274,27,-0.06129,-0.11578,0.23792
12,0.33566,264.27274,28,-0.07785,-0.2222,0.13283
12,0.33566,264.27274,29,-0.04914,-0.19893,0.10174
12,0.33566,264.27274,30,-0.04818,-0.20839,0.16725
12,0.33566,264.27274,31,-0.14077,-0.02885,0.09999
12,0.33566,264.27274,32,-0.20053,0.16723,0.06988
12,0.33566,264.27274,33,-0.18331,0.10542,0.11667
12,0.33566,264.27274,34,-0.1957,0.07354,0.1149
12,0.33566,264.27274,35,-0.23076,0.09864,0.15481
12,0.33566,264.27274,36,-0.25119,0.25055,0.10068
12,0.33566,264.27274,37,-0.25714,0.38673,0.10936
12,0.33566,264.27274,38,-0.37943,0.27632,0.08617
12,0.33566,264.27274,39,-0.38919,0.20359,0.20298
12,0.33566,264.27274,40,-0.40515,-0.00361,0.18856
12,0.33566,264.27274,41,-0.26077,0.04399,0.08722
12,0.33566,264.27274,42,-0.27226,0.20863,0.15834
12,0.33566,264.27274,43,-0.2573,0.11837,0.2164
12,0.33566,264.27274,44,-0.28433,0.15645,0.09045
12,0.33566,264.27274,45,-0.34099,0.14282,0.19071
12,0.33566,264.27274,46,-0.3535,0.13611,0.21468
12,0.33566,264.27274,47,-0.343,0.12,0.24143
12,0.33566,264.27274,48,-0.26543,0.03199,0.12448
12,0.33566,264.27274,49,-0.10511,0.06639,0.13709
12,0.33566,264.27274,50,-0.10887,0.15663,0.09352
12,0.33566,264.27274,51,-0.16391,0.36144,0.14093
12,0.33566,264.27274,52,-0.31433,0.12772,0.07873
12,0.33566,264.27274,53,-0.41157,0.18195,0.07036
12,0.33566,264.27274,54,-0.22132,0.32918,0.07254
12,0.33566,264.27274,55,-0.14248,0.28359,0.13735
12,0.33566,264.27274,56,-0.05794,0.28283,0.09037
13,0.72307,259.72418,1,0.12823,-0.01837,0.23003
13,0.72307,259.72418,2,0.22603,-0.1464,0.11554
13,0.72307,259.72418,3,0.28483,-0.08051,0.13265
13,0.72307,259.72418,4,0.38304,-0.13301,0.21798
13,0.72307,259.72418,5,0.26954,-0.32819,0.32316
13,0.72307,259.72418,6,0.19929,-0.37262,0.31511
13,0.72307,259.72418,7,0.19069,-0.3731,0.37523
13,0.72307,259.72418,8,0.27567,-0.61335,0.43227
13,0.72307,259.72418,9,0.2704,-0.39253,0.38051
13,0.72307,259.72418,10,0.3236,-0.31531,0.25733
13,0.72307,259.72418,11,0.40922,-0.35883,0.27936
13,0.72307,259.72418,12,0.38099,-0.26697,0.09736
13,0.72307,259.72418,13,0.37218,-0.1806,0.25721
13,0.72307,259.72418,14,0.32734,-0.32085,0.28582
13,0.72307,259.72418,15,0.2366,-0.30625,0.30783
13,0.72307,259.72418,16,0.21556,-0.31254,0.3555
13,0.72307,259.72418,17,0.06474,-0.1532,0.40071
13,0.72307,259.72418,18,0.15771,-0.05111,0.34341
13,0.72307,259.72418,19,0.15818,0.08382,0.3449
13,0.72307,259.72418,20,0.10632,0.13113,0.20117
13,0.72307,259.72418,21,0.12505,0.03249,0.11046
13,0.72307,259.72418,22,0.05297,0.00686,0.06955
13,0.72307,259.72418,23,-0.06413,0.10474,0.16805
13,0.72307,259.72418,24,0.03114,0.00953,0.15687
13,0.72307,259.72418,25,-0.00599,0.02016,0.17099
13,0.72307,259.72418,26,-0.02949,-0.13034,0.18552
13,0.72307,259.72418,27,-0.05765,-0.10974,0.23791
13,0.72307,259.72418,28,-0.07423,-0.21619,0.13282
13,0.72307,259.72418,29,-0.04555,-0.19302,0.10457
13,0.72307,259.72418,30,-0.04467,-0.20267,0.17574
13,0.72307,259.72418,31,-0.13732,-0.02308,0.10444
13,0.72307,259.72418,32,-0.19706,0.17282,0.0757
13,0.72307,259.72418,33,-0.23215,0.06952,0.07181
13,0.72307,259.72418,34,-0.24572,0.22966,0.07502
13,0.72307,259.72418,35,-0.36163,0.22909,0.07868
13,0.72307,259.72418,36,-0.39193,0.11349,0.08213
13,0.72307,259.72418,37,-0.36744,0.11846,0.08502
13,0.72307,259.72418,38,-0.41361,0.09318,0.06738
13,0.72307,259.72418,39,-0.25437,0.19489,0.21334
13,0.72307,259.72418,40,-0.26084,0.18072,0.22276
13,0.72307,259.72418,41,-0.15023,0.22528,0.27106
13,0.72307,259.72418,42,-0.18069,0.2102,0.29727
13,0.72307,259.72418,43,-0.23293,0.19146,0.12661
13,0.72307,259.72418,44,-0.33097,0.1094,0.16406
13,0.72307,259.72418,45,-0.38621,0.16406,0.27641
13,0.72307,259.72418,46,-0.18872,0.09482,0.10105
13,0.72307,259.72418,47,-0.12946,0.02244,0.08633
13,0.72307,259.72418,48,-0.19928,0.10325,0.0844
13,0.72307,259.72418,49,-0.33996,0.08284,0.06818
13,0.72307,259.72418,50,-0.34839,0.10987,0.15038
13,0.72307,259.72418,51,-0.35562,0.00044,0.09545
13,0.72307,259.72418,52,-0.33291,-0.02835,0.10633
13,0.72307,259.72418,53,-0.19899,-0.04546,0.13654
13,0.72307,259.72418,54,-0.18482,0.01045,0.20183
13,0.72307,259.72418,55,-0.24693,0.15218,0.33496
13,0.72307,259.72418,56,-0.17267,0.32729,0.52789
14,0.07076,260.56463,1,0.12823,-0.01837,0.23003
14,0.07076,260.56463,2,0.22603,-0.1464,0.11554
14,0.07076,260.56463,3,0.28484,-0.08052,0.09438
14,0.07076,260.56463,4,0.39094,-0.13623,0.16353
14,0.07076,260.56463,5,0.29307,-0.33772,0.27424
14,0.07076,260.56463,6,0.2227,-0.38212,0.26643
14,0.07076,260.56463,7,0.21477,-0.3952,0.33563
14,0.07076,260.56463,8,0.29059,-0.59787,0.40702
14,0.07076,260.56463,9,0.27968,-0.40911,0.3669
14,0.07076,260.56463,10,0.33283,-0.33179,0.24377
14,0.07076,260.56463,11,0.40922,-0.37521,0.26885
14,0.07076,260.56463,12,0.38233,-0.28055,0.08575
14,0.07076,260.56463,13,0.37349,-0.19411,0.24567
14,0.07076,260.56463,14,0.32863,-0.33429,0.27433
14,0.07076,260.56463,15,0.23787,-0.31962,0.29637
14,0.07076,260.56463,16,0.21682,-0.32584,0.34408
14,0.07076,260.56463,17,0.06599,-0.16645,0.38933
14,0.07076,260.56463,18,0.15895,-0.0643,0.33208
14,0.07076,260.56463,19,0.15942,0.07069,0.33363
14,0.07076,260.56463,20,0.10756,0.11807,0.18997
14,0.07076,260.56463,21,0.12005,0.02428,0.08327
14,0.07076,260.56463,22,0.04801,-0.00125,0.06956
14,0.07076,260.56463,23,-0.06907,0.09666,0.16806
14,0.07076,260.56463,24,0.02621,0.00148,0.15688
14,0.07076,260.56463,25,-0.01091,0.01215,0.17101
14,0.07076,260.56463,26,-0.0344,-0.13832,0.18553
14,0.07076,260.56463,27,-0.06255,-0.11769,0.23792
14,0.07076,260.56463,28,-0.07911,-0.2241,0.13283
14,0.07076,260.56463,29,-0.05037,-0.20081,0.09996
14,0.07076,260.56463,30,-0.04937,-0.21025,0.1628
14,0.07076,260.56463,31,-0.14193,-0.03072,0.09999
14,0.07076,260.56463,32,-0.20172,0.16543,0.06988
14,0.07076,260.56463,33,-0.23678,0.06221,0.07181
14,0.07076,260.56463,34,-0.25033,0.22241,0.07503
14,0.07076,260.56463,35,-0.36621,0.22191,0.07868
14,0.07076,260.56463,36,-0.39898,0.10682,0.08214
14,0.07076,260.56463,37,-0.37444,0.11186,0.08502
14,0.07076,260.56463,38,-0.41361,0.08661,0.06739
14,0.07076,260.56463,39,-0.25436,0.18836,0.21334
14,0.07076,260.56463,40,-0.26083,0.17422,0.22277
14,0.07076,260.56463,41,-0.15021,0.21881,0.27107
14,0.07076,260.56463,42,-0.18067,0.20376,0.29729
14,0.07076,260.56463,43,-0.2329,0.18505,0.12662
14,0.07076,260.56463,44,-0.33094,0.10302,0.16407
14,0.07076,260.56463,45,-0.38617,0.1577,0.27642
14,0.07076,260.56463,46,-0.18841,0.08865,0.09998
14,0.07076,260.56463,47,-0.1298,0.01653,0.08633
14,0.07076,260.56463,48,-0.20015,0.09738,0.0844
14,0.07076,260.56463,49,-0.3408,0.07704,0.06818
14,0.07076,260.56463,50,-0.3657,0.04303,0.15946
14,0.07076,260.56463,51,-0.39283,0.10454,0.36831
14,0.07076,260.56463,52,-0.26587,0.06367,0.4041
14,0.07076,260.56463,53,-0.21997,0.02595,0.11279
14,0.07076,260.56463,54,-0.07367,0.11199,0.18866
14,0.07076,260.56463,55,-0.15069,0.0436,0.08299
14,0.07076,260.56463,56,-0.12118,-0.03518,0.05909
15,0.28398,263.46533,1,0.12823,-0.01837,0.23003
15,0.28398,263.46533,2,0.22603,-0.1464,0.11554
15,0.28398,263.46533,3,0.28484,-0.08052,0.10689
15,0.28398,263.46533,4,0.38836,-0.13518,0.18176
15,0.28398,263.46533,5,0.28537,-0.33459,0.29152
15,0.28398,263.46533,6,0.21503,-0.379,0.28363
15,0.28398,263.46533,7,0.20575,-0.38729,0.35313
15,0.28398,263.46533,8,0.28515,-0.60146,0.41984
15,0.28398,263.46533,9,0.27733,-0.405,0.37242
15,0.28398,263.46533,10,0.3305,-0.32771,0.24927
15,0.28398,263.46533,11,0.40922,-0.37146,0.27337
15,0.28398,263.46533,12,0.3816,-0.27804,0.09015
15,0.28398,263.46533,13,0.37277,-0.19161,0.25004
15,0.28398,263.46533,14,0.32792,-0.3318,0.27868
15,0.28398,263.46533,15,0.23716,-0.31715,0.30071
15,0.28398,263.46533,16,0.21612,-0.32338,0.34841
15,0.28398,263.46533,17,0.06529,-0.164,0.39364
15,0.28398,263.46533,18,0.15825,-0.06186,0.33637
15,0.28398,263.46533,19,0.15871,0.07313,0.33789
15,0.28398,263.46533,20,0.10686,0.12049,0.1942
15,0.28398,263.46533,21,0.12105,0.02563,0.09288
15,0.28398,263.46533,22,0.049,8.0e-5,0.06956
15,0.28398,263.46533,23,-0.06809,0.09799,0.16806
15,0.28398,263.46533,24,0.02719,0.0028,0.15688
15,0.28398,263.46533,25,-0.00993,0.01347,0.171
15,0.28398,263.46533,26,-0.03342,-0.13701,0.18553
15,0.28398,263.46533,27,-0.06158,-0.11638,0.23792
15,0.28398,263.46533,28,-0.07814,-0.2228,0.13283
15,0.28398,263.46533,29,-0.04942,-0.19952,0.10136
15,0.28398,263.46533,30,-0.04846,-0.20897,0.16612
15,0.28398,263.46533,31,-0.14102,-0.02945,0.10012
15,0.28398,263.46533,32,-0.2008,0.16666,0.06988
15,0.28398,263.46533,33,-0.23587,0.06342,0.07181
15,0.28398,263.46533,34,-0.24942,0.22362,0.07503
15,0.28398,263.46533,35,-0.36531,0.22311,0.07868
15,0.28398,263.46533,36,-0.39626,0.10789,0.08214
15,0.28398,263.46533,37,-0.37174,0.11291,0.08502
15,0.28398,263.46533,38,-0.41361,0.08768,0.06739
15,0.28398,263.46533,39,-0.25436,0.18942,0.21334
15,0.28398,263.46533,40,-0.26083,0.17527,0.22277
15,0.28398,263.46533,41,-0.15021,0.21986,0.27106
15,0.28398,263.46533,42,-0.18067,0.2048,0.29729
15,0.28398,263.46533,43,-0.23291,0.18609,0.12662
15,0.28398,263.46533,44,-0.33095,0.10406,0.16407
15,0.28398,263.46533,45,-0.33785,-0.00791,0.23386
15,0.28398,263.46533,46,-0.30473,-0.04694,0.08701
15,0.28398,263.46533,47,-0.19904,-0.03216,0.06819
15,0.28398,263.46533,48,-0.12296,0.09821,0.16573
15,0.28398,263.46533,49,-0.22848,0.27573,0.1237
15,0.28398,263.46533,50,-0.40743,0.11018,0.09419
15,0.28398,263.46533,51,-0.3203,0.17236,0.16312
15,0.28398,263.46533,52,-0.28599,0.11577,0.15664
15,0.28398,263.46533,53,-0.34788,0.0566,0.0932
15,0.28398,263.46533,54,-0.33456,0.09805,0.32584
15,0.28398,263.46533,55,-0.19975,0.04533,0.269
15,0.28398,263.46533,56,-0.13658,0.00069,0.13824
16,0.6217,261.41192,1,0.12823,-0.01837,0.23003
16,0.6217,261.41192,2,0.22603,-0.1464,0.11554
16,0.6217,261.41192,3,0.28483,-0.08051,0.1267
16,0.6217,261.41192,4,0.38427,-0.13347,0.20979
16,0.6217,261.41192,5,0.27319,-0.32953,0.31635
16,0.6217,261.41192,6,0.20291,-0.37396,0.30834
16,0.6217,261.41192,7,0.19405,-0.37616,0.37049
16,0.6217,261.41192,8,0.27825,-0.61012,0.42904
16,0.6217,261.41192,9,0.2726,-0.39602,0.378
16,0.6217,261.41192,10,0.32578,-0.31878,0.25483
16,0.6217,261.41192,11,0.40922,-0.36246,0.27745
16,0.6217,261.41192,12,0.38133,-0.27035,0.09609
16,0.6217,261.41192,13,0.37252,-0.18397,0.25595
16,0.6217,261.41192,14,0.32767,-0.3242,0.28457
16,0.6217,261.41192,15,0.23692,-0.30958,0.30657
16,0.6217,261.41192,16,0.21588,-0.31585,0.35426
16,0.6217,261.41192,17,0.06506,-0.1565,0.39947
16,0.6217,261.41192,18,0.15802,-0.05439,0.34217
16,0.6217,261.41192,19,0.15849,0.08056,0.34367
16,0.6217,261.41192,20,0.10663,0.12789,0.19994
16,0.6217,261.41192,21,0.12384,0.03056,0.10656
16,0.6217,261.41192,22,0.05177,0.00495,0.06955
16,0.6217,261.41192,23,-0.06533,0.10284,0.16805
16,0.6217,261.41192,24,0.02995,0.00764,0.15687
16,0.6217,261.41192,25,-0.00719,0.01828,0.171
16,0.6217,261.41192,26,-0.03068,-0.13221,0.18552
16,0.6217,261.41192,27,-0.05884,-0.11161,0.23791
16,0.6217,261.41192,28,-0.07541,-0.21805,0.13282
16,0.6217,261.41192,29,-0.04672,-0.19485,0.10383
16,0.6217,261.41192,30,-0.04581,-0.20444,0.17351
16,0.6217,261.41192,31,-0.13846,-0.02484,0.10223
16,0.6217,261.41192,32,-0.19819,0.1711,0.07557
16,0.6217,261.41192,33,-0.23327,0.06781,0.07181
16,0.6217,261.41192,34,-0.24684,0.22797,0.07502
16,0.6217,261.41192,35,-0.36274,0.22742,0.07868
16,0.6217,261.41192,36,-0.39271,0.11183,0.08214
16,0.6217,261.41192,37,-0.36821,0.11682,0.08502
16,0.6217,261.41192,38,-0.41361,0.09156,0.06738
16,0.6217,261.41192,39,-0.25437,0.19329,0.21334
16,0.6217,261.41192,40,-0.26084,0.17912,0.22276
16,0.6217,261.41192,41,-0.15022,0.22369,0.27106
16,0.6217,261.41192,42,-0.18069,0.20861,0.29728
16,0.6217,261.41192,43,-0.23292,0.18988,0.12661
16,0.6217,261.41192,44,-0.33097,0.10784,0.16406
16,0.6217,261.41192,45,-0.3862,0.16249,0.27641
16,0.6217,261.41192,46,-0.18844,0.09332,0.09998
16,0.6217,261.41192,47,-0.12956,0.02101,0.08633
16,0.6217,261.41192,48,-0.19937,0.10183,0.0844
16,0.6217,261.41192,49,-0.34005,0.08144,0.06818
16,0.6217,261.41192,50,-0.34847,0.10848,0.15038
16,0.6217,261.41192,51,-0.35571,-0.00094,0.09546
16,0.6217,261.41192,52,-0.33299,-0.02974,0.10634
16,0.6217,261.41192,53,-0.30736,-0.05886,0.05911
16,0.6217,261.41192,54,-0.1885,-0.05766,0.20662
16,0.6217,261.41192,55,-0.00516,-0.22037,0.28882
16,0.6217,261.41192,56,-0.06992,-0.2012,0.1322
17,0.21359,258.88192,1,0.12823,-0.01837,0.23003
17,0.21359,258.88192,2,0.22603,-0.1464,0.11554
17,0.21359,258.88192,3,0.28484,-0.08052,0.10276
17,0.21359,258.88192,4,0.38921,-0.13554,0.17579
17,0.21359,258.88192,5,0.28791,-0.33565,0.28593
17,0.21359,258.88192,6,0.21756,-0.38006,0.27807
17,0.21359,258.88192,7,0.20868,-0.38982,0.3478
17,0.21359,258.88192,8,0.28687,-0.6001,0.41614
17,0.21359,258.88192,9,0.27807,-0.40646,0.37083
17,0.21359,258.88192,10,0.33124,-0.32916,0.24768
17,0.21359,258.88192,11,0.40922,-0.37282,0.27208
17,0.21359,258.88192,12,0.38178,-0.27906,0.08878
17,0.21359,258.88192,13,0.37296,-0.19262,0.24868
17,0.21359,258.88192,14,0.3281,-0.33281,0.27733
17,0.21359,258.88192,15,0.23734,-0.31815,0.29936
17,0.21359,258.88192,16,0.21629,-0.32438,0.34707
17,0.21359,258.88192,17,0.06547,-0.16499,0.3923
17,0.21359,258.88192,18,0.15842,-0.06284,0.33504
17,0.21359,258.88192,19,0.15889,0.07214,0.33657
17,0.21359,258.88192,20,0.10704,0.11951,0.19288
17,0.21359,258.88192,21,0.12067,0.02504,0.0898
17,0.21359,258.88192,22,0.04862,-0.00049,0.06956
17,0.21359,258.88192,23,-0.06846,0.09741,0.16806
17,0.21359,258.88192,24,0.02682,0.00223,0.15688
17,0.21359,258.88192,25,-0.01031,0.0129,0.17101
17,0.21359,258.88192,26,-0.03379,-0.13758,0.18553
17,0.21359,258.88192,27,-0.06194,-0.11695,0.23792
17,0.21359,258.88192,28,-0.07851,-0.22337,0.13283
17,0.21359,258.88192,29,-0.04978,-0.20008,0.10085
17,0.21359,258.88192,30,-0.04882,-0.20951,0.16458
17,0.21359,258.88192,31,-0.14137,-0.02999,0.09998
17,0.21359,258.88192,32,-0.20115,0.16613,0.06988
17,0.21359,258.88192,33,-0.23622,0.0629,0.07181
17,0.21359,258.88192,34,-0.24977,0.2231,0.07503
17,0.21359,258.88192,35,-0.36565,0.22259,0.07868
17,0.21359,258.88192,36,-0.39713,0.10744,0.08214
17,0.21359,258.88192,37,-0.37261,0.11247,0.08502
17,0.21359,258.88192,38,-0.41361,0.08723,0.06739
17,0.21359,258.88192,39,-0.25436,0.18897,0.21334
17,0.21359,258.88192,40,-0.26083,0.17483,0.22277
17,0.21359,258.88192,41,-0.15021,0.21942,0.27107
17,0.21359,258.88192,42,-0.18067,0.20436,0.29729
17,0.21359,258.88192,43,-0.2329,0.18565,0.12662
17,0.21359,258.88192,44,-0.33095,0.10362,0.16407
17,0.21359,258.88192,45,-0.38617,0.1583,0.27642
17,0.21359,258.88192,46,-0.18841,0.08924,0.09998
17,0.21359,258.88192,47,-0.12981,0.01709,0.08633
17,0.21359,258.88192,48,-0.19992,0.09794,0.0844
17,0.21359,258.88192,49,-0.34058,0.0776,0.06818
17,0.21359,258.88192,50,-0.36548,0.04359,0.15946
17,0.21359,258.88192,51,-0.39261,0.10509,0.36831
17,0.21359,258.88192,52,-0.26566,0.06422,0.4041
17,0.21359,258.88192,53,-0.21976,0.0265,0.11279
17,0.21359,258.88192,54,-0.07345,0.11253,0.18866
17,0.21359,258.88192,55,-0.1505,0.04412,0.08425
17,0.21359,258.88192,56,0.00568,0.00212,0.23405
18,0.02186,259.81266,1,0.12823,-0.01837,0.23003
18,0.02186,259.81266,2,0.22603,-0.1464,0.11554
18,0.02186,259.81266,3,0.28521,-0.08101,0.0919
18,0.02186,259.81266,4,0.39169,-0.13676,0.16135
18,0.02186,259.81266,5,0.29468,-0.33848,0.27202
18,0.02186,259.81266,6,0.2243,-0.38287,0.26422
18,0.02186,259.81266,7,0.21636,-0.39711,0.33312
18,0.02186,259.81266,8,0.29151,-0.59729,0.40522
18,0.02186,259.81266,9,0.28007,-0.40994,0.36612
18,0.02186,259.81266,10,0.33323,-0.33262,0.24299
18,0.02186,259.81266,11,0.40922,-0.37596,0.26825
18,0.02186,259.81266,12,0.38231,-0.28099,0.08461
18,0.02186,259.81266,13,0.37348,-0.19454,0.24453
18,0.02186,259.81266,14,0.32862,-0.33471,0.27319
18,0.02186,259.81266,15,0.23785,-0.32005,0.29523
18,0.02186,259.81266,16,0.21681,-0.32627,0.34295
18,0.02186,259.81266,17,0.06598,-0.16687,0.38821
18,0.02186,259.81266,18,0.15894,-0.06472,0.33096
18,0.02186,259.81266,19,0.1594,0.07027,0.33252
18,0.02186,259.81266,20,0.10755,0.11765,0.18886
18,0.02186,259.81266,21,0.11988,0.02396,0.08094
18,0.02186,259.81266,22,0.04783,-0.00157,0.06956
18,0.02186,259.81266,23,-0.06925,0.09634,0.16806
18,0.02186,259.81266,24,0.02603,0.00116,0.15688
18,0.02186,259.81266,25,-0.01108,0.01184,0.17101
18,0.02186,259.81266,26,-0.03457,-0.13863,0.18553
18,0.02186,259.81266,27,-0.06272,-0.118,0.23792
18,0.02186,259.81266,28,-0.07928,-0.22442,0.13283
18,0.02186,259.81266,29,-0.05054,-0.20112,0.09984
18,0.02186,259.81266,30,-0.04953,-0.21055,0.1629
18,0.02186,259.81266,31,-0.14209,-0.03101,0.09999
18,0.02186,259.81266,32,-0.20188,0.16514,0.06988
18,0.02186,259.81266,33,-0.23694,0.06192,0.07181
18,0.02186,259.81266,34,-0.25049,0.22212,0.07503
18,0.02186,259.81266,35,-0.36637,0.22163,0.07868
18,0.02186,259.81266,36,-0.39963,0.10659,0.08214
18,0.02186,259.81266,37,-0.37509,0.11163,0.08502
18,0.02186,259.81266,38,-0.41361,0.08637,0.06739
18,0.02186,259.81266,39,-0.25436,0.18812,0.21335
18,0.02186,259.81266,40,-0.26083,0.17398,0.22277
18,0.02186,259.81266,41,-0.15021,0.21858,0.27107
18,0.02186,259.81266,42,-0.18067,0.20352,0.29729
18,0.02186,259.81266,43,-0.2329,0.18481,0.12662
18,0.02186,259.81266,44,-0.33094,0.10279,0.16407
18,0.02186,259.81266,45,-0.38617,0.15747,0.27642
18,0.02186,259.81266,46,-0.18841,0.08842,0.09998
18,0.02186,259.81266,47,-0.1298,0.0163,0.08633
18,0.02186,259.81266,48,-0.20023,0.09716,0.0844
18,0.02186,259.81266,49,-0.34088,0.07682,0.06818
18,0.02186,259.81266,50,-0.36578,0.04282,0.15946
18,0.02186,259.81266,51,-0.39291,0.10433,0.36831
18,0.02186,259.81266,52,-0.26595,0.06345,0.4041
18,0.02186,259.81266,53,-0.22005,0.02574,0.11279
18,0.02186,259.81266,54,-0.07374,0.11177,0.18866
18,0.02186,259.81266,55,-0.15076,0.0434,0.08256
18,0.02186,259.81266,56,-0.02102,0.16729,0.17487
19,0.21104,264.00644,1,0.12823,-0.01837,0.23003
19,0.21104,264.00644,2,0.22603,-0.1464,0.11554
19,0.21104,264.00644,3,0.28484,-0.08052,0.10261
19,0.21104,264.00644,4,0.38924,-0.13555,0.17557
19,0.21104,264.00644,5,0.288,-0.33569,0.28573
19,0.21104,264.00644,6,0.21765,-0.3801,0.27787
19,0.21104,264.00644,7,0.20879,-0.38992,0.34758
19,0.21104,264.00644,8,0.28694,-0.60005,0.41598
19,0.21104,264.00644,9,0.2781,-0.40651,0.37076
19,0.21104,264.00644,10,0.33126,-0.32921,0.24762
19,0.21104,264.00644,11,0.40922,-0.37287,0.27202
19,0.21104,264.00644,12,0.38179,-0.27909,0.08873
19,0.21104,264.00644,13,0.37297,-0.19266,0.24863
19,0.21104,264.00644,14,0.32811,-0.33284,0.27728
19,0.21104,264.00644,15,0.23735,-0.31818,0.29931
19,0.21104,264.00644,16,0.2163,-0.32441,0.34702
19,0.21104,264.00644,17,0.06548,-0.16502,0.39225
19,0.21104,264.00644,18,0.15843,-0.06288,0.33499
19,0.21104,264.00644,19,0.1589,0.07211,0.33652
19,0.21104,264.00644,20,0.10704,0.11948,0.19283
19,0.21104,264.00644,21,0.12066,0.02503,0.08969
19,0.21104,264.00644,22,0.04861,-0.00051,0.06956
19,0.21104,264.00644,23,-0.06848,0.09739,0.16806
19,0.21104,264.00644,24,0.0268,0.00221,0.15688
19,0.21104,264.00644,25,-0.01032,0.01288,0.17101
19,0.21104,264.00644,26,-0.0338,-0.13759,0.18553
19,0.21104,264.00644,27,-0.06196,-0.11697,0.23792
19,0.21104,264.00644,28,-0.07852,-0.22338,0.13283
19,0.21104,264.00644,29,-0.04979,-0.20009,0.10083
19,0.21104,264.00644,30,-0.04883,-0.20952,0.16452
19,0.21104,264.00644,31,-0.14138,-0.03001,0.09998
19,0.21104,264.00644,32,-0.20116,0.16612,0.06988
19,0.21104,264.00644,33,-0.18395,0.10431,0.11667
19,0.21104,264.00644,34,-0.19633,0.07244,0.1149
19,0.21104,264.00644,35,-0.23139,0.09754,0.15481
19,0.21104,264.00644,36,-0.25182,0.24945,0.10068
19,0.21104,264.00644,37,-0.25777,0.38564,0.10937
19,0.21104,264.00644,38,-0.38004,0.27527,0.08481
19,0.21104,264.00644,39,-0.39068,0.20284,0.20205
19,0.21104,264.00644,40,-0.40515,-0.00447,0.18777
19,0.21104,264.00644,41,-0.26096,0.04318,0.08722
19,0.21104,264.00644,42,-0.27244,0.20782,0.15834
19,0.21104,264.00644,43,-0.25748,0.11756,0.2164
19,0.21104,264.00644,44,-0.28414,0.15557,0.08952
19,0.21104,264.00644,45,-0.34086,0.14188,0.19107
19,0.21104,264.00644,46,-0.35337,0.13518,0.21504
19,0.21104,264.00644,47,-0.34288,0.11907,0.24178
19,0.21104,264.00644,48,-0.2653,0.03107,0.12483
19,0.21104,264.00644,49,-0.10499,0.06548,0.13743
19,0.21104,264.00644,50,-0.10866,0.15581,0.08962
19,0.21104,264.00644,51,-0.1637,0.36063,0.13704
19,0.21104,264.00644,52,-0.31411,0.12691,0.07873
19,0.21104,264.00644,53,-0.41157,0.18116,0.07036
19,0.21104,264.00644,54,-0.22132,0.3284,0.07254
19,0.21104,264.00644,55,-0.14248,0.28282,0.13735
19,0.21104,264.00644,56,-0.15676,0.27477,0.24589
20,0.02519,260.55254,1,0.12823,-0.01837,0.23003
20,0.02519,260.55254,2,0.22603,-0.1464,0.11554
20,0.02519,260.55254,3,0.2852,-0.08099,0.09199
20,0.02519,260.55254,4,0.39166,-0.13677,0.16129
20,0.02519,260.55254,5,0.29456,-0.33847,0.27197
20,0.02519,260.55254,6,0.22418,-0.38286,0.26418
20,0.02519,260.55254,7,0.21624,-0.39697,0.33311
20,0.02519,260.55254,8,0.29145,-0.59732,0.40524
20,0.02519,260.55254,9,0.28005,-0.40989,0.36613
20,0.02519,260.55254,10,0.3332,-0.33256,0.243
20,0.02519,260.55254,11,0.40922,-0.37591,0.26825
20,0.02519,260.55254,12,0.3823,-0.28095,0.08469
20,0.02519,260.55254,13,0.37347,-0.19451,0.24461
20,0.02519,260.55254,14,0.32861,-0.33468,0.27327
20,0.02519,260.55254,15,0.23784,-0.32002,0.29531
20,0.02519,260.55254,16,0.2168,-0.32624,0.34303
20,0.02519,260.55254,17,0.06597,-0.16684,0.38829
20,0.02519,260.55254,18,0.15893,-0.06469,0.33104
20,0.02519,260.55254,19,0.15939,0.0703,0.3326
20,0.02519,260.55254,20,0.10754,0.11768,0.18894
20,0.02519,260.55254,21,0.11987,0.02399,0.0811
20,0.02519,260.55254,22,0.04783,-0.00154,0.06956
20,0.02519,260.55254,23,-0.06926,0.09637,0.16806
20,0.02519,260.55254,24,0.02603,0.00119,0.15688
20,0.02519,260.55254,25,-0.01109,0.01186,0.17101
20,0.02519,260.55254,26,-0.03458,-0.1386,0.18553
20,0.02519,260.55254,27,-0.06273,-0.11798,0.23792
20,0.02519,260.55254,28,-0.07929,-0.22439,0.13283
20,0.02519,260.55254,29,-0.05055,-0.20109,0.09985
20,0.02519,260.55254,30,-0.04954,-0.21052,0.16289
20,0.02519,260.55254,31,-0.1421,-0.03099,0.09999
20,0.02519,260.55254,32,-0.20189,0.16517,0.06988
20,0.02519,260.55254,33,-0.23695,0.06194,0.07181
20,0.02519,260.55254,34,-0.2505,0.22215,0.07503
20,0.02519,260.55254,35,-0.36637,0.22165,0.07868
20,0.02519,260.55254,36,-0.39958,0.10661,0.08214
20,0.02519,260.55254,37,-0.37504,0.11164,0.08502
20,0.02519,260.55254,38,-0.41361,0.08639,0.06739
20,0.02519,260.55254,39,-0.25436,0.18814,0.21335
20,0.02519,260.55254,40,-0.26083,0.174,0.22277
20,0.02519,260.55254,41,-0.15021,0.21859,0.27107
20,0.02519,260.55254,42,-0.18067,0.20354,0.29729
20,0.02519,260.55254,43,-0.2329,0.18483,0.12662
20,0.02519,260.55254,44,-0.33094,0.10281,0.16407
20,0.02519,260.55254,45,-0.38617,0.15749,0.27642
20,0.02519,260.55254,46,-0.18841,0.08844,0.09998
20,0.02519,260.55254,47,-0.1298,0.01632,0.08633
20,0.02519,260.55254,48,-0.20022,0.09718,0.0844
20,0.02519,260.55254,49,-0.34088,0.07684,0.06818
20,0.02519,260.55254,50,-0.36577,0.04284,0.15946
20,0.02519,260.55254,51,-0.3929,0.10434,0.36831
20,0.02519,260.55254,52,-0.26595,0.06347,0.4041
20,0.02519,260.55254,53,-0.22005,0.02576,0.11279
20,0.02519,260.55254,54,-0.07374,0.11179,0.18866
20,0.02519,260.55254,55,-0.15075,0.04341,0.08259
20,0.02519,260.55254,56,-0.03131,0.07357,0.17582
